!MOLECULE
Si+ [SiII]
!MOLECULAR WEIGHT
28.0
!NUMBER OF ENERGY LEVELS
5
!LEVEL + ENERGIES(cm^-1) + WEIGHT + Qnum
   1         0.00     2.0  2_P_1/2
   2       287.24     4.0  2_P_3/2
   3     42824.29     2.0  4_P_1/2
   4     42932.62     4.0  4_P_3/2
   5     43107.91     6.0  4_P_5/2
!NUMBER OF RADIATIVE TRANSITIONS
6
!TRANS + UP + LOW + EINSTEINA(s^-1) + FREQ(GHz) + E_u(K) + Qnum_u + Qnum_l
    1     2     1   2.100E-04       8610.970     413.274  2_P_3/2  2_P_1/2
    2     3     1   5.510E+03    1283840.115   61614.525  4_P_1/2  2_P_1/2
    3     3     2   4.700E+03    1275229.085   61614.525  4_P_1/2  2_P_3/2
    4     4     1   2.350E+01    1287087.151   61770.387  4_P_3/2  2_P_1/2
    5     4     2   1.310E+03    1278476.272   61770.387  4_P_3/2  2_P_3/2
    6     5     2   2.440E+03    1283731.264   62022.590  4_P_5/2  2_P_3/2
!NUMBER OF COLL PARTNERS
4
!COLLISIONS BETWEEN
2 Si+ + p-H2 ! Flower & Launay (1977, J. Phys. B, 10, 3673) values for C+, scaled by the ratio of reduced masses (=0.958)
!NUMBER OF COLL TRANS
10
!NUMBER OF COLL TEMPS
17
!COLL TEMPS
                        10.0      20.0      30.0      40.0      50.0      60.0      70.0      80.0      90.0     100.0     120.0     140.0     160.0     180.0     200.0     220.0     250.0
!TRANS + UP + LOW + COLLRATES(cm^3 s^-1)
    1     2     1   2.85E-10  3.24E-10  3.42E-10  3.61E-10  3.77E-10  3.83E-10  3.92E-10  3.93E-10  4.09E-10  4.07E-10  4.15E-10  4.23E-10  4.31E-10  4.36E-10  4.38E-10  4.44E-10  4.49E-10
    2     3     1   0.00E+00  0.00E+00  0.00E+00  0.00E+00  0.00E+00  0.00E+00  0.00E+00  0.00E+00  0.00E+00  0.00E+00  0.00E+00  0.00E+00  0.00E+00  0.00E+00  0.00E+00  0.00E+00  0.00E+00
    3     3     2   0.00E+00  0.00E+00  0.00E+00  0.00E+00  0.00E+00  0.00E+00  0.00E+00  0.00E+00  0.00E+00  0.00E+00  0.00E+00  0.00E+00  0.00E+00  0.00E+00  0.00E+00  0.00E+00  0.00E+00
    4     4     1   0.00E+00  0.00E+00  0.00E+00  0.00E+00  0.00E+00  0.00E+00  0.00E+00  0.00E+00  0.00E+00  0.00E+00  0.00E+00  0.00E+00  0.00E+00  0.00E+00  0.00E+00  0.00E+00  0.00E+00
    5     4     2   0.00E+00  0.00E+00  0.00E+00  0.00E+00  0.00E+00  0.00E+00  0.00E+00  0.00E+00  0.00E+00  0.00E+00  0.00E+00  0.00E+00  0.00E+00  0.00E+00  0.00E+00  0.00E+00  0.00E+00
    6     4     3   0.00E+00  0.00E+00  0.00E+00  0.00E+00  0.00E+00  0.00E+00  0.00E+00  0.00E+00  0.00E+00  0.00E+00  0.00E+00  0.00E+00  0.00E+00  0.00E+00  0.00E+00  0.00E+00  0.00E+00
    7     5     1   0.00E+00  0.00E+00  0.00E+00  0.00E+00  0.00E+00  0.00E+00  0.00E+00  0.00E+00  0.00E+00  0.00E+00  0.00E+00  0.00E+00  0.00E+00  0.00E+00  0.00E+00  0.00E+00  0.00E+00
    8     5     2   0.00E+00  0.00E+00  0.00E+00  0.00E+00  0.00E+00  0.00E+00  0.00E+00  0.00E+00  0.00E+00  0.00E+00  0.00E+00  0.00E+00  0.00E+00  0.00E+00  0.00E+00  0.00E+00  0.00E+00
    9     5     3   0.00E+00  0.00E+00  0.00E+00  0.00E+00  0.00E+00  0.00E+00  0.00E+00  0.00E+00  0.00E+00  0.00E+00  0.00E+00  0.00E+00  0.00E+00  0.00E+00  0.00E+00  0.00E+00  0.00E+00
   10     5     4   0.00E+00  0.00E+00  0.00E+00  0.00E+00  0.00E+00  0.00E+00  0.00E+00  0.00E+00  0.00E+00  0.00E+00  0.00E+00  0.00E+00  0.00E+00  0.00E+00  0.00E+00  0.00E+00  0.00E+00
!COLLISIONS BETWEEN
3 Si+ + o-H2 ! Flower & Launay (1977, J. Phys. B, 10, 3673) values for C+, scaled by the ratio of reduced masses (=0.958)
!NUMBER OF COLL TRANS
10
!NUMBER OF COLL TEMPS
17
!COLL TEMPS
                        10.0      20.0      30.0      40.0      50.0      60.0      70.0      80.0      90.0     100.0     120.0     140.0     160.0     180.0     200.0     220.0     250.0
!TRANS + UP + LOW + COLLRATES(cm^3 s^-1)
    1     2     1   4.18E-10  4.37E-10  4.54E-10  4.47E-10  4.72E-10  4.70E-10  4.76E-10  4.88E-10  4.93E-10  4.93E-10  5.04E-10  5.11E-10  5.25E-10  5.31E-10  5.40E-10  5.47E-10  5.48E-10
    2     3     1   0.00E+00  0.00E+00  0.00E+00  0.00E+00  0.00E+00  0.00E+00  0.00E+00  0.00E+00  0.00E+00  0.00E+00  0.00E+00  0.00E+00  0.00E+00  0.00E+00  0.00E+00  0.00E+00  0.00E+00
    3     3     2   0.00E+00  0.00E+00  0.00E+00  0.00E+00  0.00E+00  0.00E+00  0.00E+00  0.00E+00  0.00E+00  0.00E+00  0.00E+00  0.00E+00  0.00E+00  0.00E+00  0.00E+00  0.00E+00  0.00E+00
    4     4     1   0.00E+00  0.00E+00  0.00E+00  0.00E+00  0.00E+00  0.00E+00  0.00E+00  0.00E+00  0.00E+00  0.00E+00  0.00E+00  0.00E+00  0.00E+00  0.00E+00  0.00E+00  0.00E+00  0.00E+00
    5     4     2   0.00E+00  0.00E+00  0.00E+00  0.00E+00  0.00E+00  0.00E+00  0.00E+00  0.00E+00  0.00E+00  0.00E+00  0.00E+00  0.00E+00  0.00E+00  0.00E+00  0.00E+00  0.00E+00  0.00E+00
    6     4     3   0.00E+00  0.00E+00  0.00E+00  0.00E+00  0.00E+00  0.00E+00  0.00E+00  0.00E+00  0.00E+00  0.00E+00  0.00E+00  0.00E+00  0.00E+00  0.00E+00  0.00E+00  0.00E+00  0.00E+00
    7     5     1   0.00E+00  0.00E+00  0.00E+00  0.00E+00  0.00E+00  0.00E+00  0.00E+00  0.00E+00  0.00E+00  0.00E+00  0.00E+00  0.00E+00  0.00E+00  0.00E+00  0.00E+00  0.00E+00  0.00E+00
    8     5     2   0.00E+00  0.00E+00  0.00E+00  0.00E+00  0.00E+00  0.00E+00  0.00E+00  0.00E+00  0.00E+00  0.00E+00  0.00E+00  0.00E+00  0.00E+00  0.00E+00  0.00E+00  0.00E+00  0.00E+00
    9     5     3   0.00E+00  0.00E+00  0.00E+00  0.00E+00  0.00E+00  0.00E+00  0.00E+00  0.00E+00  0.00E+00  0.00E+00  0.00E+00  0.00E+00  0.00E+00  0.00E+00  0.00E+00  0.00E+00  0.00E+00
   10     5     4   0.00E+00  0.00E+00  0.00E+00  0.00E+00  0.00E+00  0.00E+00  0.00E+00  0.00E+00  0.00E+00  0.00E+00  0.00E+00  0.00E+00  0.00E+00  0.00E+00  0.00E+00  0.00E+00  0.00E+00
!COLLISIONS BETWEEN
4 Si+ + e ! Tayal (2008, ApJS, 179, 534)
!NUMBER OF COLL TRANS
10
!NUMBER OF COLL TEMPS
8
!COLL TEMPS
                      2511.9    3981.1    6309.6   10000.0   12589.3   15848.9   19952.6   25118.9
!TRANS + UP + LOW + COLLRATES(cm^3 s^-1)
    1     2     1   2.72E-07  2.13E-07  1.67E-07  1.31E-07  1.17E-07  1.03E-07  9.12E-08  8.02E-08
    2     3     1   4.01E-08  3.46E-08  2.81E-08  2.22E-08  1.96E-08  1.74E-08  1.53E-08  1.35E-08
    3     3     2   4.88E-10  1.33E-08  1.59E-08  1.49E-08  1.39E-08  1.29E-08  1.17E-08  1.06E-08
    4     4     1   3.50E-08  2.80E-08  2.19E-08  1.70E-08  1.50E-08  1.33E-08  1.17E-08  1.04E-08
    5     4     2   3.55E-08  3.33E-08  2.82E-08  2.31E-08  2.08E-08  1.85E-08  1.65E-08  1.47E-08
    6     4     3   1.09E-07  1.02E-07  8.69E-08  7.08E-08  6.31E-08  5.60E-08  4.95E-08  4.36E-08
    7     5     1   1.84E-08  1.42E-08  1.10E-08  8.56E-09  7.59E-09  6.75E-09  6.00E-09  5.31E-09
    8     5     2   7.55E-08  5.72E-08  4.36E-08  3.34E-08  2.94E-08  2.58E-08  2.27E-08  1.99E-08
    9     5     3   7.63E-08  6.15E-08  4.85E-08  3.75E-08  3.27E-08  2.83E-08  2.45E-08  2.12E-08
   10     5     4   2.01E-07  1.63E-07  1.30E-07  1.02E-07  8.93E-08  7.84E-08  6.84E-08  5.95E-08
!COLLISIONS BETWEEN
5 Si+ + H ! Barinovs et al. (2005, ApJ, 620, 537)
!NUMBER OF COLL TRANS
10
!NUMBER OF COLL TEMPS
17
!COLL TEMPS
                        20.0      40.0      60.0      80.0     100.0     120.0     140.0     160.0     180.0     200.0     300.0     400.0     600.0     800.0    1000.0    1500.0    2000.0
!TRANS + UP + LOW + COLLRATES(cm^3 s^-1)
    1     2     1   4.52E-10  4.83E-10  5.04E-10  5.22E-10  5.39E-10  5.55E-10  5.70E-10  5.84E-10  5.98E-10  6.10E-10  6.66E-10  7.12E-10  7.91E-10  8.58E-10  9.17E-10  1.05E-09  1.17E-09
    2     3     1   0.00E+00  0.00E+00  0.00E+00  0.00E+00  0.00E+00  0.00E+00  0.00E+00  0.00E+00  0.00E+00  0.00E+00  0.00E+00  0.00E+00  0.00E+00  0.00E+00  0.00E+00  0.00E+00  0.00E+00
    3     3     2   0.00E+00  0.00E+00  0.00E+00  0.00E+00  0.00E+00  0.00E+00  0.00E+00  0.00E+00  0.00E+00  0.00E+00  0.00E+00  0.00E+00  0.00E+00  0.00E+00  0.00E+00  0.00E+00  0.00E+00
    4     4     1   0.00E+00  0.00E+00  0.00E+00  0.00E+00  0.00E+00  0.00E+00  0.00E+00  0.00E+00  0.00E+00  0.00E+00  0.00E+00  0.00E+00  0.00E+00  0.00E+00  0.00E+00  0.00E+00  0.00E+00
    5     4     2   0.00E+00  0.00E+00  0.00E+00  0.00E+00  0.00E+00  0.00E+00  0.00E+00  0.00E+00  0.00E+00  0.00E+00  0.00E+00  0.00E+00  0.00E+00  0.00E+00  0.00E+00  0.00E+00  0.00E+00
    6     4     3   0.00E+00  0.00E+00  0.00E+00  0.00E+00  0.00E+00  0.00E+00  0.00E+00  0.00E+00  0.00E+00  0.00E+00  0.00E+00  0.00E+00  0.00E+00  0.00E+00  0.00E+00  0.00E+00  0.00E+00
    7     5     1   0.00E+00  0.00E+00  0.00E+00  0.00E+00  0.00E+00  0.00E+00  0.00E+00  0.00E+00  0.00E+00  0.00E+00  0.00E+00  0.00E+00  0.00E+00  0.00E+00  0.00E+00  0.00E+00  0.00E+00
    8     5     2   0.00E+00  0.00E+00  0.00E+00  0.00E+00  0.00E+00  0.00E+00  0.00E+00  0.00E+00  0.00E+00  0.00E+00  0.00E+00  0.00E+00  0.00E+00  0.00E+00  0.00E+00  0.00E+00  0.00E+00
    9     5     3   0.00E+00  0.00E+00  0.00E+00  0.00E+00  0.00E+00  0.00E+00  0.00E+00  0.00E+00  0.00E+00  0.00E+00  0.00E+00  0.00E+00  0.00E+00  0.00E+00  0.00E+00  0.00E+00  0.00E+00
   10     5     4   0.00E+00  0.00E+00  0.00E+00  0.00E+00  0.00E+00  0.00E+00  0.00E+00  0.00E+00  0.00E+00  0.00E+00  0.00E+00  0.00E+00  0.00E+00  0.00E+00  0.00E+00  0.00E+00  0.00E+00
! NOTES:
! A-values and transition frequencies are taken from the CDMS and NIST databases.
