  5.000D+04  1.0020D+02  1.548D-06  1.552D-08  6.622D-17  3.205D-09
  1.000D+05  1.0032D+02  2.536D-06  1.661D-08  1.089D-16  3.229D-09
  1.500D+05  1.0048D+02  3.262D-06  1.674D-08  1.409D-16  3.224D-09
  2.000D+05  1.0067D+02  3.842D-06  1.677D-08  1.671D-16  3.223D-09
  2.500D+05  1.0090D+02  4.324D-06  1.680D-08  1.893D-16  3.227D-09
  3.000D+05  1.0116D+02  4.732D-06  1.684D-08  2.085D-16  3.234D-09
  3.500D+05  1.0145D+02  5.085D-06  1.688D-08  2.257D-16  3.243D-09
  4.000D+05  1.0177D+02  5.394D-06  1.693D-08  2.411D-16  3.254D-09
  4.500D+05  1.0213D+02  5.668D-06  1.699D-08  2.553D-16  3.265D-09
  5.000D+05  1.0252D+02  5.916D-06  1.705D-08  2.685D-16  3.278D-09
  5.500D+05  1.0295D+02  6.142D-06  1.711D-08  2.810D-16  3.291D-09
  6.000D+05  1.0341D+02  6.352D-06  1.718D-08  2.930D-16  3.306D-09
  6.500D+05  1.0391D+02  6.548D-06  1.725D-08  3.046D-16  3.322D-09
  7.000D+05  1.0445D+02  6.735D-06  1.733D-08  3.161D-16  3.338D-09
  7.500D+05  1.0503D+02  6.915D-06  1.741D-08  3.274D-16  3.356D-09
  8.000D+05  1.0564D+02  7.090D-06  1.749D-08  3.389D-16  3.375D-09
  8.500D+05  1.0630D+02  7.262D-06  1.758D-08  3.504D-16  3.396D-09
  9.000D+05  1.0700D+02  7.432D-06  1.767D-08  3.622D-16  3.417D-09
  9.500D+05  1.0774D+02  7.602D-06  1.777D-08  3.742D-16  3.439D-09
  1.000D+06  1.0852D+02  7.774D-06  1.787D-08  3.867D-16  3.463D-09
  1.050D+06  1.0935D+02  7.948D-06  1.797D-08  3.996D-16  3.488D-09
  1.100D+06  1.1022D+02  8.125D-06  1.809D-08  4.130D-16  3.515D-09
  1.150D+06  1.1115D+02  8.306D-06  1.820D-08  4.271D-16  3.542D-09
  1.200D+06  1.1212D+02  8.493D-06  1.833D-08  4.418D-16  3.571D-09
  1.250D+06  1.1314D+02  8.685D-06  1.845D-08  4.573D-16  3.601D-09
  1.300D+06  1.1422D+02  8.885D-06  1.859D-08  4.736D-16  3.633D-09
  1.350D+06  1.1535D+02  9.091D-06  1.873D-08  4.909D-16  3.666D-09
  1.400D+06  1.1654D+02  9.307D-06  1.888D-08  5.091D-16  3.701D-09
  1.450D+06  1.1779D+02  9.531D-06  1.903D-08  5.285D-16  3.738D-09
  1.500D+06  1.1910D+02  9.765D-06  1.919D-08  5.490D-16  3.776D-09
  1.550D+06  1.2047D+02  1.001D-05  1.936D-08  5.708D-16  3.815D-09
  1.600D+06  1.2191D+02  1.027D-05  1.953D-08  5.941D-16  3.857D-09
  1.650D+06  1.2343D+02  1.053D-05  1.972D-08  6.189D-16  3.900D-09
  1.700D+06  1.2501D+02  1.081D-05  1.991D-08  6.453D-16  3.945D-09
  1.750D+06  1.2667D+02  1.111D-05  2.011D-08  6.736D-16  3.993D-09
  1.800D+06  1.2842D+02  1.142D-05  2.032D-08  7.039D-16  4.042D-09
  1.850D+06  1.3024D+02  1.175D-05  2.054D-08  7.363D-16  4.094D-09
  1.900D+06  1.3216D+02  1.209D-05  2.076D-08  7.710D-16  4.147D-09
  1.950D+06  1.3417D+02  1.245D-05  2.100D-08  8.084D-16  4.204D-09
  2.000D+06  1.3628D+02  1.283D-05  2.126D-08  8.485D-16  4.262D-09
  2.050D+06  1.3849D+02  1.323D-05  2.152D-08  8.917D-16  4.324D-09
  2.100D+06  1.4081D+02  1.365D-05  2.179D-08  9.383D-16  4.388D-09
  2.150D+06  1.4324D+02  1.410D-05  2.208D-08  9.886D-16  4.455D-09
  2.200D+06  1.4580D+02  1.457D-05  2.239D-08  1.043D-15  4.525D-09
  2.250D+06  1.4848D+02  1.507D-05  2.270D-08  1.102D-15  4.599D-09
  2.300D+06  1.5130D+02  1.560D-05  2.304D-08  1.166D-15  4.675D-09
  2.350D+06  1.5426D+02  1.616D-05  2.339D-08  1.235D-15  4.756D-09
  2.400D+06  1.5738D+02  1.675D-05  2.376D-08  1.310D-15  4.840D-09
  2.450D+06  1.6066D+02  1.738D-05  2.415D-08  1.392D-15  4.928D-09
  2.500D+06  1.6412D+02  1.804D-05  2.456D-08  1.481D-15  5.021D-09
  2.550D+06  1.6775D+02  1.875D-05  2.499D-08  1.579D-15  5.118D-09
  2.600D+06  1.7159D+02  1.950D-05  2.545D-08  1.685D-15  5.220D-09
  2.650D+06  1.7564D+02  2.029D-05  2.593D-08  1.802D-15  5.327D-09
  2.700D+06  1.7991D+02  2.114D-05  2.645D-08  1.930D-15  5.440D-09
  2.750D+06  1.8442D+02  2.204D-05  2.699D-08  2.072D-15  5.558D-09
  2.800D+06  1.8920D+02  2.300D-05  2.757D-08  2.227D-15  5.683D-09
  2.850D+06  1.9426D+02  2.402D-05  2.818D-08  2.399D-15  5.814D-09
  2.900D+06  1.9961D+02  2.511D-05  2.883D-08  2.589D-15  5.952D-09
  2.950D+06  2.0528D+02  2.628D-05  2.952D-08  2.801D-15  6.099D-09
  3.000D+06  2.1132D+02  2.752D-05  3.027D-08  3.035D-15  6.253D-09
  3.050D+06  2.1773D+02  2.884D-05  3.106D-08  3.297D-15  6.416D-09
  3.100D+06  2.2454D+02  3.025D-05  3.191D-08  3.590D-15  6.589D-09
  3.150D+06  2.3180D+02  3.176D-05  3.283D-08  3.918D-15  6.772D-09
  3.200D+06  2.3956D+02  3.338D-05  3.381D-08  4.288D-15  6.966D-09
  3.250D+06  2.4784D+02  3.510D-05  3.487D-08  4.706D-15  7.172D-09
  3.300D+06  2.5670D+02  3.695D-05  3.602D-08  5.179D-15  7.391D-09
  3.350D+06  2.6619D+02  3.893D-05  3.727D-08  5.720D-15  7.624D-09
  3.400D+06  2.7640D+02  4.104D-05  3.862D-08  6.339D-15  7.873D-09
  3.450D+06  2.8735D+02  4.330D-05  4.010D-08  7.054D-15  8.139D-09
  3.500D+06  2.9917D+02  4.573D-05  4.173D-08  7.885D-15  8.423D-09
  3.550D+06  3.1191D+02  4.832D-05  4.351D-08  8.861D-15  8.727D-09
  3.600D+06  3.2570D+02  5.109D-05  4.548D-08  1.002D-14  9.053D-09
  3.650D+06  3.4066D+02  5.406D-05  4.767D-08  1.142D-14  9.404D-09
  3.700D+06  3.5690D+02  5.724D-05  5.010D-08  1.315D-14  9.782D-09
  3.750D+06  3.7459D+02  6.064D-05  5.284D-08  1.532D-14  1.019D-08
  3.800D+06  3.9391D+02  6.427D-05  5.593D-08  1.817D-14  1.063D-08
  3.850D+06  4.1508D+02  6.814D-05  5.944D-08  2.208D-14  1.111D-08
  3.900D+06  4.3831D+02  7.229D-05  6.347D-08  2.783D-14  1.163D-08
  3.950D+06  4.6393D+02  7.671D-05  6.812D-08  3.725D-14  1.220D-08
  4.000D+06  4.9225D+02  8.142D-05  7.355D-08  5.582D-14  1.282D-08
  4.050D+06  5.2373D+02  8.644D-05  7.994D-08  1.095D-13  1.350D-08
  4.100D+06  5.5878D+02  9.179D-05  8.754D-08  7.861D-13  1.426D-08
  4.150D+06  5.9803D+02  9.594D-05  9.545D-08  3.032D-11  1.505D-08
  4.200D+06  6.4218D+02  9.945D-05  1.057D-07  3.098D-11  1.594D-08
  4.250D+06  6.9209D+02  1.030D-04  1.179D-07  3.161D-11  1.690D-08
  4.300D+06  7.4885D+02  1.066D-04  1.328D-07  3.225D-11  1.797D-08
  4.350D+06  8.1376D+02  1.103D-04  1.512D-07  3.288D-11  1.918D-08
  4.400D+06  8.8850D+02  1.138D-04  1.738D-07  3.350D-11  2.056D-08
  4.450D+06  9.7524D+02  1.173D-04  2.014D-07  3.411D-11  2.215D-08
  4.500D+06  1.0766D+03  1.206D-04  2.347D-07  3.470D-11  2.400D-08
  4.550D+06  1.1964D+03  1.236D-04  2.743D-07  3.525D-11  2.616D-08
  4.600D+06  1.3393D+03  1.262D-04  3.206D-07  3.577D-11  2.873D-08
  4.650D+06  1.5116D+03  1.285D-04  3.742D-07  3.622D-11  3.177D-08
  4.700D+06  1.7225D+03  1.300D-04  4.354D-07  3.659D-11  3.533D-08
  4.750D+06  1.9841D+03  1.307D-04  5.049D-07  3.685D-11  3.945D-08
  4.800D+06  2.3148D+03  1.302D-04  5.834D-07  3.692D-11  4.405D-08
  4.850D+06  2.7418D+03  1.279D-04  6.714D-07  3.672D-11  4.896D-08
  4.900D+06  3.3060D+03  1.228D-04  7.689D-07  3.611D-11  5.394D-08
  4.950D+06  4.0755D+03  1.141D-04  8.752D-07  3.489D-11  5.873D-08
  5.000D+06  5.1632D+03  1.005D-04  9.898D-07  3.278D-11  6.328D-08
  5.100D+06  9.3201D+03  5.776D-05  1.263D-06  2.473D-11  7.368D-08
  5.200D+06  2.2157D+04  1.156D-05  1.622D-06  1.059D-11  9.774D-08
  5.300D+06  1.1046D+05  1.089D-07  4.785D-07  5.153D-13  6.742D-08
  5.400D+06  1.0000D+06  3.198D-09  2.076D-08  1.928D-14  4.062D-09
  5.500D+06  1.0000D+06  3.176D-09  2.077D-08  1.940D-14  4.120D-09
  5.600D+06  1.0000D+06  3.153D-09  2.077D-08  1.952D-14  4.177D-09
  5.700D+06  1.0000D+06  3.131D-09  2.078D-08  1.963D-14  4.234D-09
  5.800D+06  1.0000D+06  3.109D-09  2.078D-08  1.975D-14  4.292D-09
  5.900D+06  1.0000D+06  3.087D-09  2.079D-08  1.987D-14  4.348D-09
  6.000D+06  1.0000D+06  3.065D-09  2.079D-08  1.998D-14  4.405D-09
  6.100D+06  1.0000D+06  3.043D-09  2.079D-08  2.010D-14  4.461D-09
  6.200D+06  1.0000D+06  3.022D-09  2.080D-08  2.022D-14  4.517D-09
  6.300D+06  1.0000D+06  3.000D-09  2.080D-08  2.034D-14  4.573D-09
  6.400D+06  1.0000D+06  2.979D-09  2.081D-08  2.046D-14  4.628D-09
  6.500D+06  1.0000D+06  2.958D-09  2.081D-08  2.058D-14  4.683D-09
  6.600D+06  1.0000D+06  2.937D-09  2.082D-08  2.071D-14  4.738D-09
  6.700D+06  1.0000D+06  2.916D-09  2.082D-08  2.083D-14  4.793D-09
  6.800D+06  1.0000D+06  2.896D-09  2.083D-08  2.095D-14  4.847D-09
  6.900D+06  1.0000D+06  2.875D-09  2.083D-08  2.107D-14  4.901D-09
  7.000D+06  1.0000D+06  2.855D-09  2.084D-08  2.120D-14  4.955D-09
  7.100D+06  1.0000D+06  2.835D-09  2.084D-08  2.132D-14  5.008D-09
  7.200D+06  1.0000D+06  2.815D-09  2.084D-08  2.145D-14  5.062D-09
  7.300D+06  1.0000D+06  2.795D-09  2.085D-08  2.157D-14  5.115D-09
  7.400D+06  1.0000D+06  2.775D-09  2.085D-08  2.170D-14  5.167D-09
  7.500D+06  1.0000D+06  2.756D-09  2.086D-08  2.182D-14  5.220D-09
  7.600D+06  1.0000D+06  2.736D-09  2.086D-08  2.195D-14  5.272D-09
  7.700D+06  1.0000D+06  2.717D-09  2.087D-08  2.208D-14  5.324D-09
  7.800D+06  1.0000D+06  2.698D-09  2.087D-08  2.221D-14  5.376D-09
  7.900D+06  1.0000D+06  2.679D-09  2.087D-08  2.234D-14  5.427D-09
  8.000D+06  1.0000D+06  2.660D-09  2.088D-08  2.246D-14  5.478D-09
  8.100D+06  1.0000D+06  2.641D-09  2.088D-08  2.259D-14  5.529D-09
  8.200D+06  1.0000D+06  2.623D-09  2.089D-08  2.272D-14  5.580D-09
  8.300D+06  1.0000D+06  2.604D-09  2.089D-08  2.286D-14  5.630D-09
  8.400D+06  1.0000D+06  2.586D-09  2.090D-08  2.299D-14  5.681D-09
  8.500D+06  1.0000D+06  2.568D-09  2.090D-08  2.312D-14  5.731D-09
  8.600D+06  1.0000D+06  2.550D-09  2.090D-08  2.325D-14  5.780D-09
  8.700D+06  1.0000D+06  2.532D-09  2.091D-08  2.338D-14  5.830D-09
  8.800D+06  1.0000D+06  2.514D-09  2.091D-08  2.352D-14  5.879D-09
  8.900D+06  1.0000D+06  2.496D-09  2.092D-08  2.365D-14  5.928D-09
  9.000D+06  1.0000D+06  2.479D-09  2.092D-08  2.378D-14  5.976D-09
  9.100D+06  1.0000D+06  2.461D-09  2.092D-08  2.392D-14  6.025D-09
  9.200D+06  1.0000D+06  2.444D-09  2.093D-08  2.405D-14  6.073D-09
  9.300D+06  1.0000D+06  2.427D-09  2.093D-08  2.419D-14  6.121D-09
  9.400D+06  1.0000D+06  2.410D-09  2.094D-08  2.433D-14  6.169D-09
  9.500D+06  1.0000D+06  2.393D-09  2.094D-08  2.446D-14  6.216D-09
  9.600D+06  1.0000D+06  2.377D-09  2.094D-08  2.460D-14  6.264D-09
  9.700D+06  1.0000D+06  2.360D-09  2.095D-08  2.474D-14  6.311D-09
  9.800D+06  1.0000D+06  2.343D-09  2.095D-08  2.488D-14  6.357D-09
  9.900D+06  1.0000D+06  2.327D-09  2.096D-08  2.501D-14  6.404D-09
  1.000D+07  1.0000D+06  2.311D-09  2.096D-08  2.515D-14  6.450D-09
