        2399 #SI       #S        
   4.3188973452288437E-013   155264749.84211820        92702480.485717312     
   2700.0000000000000        1100.0000000000000        4318897345228.8442     
 ********************************
        2702 #C2H4     #O        
   4.2207246692994167E-009   176448089.15488580        111803398.14777009     
   3487.0000000000000        800.00000000000000        78.083406382039229     
 ********************************
        2703 #CH3      #HCO      
   6.8716853720858093E-014   139940462.62098673        117444043.13903202     
   1175.0000000000000        1600.0000000000000        6.8716853720858105E-004
 ********************************
        2704 #CH3OH    #CO       
   1.0533669400249451E-013   207928772.51012787        101330434.76312365     
   5534.0000000000000        1150.0000000000000        6.5308750281546607E-006
 ********************************
        2705 #CH3OH    #HCO      
   1.6737671234499112E-019   207928772.51012787        117444043.13903202     
   5534.0000000000000        1600.0000000000000        5.0213013703497344E-011
 ********************************
        2706 #HCO      #HCO      
   3.3475342468998223E-019   117444043.13903202        117444043.13903202     
   1600.0000000000000        1600.0000000000000        3347534.2468998227     
 ********************************
        2818 #CH2OH    #HCO      
   1.6737671234499112E-019   202484565.99611554        117444043.13903202     
   5084.0000000000000        1600.0000000000000        1.6737671234499113E-004
 ********************************
        2819 #CH2OH    #CH2OH    
   2.3378944939179389E-064   202484565.99611554        202484565.99611554     
   5084.0000000000000        5084.0000000000000        2.3378944939179393E-049
 ********************************
        2841 #CH2OH    #CH3      
   6.8716686344145745E-014   202484565.99611554        139940462.62098673     
   5084.0000000000000        1175.0000000000000        68.716686344145756     
 ********************************
        2842 #OH       #C2H5     
   1.5100394432329648E-035   204723628.73067820        184227182.38874617     
   2850.0000000000000        3937.0000000000000        1.5100394432329651E-020
 ********************************
        2843 #CO       #HS       
   1.0535013979231080E-013   101330434.76312365        104808627.23052780     
   1150.0000000000000        1450.0000000000000        1.4219088526736857E-035
 ********************************
        2844 #CS       #O        
   4.2207246692994349E-009   103901176.14838438        111803398.14777009     
   1900.0000000000000        800.00000000000000        0.0000000000000000     
 ********************************
        2845 #CS2      #O        
   4.2207246692994167E-009   92034746.844067648        111803398.14777009     
   2575.0000000000000        800.00000000000000        2.7012637883516265E-006
 ********************************
        2875 #H3CO     #CH3      
   6.8716686344145745E-014   141990457.63819665        139940462.62098673     
   2500.0000000000000        1175.0000000000000        68.716686344145756     
 ********************************
        2886 #H3CO     #HCO      
   1.6737671234537144E-019   141990457.63819665        117444043.13903202     
   2500.0000000000000        1600.0000000000000        1.6737671234537147E-004
 ********************************
        2399 #SI       #S        
   4.3188974703894650E-013   155264749.84211820        92702480.485717312     
   2700.0000000000000        1100.0000000000000        4318897470389.4653     
 ********************************
        2702 #C2H4     #O        
   4.2207247582562114E-009   176448089.15488580        111803398.14777009     
   3487.0000000000000        800.00000000000000        78.083408027739921     
 ********************************
        2703 #CH3      #HCO      
   6.8716855848035155E-014   139940462.62098673        117444043.13903202     
   1175.0000000000000        1600.0000000000000        6.8716855848035164E-004
 ********************************
        2704 #CH3OH    #CO       
   1.0533669719388287E-013   207928772.51012787        101330434.76312365     
   5534.0000000000000        1150.0000000000000        6.5308752260207389E-006
 ********************************
        2705 #CH3OH    #HCO      
   1.6737671940031791E-019   207928772.51012787        117444043.13903202     
   5534.0000000000000        1600.0000000000000        5.0213015820095380E-011
 ********************************
        2706 #HCO      #HCO      
   3.3475343880063581E-019   117444043.13903202        117444043.13903202     
   1600.0000000000000        1600.0000000000000        3347534.3880063584     
 ********************************
        2818 #CH2OH    #HCO      
   1.6737671940031791E-019   202484565.99611554        117444043.13903202     
   5084.0000000000000        1600.0000000000000        1.6737671940031791E-004
 ********************************
        2819 #CH2OH    #CH2OH    
   2.3378948070536352E-064   202484565.99611554        202484565.99611554     
   5084.0000000000000        5084.0000000000000        2.3378948070536354E-049
 ********************************
        2841 #CH2OH    #CH3      
   6.8716688471315752E-014   202484565.99611554        139940462.62098673     
   5084.0000000000000        1175.0000000000000        68.716688471315763     
 ********************************
        2842 #OH       #C2H5     
   1.5100395566126463E-035   204723628.73067820        184227182.38874617     
   2850.0000000000000        3937.0000000000000        1.5100395566126466E-020
 ********************************
        2843 #CO       #HS       
   1.0535014298421280E-013   101330434.76312365        104808627.23052780     
   1150.0000000000000        1450.0000000000000        1.4219089995203689E-035
 ********************************
        2844 #CS       #O        
   4.2207247582562296E-009   103901176.14838438        111803398.14777009     
   1900.0000000000000        800.00000000000000        0.0000000000000000     
 ********************************
        2845 #CS2      #O        
   4.2207247582562114E-009   92034746.844067648        111803398.14777009     
   2575.0000000000000        800.00000000000000        2.7012638452839753E-006
 ********************************
        2875 #H3CO     #CH3      
   6.8716688471315752E-014   141990457.63819665        139940462.62098673     
   2500.0000000000000        1175.0000000000000        68.716688471315763     
 ********************************
        2886 #H3CO     #HCO      
   1.6737671940069825E-019   141990457.63819665        117444043.13903202     
   2500.0000000000000        1600.0000000000000        1.6737671940069828E-004
 ********************************
        2399 #SI       #S        
   4.3188975383198098E-013   155264749.84211820        92702480.485717312     
   2700.0000000000000        1100.0000000000000        4318897538319.8101     
 ********************************
        2702 #C2H4     #O        
   4.2207248065370936E-009   176448089.15488580        111803398.14777009     
   3487.0000000000000        800.00000000000000        78.083408920936250     
 ********************************
        2703 #CH3      #HCO      
   6.8716857002550748E-014   139940462.62098673        117444043.13903202     
   1175.0000000000000        1600.0000000000000        6.8716857002550764E-004
 ********************************
        2704 #CH3OH    #CO       
   1.0533669892599367E-013   207928772.51012787        101330434.76312365     
   5534.0000000000000        1150.0000000000000        6.5308753334116078E-006
 ********************************
        2705 #CH3OH    #HCO      
   1.6737672322956340E-019   207928772.51012787        117444043.13903202     
   5534.0000000000000        1600.0000000000000        5.0213016968869029E-011
 ********************************
        2706 #HCO      #HCO      
   3.3475344645912681E-019   117444043.13903202        117444043.13903202     
   1600.0000000000000        1600.0000000000000        3347534.4645912685     
 ********************************
        2818 #CH2OH    #HCO      
   1.6737672322956340E-019   202484565.99611554        117444043.13903202     
   5084.0000000000000        1600.0000000000000        1.6737672322956343E-004
 ********************************
        2819 #CH2OH    #CH2OH    
   2.3378949770065764E-064   202484565.99611554        202484565.99611554     
   5084.0000000000000        5084.0000000000000        2.3378949770065767E-049
 ********************************
        2841 #CH2OH    #CH3      
   6.8716689625827507E-014   202484565.99611554        139940462.62098673     
   5084.0000000000000        1175.0000000000000        68.716689625827513     
 ********************************
        2842 #OH       #C2H5     
   1.5100396181489628E-035   204723628.73067820        184227182.38874617     
   2850.0000000000000        3937.0000000000000        1.5100396181489632E-020
 ********************************
        2843 #CO       #HS       
   1.0535014471660237E-013   101330434.76312365        104808627.23052780     
   1150.0000000000000        1450.0000000000000        1.4219090792207431E-035
 ********************************
        2844 #CS       #O        
   4.2207248065371118E-009   103901176.14838438        111803398.14777009     
   1900.0000000000000        800.00000000000000        0.0000000000000000     
 ********************************
        2845 #CS2      #O        
   4.2207248065370936E-009   92034746.844067648        111803398.14777009     
   2575.0000000000000        800.00000000000000        2.7012638761837398E-006
 ********************************
        2875 #H3CO     #CH3      
   6.8716689625827507E-014   141990457.63819665        139940462.62098673     
   2500.0000000000000        1175.0000000000000        68.716689625827513     
 ********************************
        2886 #H3CO     #HCO      
   1.6737672322994375E-019   141990457.63819665        117444043.13903202     
   2500.0000000000000        1600.0000000000000        1.6737672322994377E-004
 ********************************
        2399 #SI       #S        
   4.3188975940612803E-013   155264749.84211820        92702480.485717312     
   2700.0000000000000        1100.0000000000000        4318897594061.2808     
 ********************************
        2702 #C2H4     #O        
   4.2207248461548685E-009   176448089.15488580        111803398.14777009     
   3487.0000000000000        800.00000000000000        78.083409653865090     
 ********************************
        2703 #CH3      #HCO      
   6.8716857949909498E-014   139940462.62098673        117444043.13903202     
   1175.0000000000000        1600.0000000000000        6.8716857949909513E-004
 ********************************
        2704 #CH3OH    #CO       
   1.0533670034730930E-013   207928772.51012787        101330434.76312365     
   5534.0000000000000        1150.0000000000000        6.5308754215331777E-006
 ********************************
        2705 #CH3OH    #HCO      
   1.6737672637172208E-019   207928772.51012787        117444043.13903202     
   5534.0000000000000        1600.0000000000000        5.0213017911516636E-011
 ********************************
        2706 #HCO      #HCO      
   3.3475345274344416E-019   117444043.13903202        117444043.13903202     
   1600.0000000000000        1600.0000000000000        3347534.5274344417     
 ********************************
        2818 #CH2OH    #HCO      
   1.6737672637172208E-019   202484565.99611554        117444043.13903202     
   5084.0000000000000        1600.0000000000000        1.6737672637172211E-004
 ********************************
        2819 #CH2OH    #CH2OH    
   2.3378951164646211E-064   202484565.99611554        202484565.99611554     
   5084.0000000000000        5084.0000000000000        2.3378951164646214E-049
 ********************************
        2841 #CH2OH    #CH3      
   6.8716690573183127E-014   202484565.99611554        139940462.62098673     
   5084.0000000000000        1175.0000000000000        68.716690573183129     
 ********************************
        2842 #OH       #C2H5     
   1.5100396686437056E-035   204723628.73067820        184227182.38874617     
   2850.0000000000000        3937.0000000000000        1.5100396686437058E-020
 ********************************
        2843 #CO       #HS       
   1.0535014613814675E-013   101330434.76312365        104808627.23052780     
   1150.0000000000000        1450.0000000000000        1.4219091446203357E-035
 ********************************
        2844 #CS       #O        
   4.2207248461548867E-009   103901176.14838438        111803398.14777009     
   1900.0000000000000        800.00000000000000        0.0000000000000000     
 ********************************
        2845 #CS2      #O        
   4.2207248461548685E-009   92034746.844067648        111803398.14777009     
   2575.0000000000000        800.00000000000000        2.7012639015391158E-006
 ********************************
        2875 #H3CO     #CH3      
   6.8716690573183127E-014   141990457.63819665        139940462.62098673     
   2500.0000000000000        1175.0000000000000        68.716690573183129     
 ********************************
        2886 #H3CO     #HCO      
   1.6737672637210243E-019   141990457.63819665        117444043.13903202     
   2500.0000000000000        1600.0000000000000        1.6737672637210245E-004
 ********************************
        2399 #SI       #S        
   4.3188976431190516E-013   155264749.84211820        92702480.485717312     
   2700.0000000000000        1100.0000000000000        4318897643119.0518     
 ********************************
        2702 #C2H4     #O        
   4.2207248810222204E-009   176448089.15488580        111803398.14777009     
   3487.0000000000000        800.00000000000000        78.083410298911090     
 ********************************
        2703 #CH3      #HCO      
   6.8716858783674372E-014   139940462.62098673        117444043.13903202     
   1175.0000000000000        1600.0000000000000        6.8716858783674385E-004
 ********************************
        2704 #CH3OH    #CO       
   1.0533670159820084E-013   207928772.51012787        101330434.76312365     
   5534.0000000000000        1150.0000000000000        6.5308754990884529E-006
 ********************************
        2705 #CH3OH    #HCO      
   1.6737672913711587E-019   207928772.51012787        117444043.13903202     
   5534.0000000000000        1600.0000000000000        5.0213018741134769E-011
 ********************************
        2706 #HCO      #HCO      
   3.3475345827423175E-019   117444043.13903202        117444043.13903202     
   1600.0000000000000        1600.0000000000000        3347534.5827423176     
 ********************************
        2818 #CH2OH    #HCO      
   1.6737672913711587E-019   202484565.99611554        117444043.13903202     
   5084.0000000000000        1600.0000000000000        1.6737672913711590E-004
 ********************************
        2819 #CH2OH    #CH2OH    
   2.3378952392008265E-064   202484565.99611554        202484565.99611554     
   5084.0000000000000        5084.0000000000000        2.3378952392008266E-049
 ********************************
        2841 #CH2OH    #CH3      
   6.8716691406945238E-014   202484565.99611554        139940462.62098673     
   5084.0000000000000        1175.0000000000000        68.716691406945245     
 ********************************
        2842 #OH       #C2H5     
   1.5100397130838275E-035   204723628.73067820        184227182.38874617     
   2850.0000000000000        3937.0000000000000        1.5100397130838276E-020
 ********************************
        2843 #CO       #HS       
   1.0535014738923961E-013   101330434.76312365        104808627.23052780     
   1150.0000000000000        1450.0000000000000        1.4219092021781492E-035
 ********************************
        2844 #CS       #O        
   4.2207248810222386E-009   103901176.14838438        111803398.14777009     
   1900.0000000000000        800.00000000000000        0.0000000000000000     
 ********************************
        2845 #CS2      #O        
   4.2207248810222204E-009   92034746.844067648        111803398.14777009     
   2575.0000000000000        800.00000000000000        2.7012639238542213E-006
 ********************************
        2875 #H3CO     #CH3      
   6.8716691406945238E-014   141990457.63819665        139940462.62098673     
   2500.0000000000000        1175.0000000000000        68.716691406945245     
 ********************************
        2886 #H3CO     #HCO      
   1.6737672913749622E-019   141990457.63819665        117444043.13903202     
   2500.0000000000000        1600.0000000000000        1.6737672913749623E-004
 ********************************
