    1 h          0.00e+00    1.0
    2 h2         0.00e+00    2.0
    3 h2+        0.00e+00    2.0
    4 h3+        0.00e+00    3.0
    5 o          0.00e+00   16.0
    6 o+         0.00e+00   16.0
    7 oh+        0.00e+00   17.0
    8 oh         0.00e+00   17.0
    9 h+         0.00e+00    1.0
   10 o2         0.00e+00   32.0
   11 o2+        0.00e+00   32.0
   12 h2o        0.00e+00   18.0
   13 h2o+       0.00e+00   18.0
   14 h3o+       0.00e+00   19.0
   15 o2h+       0.00e+00   33.0
   16 h2cn       0.00e+00   28.0
   17 c          0.00e+00   12.0
   18 c+         0.00e+00   12.0
   19 ch         0.00e+00   13.0
   20 ch+        0.00e+00   13.0
   21 ch2        0.00e+00   14.0
   22 ch2+       0.00e+00   14.0
   23 ch3        0.00e+00   15.0
   24 ch3+       0.00e+00   15.0
   25 ch4        0.00e+00   16.0
   26 ch4+       0.00e+00   16.0
   27 ch5+       0.00e+00   17.0
   28 c2         0.00e+00   24.0
   29 c2+        0.00e+00   24.0
   30 c2h        0.00e+00   25.0
   31 c2h+       0.00e+00   25.0
   32 c2h2+      0.00e+00   26.0
   33 c3+        0.00e+00   36.0
   34 co         0.00e+00   28.0
   35 co+        0.00e+00   28.0
   36 hco        0.00e+00   29.0
   37 hco+       0.00e+00   29.0
   38 h2co       0.00e+00   30.0
   39 h2co+      0.00e+00   30.0
   40 h3co+      0.00e+00   31.0
   41 hco2+      0.00e+00   45.0
   42 s          0.00e+00   32.0
   43 s+         0.00e+00   32.0
   44 hs         0.00e+00   33.0
   45 hs+        0.00e+00   33.0
   46 h2s        0.00e+00   34.0
   47 h2s+       0.00e+00   34.0
   48 h3s+       0.00e+00   35.0
   49 ocs        0.00e+00   60.0
   50 ocs+       0.00e+00   60.0
   51 s2         0.00e+00   64.0
   52 s2+        0.00e+00   64.0
   53 hs2        0.00e+00   65.0
   54 hs2+       0.00e+00   65.0
   55 h2s2+      0.00e+00   66.0
   56 cs         0.00e+00   44.0
   57 cs+        0.00e+00   44.0
   58 hcs        0.00e+00   45.0
   59 hcs+       0.00e+00   45.0
   60 h2cs       0.00e+00   46.0
   61 h2cs+      0.00e+00   46.0
   62 so         0.00e+00   48.0
   63 hso+       0.00e+00   49.0
   64 so2        0.00e+00   64.0
   65 so2+       0.00e+00   64.0
   66 hso2+      0.00e+00   65.0
   67 h3cs+      0.00e+00   47.0
   68 hocs+      0.00e+00   61.0
   69 o2h        0.00e+00   33.0
   70 co2        0.00e+00   44.0
   71 he         0.00e+00    4.0
   72 he+        0.00e+00    4.0
   73 heh+       0.00e+00    5.0
   74 mg         0.00e+00   24.0
   75 mg+        0.00e+00   24.0
   76 so+        0.00e+00   48.0
   77 n          0.00e+00   14.0
   78 n+         0.00e+00   14.0
   79 nh+        0.00e+00   15.0
   80 nh2+       0.00e+00   16.0
   81 nh3+       0.00e+00   17.0
   82 nh4+       0.00e+00   18.0
   83 nh         0.00e+00   15.0
   84 nh2        0.00e+00   16.0
   85 nh3        0.00e+00   17.0
   86 cn         0.00e+00   26.0
   87 cn+        0.00e+00   26.0
   88 hcn+       0.00e+00   27.0
   89 hcnh+      0.00e+00   28.0
   90 hcn        0.00e+00   27.0
   91 n2         0.00e+00   28.0
   92 n2h+       0.00e+00   29.0
   93 ns         0.00e+00   46.0
   94 ns+        0.00e+00   46.0
   95 hns+       0.00e+00   47.0
   96 no         0.00e+00   30.0
   97 no+        0.00e+00   30.0
   98 hno        0.00e+00   31.0
   99 hno+       0.00e+00   31.0
  100 no2        0.00e+00   46.0
  101 h2no+      0.00e+00   32.0
  102 n2+        0.00e+00   28.0
  103 ocn        0.00e+00   42.0
  104 ch3oh      0.00e+00   32.0
  105 hnc        0.00e+00   27.0
  106 hc3n       0.00e+00   51.0
  107 c2h2       0.00e+00   26.0
  108 ch3cn      0.00e+00   41.0
  109 c2h4       0.00e+00   28.0
  110 ch2co      0.00e+00   42.0
  111 c2h5       0.00e+00   29.0
  112 c2h3       0.00e+00   27.0
  113 c3h5+      0.00e+00   41.0
  114 ch3cch     0.00e+00   40.0
  115 c2h5oh     0.00e+00   46.0
  116 c2h5oh2+   0.00e+00   47.0
  117 ch3oh2+    0.00e+00   33.0
  118 h5c2o2+    0.00e+00   61.0
  119 hcooch3    0.00e+00   60.0
  120 c2n        0.00e+00   38.0
  121 c3n        0.00e+00   50.0
  122 c2n+       0.00e+00   38.0
  123 c2nh+      0.00e+00   39.0
  124 c2n2+      0.00e+00   52.0
  125 c4n+       0.00e+00   62.0
  126 h4c2n      0.00e+00   42.0
  127 h4c2n+     0.00e+00   42.0
  128 m-h4c2n     0.00e+00   42.0
  129 m-hcooch3   0.00e+00   60.0
  130 m-co        0.00e+00   28.0
  131 m-h2o       0.00e+00   18.0
  132 m-co2       0.00e+00   44.0
  133 m-ch4       0.00e+00   16.0
  134 m-n2        0.00e+00   28.0
  135 m-hcn       0.00e+00   27.0
  136 m-c2h       0.00e+00   25.0
  137 m-nh3       0.00e+00   17.0
  138 m-o2        0.00e+00   32.0
  139 m-cs        0.00e+00   44.0
  140 m-so        0.00e+00   48.0
  141 m-h2s       0.00e+00   34.0
  142 m-hcs       0.00e+00   45.0
  143 m-ocs       0.00e+00   60.0
  144 m-so2       0.00e+00   64.0
  145 m-ns        0.00e+00   46.0
  146 m-h2cs      0.00e+00   46.0
  147 m-mg        0.00e+00   24.0
  148 m-ocn       0.00e+00   42.0
  149 m-h2cn      0.00e+00   28.0
  150 m-s2        0.00e+00   64.0
  151 m-hs2       0.00e+00   65.0
  152 m-o2h       0.00e+00   33.0
  153 m-no2       0.00e+00   46.0
  154 m-hno       0.00e+00   31.0
  155 m-ch3oh     0.00e+00   32.0
  156 m-hnc       0.00e+00   27.0
  157 m-hc3n      0.00e+00   51.0
  158 m-c2h2      0.00e+00   26.0
  159 m-ch3cn     0.00e+00   41.0
  160 m-c2h5      0.00e+00   29.0
  161 m-h2co      0.00e+00   30.0
  162 m-c2        0.00e+00   24.0
  163 m-no        0.00e+00   30.0
  164 m-ch2co     0.00e+00   42.0
  165 m-c2h4      0.00e+00   28.0
  166 m-c2h3      0.00e+00   27.0
  167 m-ch3cch    0.00e+00   40.0
  168 m-c2h5oh    0.00e+00   46.0
  169 m-s         0.00e+00   32.0
  170 si         0.00e+00   28.0
  171 sio        0.00e+00   44.0
  172 sih        0.00e+00   29.0
  173 si+        0.00e+00   28.0
  174 sih+       0.00e+00   29.0
  175 sih2       0.00e+00   30.0
  176 sih2+      0.00e+00   30.0
  177 sih3       0.00e+00   31.0
  178 sih3+      0.00e+00   31.0
  179 sih4       0.00e+00   32.0
  180 sih4+      0.00e+00   32.0
  181 sic        0.00e+00   40.0
  182 sic2       0.00e+00   52.0
  183 sic+       0.00e+00   40.0
  184 sic2+      0.00e+00   52.0
  185 sic3       0.00e+00   64.0
  186 sic3+      0.00e+00   64.0
  187 sio+       0.00e+00   44.0
  188 sioh+      0.00e+00   45.0
  189 sis        0.00e+00   60.0
  190 sis+       0.00e+00   60.0
  191 hsis+      0.00e+00   61.0
  192 h2sio      0.00e+00   46.0
  193 m-si        0.00e+00   28.0
  194 m-sih4      0.00e+00   32.0
  195 m-sio       0.00e+00   44.0
  196 m-sic       0.00e+00   40.0
  197 m-sic2      0.00e+00   52.0
  198 m-sic3      0.00e+00   64.0
  199 m-h2sio     0.00e+00   46.0
  200 m-sis       0.00e+00   60.0
  201 sih5+      0.00e+00   33.0
  202 cl         0.00e+00   35.0
  203 cl+        0.00e+00   35.0
  204 hcl        0.00e+00   36.0
  205 hcl+       0.00e+00   36.0
  206 h2cl+      0.00e+00   37.0
  207 m-hcl       0.00e+00   36.0
  208 m-oh        0.00e+00   17.0
  209 m-o         0.00e+00   16.0
  210 m-o3        0.00e+00   48.0
  211 m-hco       0.00e+00   29.0
  212 m-h2coh     0.00e+00   31.0
  213 m-ho2       0.00e+00   33.0
    0 e-         0.00e+00    0.0
