   3160000.0000000000        693.62004462192317     
   34760069.520152949        82062.578986213455     
   66360139.040305898        282453.76450140256     
   97960208.560458839        564044.16136198526     
   129560278.08061180        882982.66693102545     
   161160347.60076475        1201956.6430715641     
   192760417.12091768        1495790.5997712200     
   224360486.64107063        1751134.5879932225     
   255960556.16122362        1963425.2416980050     
   287560625.68137658        2133542.2063070163     
   319160695.20152950        2265210.1589532988     
   350760764.72168243        2363308.0615784079     
   382360834.24183542        2432897.4681786099     
   413960903.76198834        2478726.9391087568     
   445560973.28214127        2505019.5812373189     
   477161042.80229425        2515415.6190099646     
   508761112.32244718        2512992.8789288197     
   540361181.84260011        2500321.7170524676     
   571961251.36275303        2479531.2217762424     
   603561320.88290608        2452375.1088571046     
   635161390.40305901        2420292.0651189778     
   666761459.92321193        2384458.6314745089     
   698361529.44336486        2345834.3849676186     
   729961598.96351779        2305199.9512286428     
   761561668.48367071        2263188.6807321156     
   793161738.00382376        2220312.8879006780     
   824761807.52397668        2176985.5063139428     
   856361877.04412961        2133537.9214467858     
   887961946.56428254        2090234.6376277932     
   919562016.08443546        2047285.3341977817     
   951162085.60458851        2004854.7740349846     
   982762155.12474155        1963070.9479444600     
   1014362224.6448945        1922031.7708699391     
   1045962294.1650474        1881810.5894484776     
   1077562363.6852005        1842460.7136956397     
   1109162433.2053533        1804019.1471368005     
   1140762502.7255063        1766509.6581442095     
   1172362572.2456591        1729945.3094134268     
   1203962641.7658122        1694330.5414019912     
   1235562711.2859652        1659662.8883059076     
   1267162780.8061182        1625934.3910589579     
   1298762850.3262713        1593132.7603246877     
   1330362919.8464241        1561242.3330347771     
   1361962989.3665771        1530244.8583220353     
   1393563058.8867300        1500120.1423848586     
   1425163128.4068830        1470846.5766452828     
   1456763197.9270360        1442401.5693155315     
   1488363267.4471889        1414761.8969979684     
   1519963336.9673419        1387903.9900723982     
   1551563406.4874947        1361804.1632600939     
   1583163476.0076478        1336438.8008042227     
   1614763545.5278006        1311784.5040967516     
   1646363615.0479534        1287818.2082516958     
   1677963684.5681064        1264517.2730238591     
   1709563754.0882592        1241859.5525605283     
   1741163823.6084123        1219823.4477175602     
   1772763893.1285651        1198387.9440437984     
   1804363962.6487179        1177532.6380163352     
   1835964032.1688709        1157237.7536755481     
   1867564101.6890237        1137484.1514479129     
   1899164171.2091768        1118253.3306438976     
   1930764240.7293296        1099527.4268676613     
   1962364310.2494824        1081289.2053661258     
   1993964379.7696354        1063522.0511705033     
   2025564449.2897882        1046209.9567376249     
   2057164518.8099413        1029337.5076766360     
   2088764588.3300941        1012889.8670449075     
   2120364657.8502471        996852.75861198117     
   2151964727.3704000        981212.44941928296     
   2183564796.8905530        965955.73190395429     
   2215164866.4107060        951069.90580555645     
   2246764935.9308591        936542.76003292832     
   2278365005.4510121        922362.55463394348     
   2309965074.9711652        908518.00298204774     
   2341565144.4913182        894998.25426949398     
   2373165214.0114713        881792.87637718243     
   2404765283.5316243        868891.83917447855     
   2436365353.0517769        856285.49828864390     
   2467965422.5719299        843964.57937218761     
   2499565492.0920830        831920.16288710351     
   2531165561.6122360        820143.66941732459     
   2562765631.1323891        808626.84551447968     
   2594365700.6525416        797361.75007697835     
   2625965770.1726947        786340.74125836301     
   2657565839.6928477        775556.46389765653     
   2689165909.2130008        765001.83746183058     
   2720765978.7331538        754670.04448856972     
   2752366048.2533064        744554.51951599482     
   2783966117.7734594        734648.93848488235     
   2815566187.2936125        724947.20859816368     
   2847166256.8137655        715443.45862195163     
   2878766326.3339186        706132.02961206587     
   2910366395.8540716        697007.46604991797     
   2941966465.3742247        688064.50737165043     
   2973566534.8943777        679298.07987458515     
   3005166604.4145308        670703.28898528044     
   3036766673.9346833        662275.41187382920     
   3068366743.4548364        654009.89039938862     
   3099966812.9749894        645902.32437238877     
   3131566882.4951425        637948.46511928539     
   3163166952.0152955        630144.20933622436     
   3194767021.5354481        622485.59321846173     
   3226367091.0556011        614968.78685288155     
   3257967160.5757542        607590.08886145835     
   3289567230.0959072        600345.92128399422     
   3321167299.6160603        593232.82468896708     
   3352767369.1362128        586247.45350179879     
   3384367438.6563659        579386.57154031401     
   3415967508.1765189        572647.04774764646     
   3447567577.6966720        566025.85211325693     
   3479167647.2168250        559520.05177319783     
   3510767716.7369776        553126.80728113081     
   3542367786.2571306        546843.36904205324     
   3573967855.7772837        540667.07390102383     
   3605567925.2974367        534595.34187958227     
   3637167994.8175898        528625.67305289861     
   3668768064.3377428        522755.64456101513     
   3700368133.8578959        516982.90774789156     
   3731968203.3780489        511305.18542224157     
   3763568272.8982019        505720.26923447521     
   3795168342.4183545        500226.01716430299     
   3826768411.9385076        494820.35111387004     
   3858368481.4586606        489501.25460150355     
   3889968550.9788136        484266.77055141312     
   3921568620.4989667        479114.99917492009     
   3953168690.0191193        474044.09593900072     
   3984768759.5392723        469052.26961813826     
   4016368829.0594254        464137.78042567201     
   4047968898.5795779        459298.93822103163     
   4079568968.0997310        454534.10078940453     
   4111169037.6198835        449841.67219056876     
   4142769107.1400366        445220.10117377137     
   4174369176.6601896        440667.87965569814     
   4205969246.1803427        436183.54125870409     
   4237569315.7004957        431765.65990664175     
   4269169385.2206483        427412.84847571602     
   4300769454.7408018        423123.75749795733     
   4332369524.2609539        418897.07391498232     
   4363969593.7811060        414731.51987986336     
   4395569663.3012590        410625.85160499479     
   4427169732.8214121        406578.85825397423     
   4458769802.3415651        402589.36087558651     
   4490369871.8617182        398656.21137809876     
   4521969941.3818712        394778.29154212569     
   4553570010.9020243        390954.51207042905     
   4585170080.4221773        387183.81167309132     
   4616770149.9423304        383465.15618656127     
   4648370219.4624834        379797.53772515751     
   4679970288.9826365        376179.97386366647     
   4711570358.5027895        372611.50684974389     
   4743170428.0229425        369091.20284488850     
   4774770497.5430956        365618.15119280148     
   4806370567.0632486        362191.46371401969     
   4837970636.5834017        358810.27402573620     
   4869570706.1035547        355473.73688579927     
   4901170775.6237078        352181.02755989379     
   4932770845.1438608        348931.34121099079     
   4964370914.6640139        345723.89231015561     
   4995970984.1841669        342557.91406787600     
   5027571053.7043200        339432.65788508370     
   5059171123.2244730        336347.39282310021     
   5090771192.7446260        333301.40509176085     
   5122371262.2647791        330293.99755499751     
   5153971331.7849321        327324.48925321229     
   5185571401.3050852        324392.21494178200     
   5217171470.8252382        321496.52464506886     
   5248771540.3453903        318636.78322535736     
   5280371609.8655434        315812.36996612250     
   5311971679.3856964        313022.67816910287     
   5343571748.9058495        310267.11476465251     
   5375171818.4260025        307545.09993485757     
   5406771887.9461555        304856.06674896245     
   5438371957.4663086        302199.46081061690     
   5469972026.9864616        299574.73991653172     
   5501572096.5066147        296981.37372610136     
   5533172166.0267677        294418.84344159847     
   5564772235.5469208        291886.64149855368     
   5596372305.0670738        289384.27126594062     
   5627972374.5872269        286911.24675581604     
   5659572444.1073799        284467.09234207787     
   5691172513.6275330        282051.34248799976     
   5722772583.1476860        279663.54148223897     
   5754372652.6678391        277303.24318301171     
   5785972722.1879921        274970.01077014289     
   5817572791.7081451        272663.41650471376     
   5849172861.2282982        270383.04149604926     
   5880772930.7484512        268128.47547576268     
   5912373000.2686043        265899.31657864910     
   5943973069.7887573        263695.17113014852     
   5975573139.3089104        261515.65344018975     
   6007173208.8290634        259360.38560316135     
   6038773278.3492165        257228.99730382950     
   6070373347.8693695        255121.12562897755     
   6101973417.3895226        253036.41488458909     
   6133573486.9096746        250974.51641836984     
   6165173556.4298277        248935.08844745043     
   6196773625.9499807        246917.79589107554     
   6228373695.4701338        244922.31020812839     
   6259973764.9902868        242948.30923931769     
   6291573834.5104399        240995.47705388602     
   6323173904.0305929        239063.50380067635     
   6354773973.5507460        237152.08556342588     
   6386374043.0708990        235260.92422014388     
   6417974112.5910521        233389.72730643945     
   6449574182.1112051        231538.20788267368     
   6481174251.6313581        229706.08440481327     
   6512774321.1515112        227893.08059886508     
   6544374390.6716642        226098.92533877841     
   6575974460.1918173        224323.35252770272     
   6607574529.7119703        222566.10098249823     
   6639174599.2321234        220826.91432139612     
   6670774668.7522764        219105.54085469799     
   6702374738.2724295        217401.73347844588     
   6733974807.7925825        215715.24957093614     
   6765574877.3127356        214045.85089201829     
   6797174946.8328886        212393.30348507295     
   6828775016.3530416        210757.37758160359     
   6860375085.8731947        209137.84750834451     
   6891975155.3933477        207534.49159681593     
   6923575224.9135008        205947.09209525987     
   6955175294.4336538        204375.43508287135     
   6986775363.9538069        202819.31038626196     
   7018375433.4739590        201278.51149808578     
   7049975502.9941120        199752.83549777602     
   7081575572.5142651        198242.08297430558     
   7113175642.0344181        196746.05795093215     
   7144775711.5545712        195264.56781185928     
   7176375781.0747242        193797.42323076315     
   7207975850.5948772        192344.43810112297     
   7239575920.1150303        190905.42946830383     
   7271175989.6351833        189480.21746335327     
   7302776059.1553354        188068.62523844003     
   7334376128.6754875        186670.47890390691     
   7365976198.1956406        185285.60746688143     
   7397576267.7157936        183913.84277140404     
   7429176337.2359467        182555.01944002218     
   7460776406.7560997        181208.97481682902     
   7492376476.2762527        179875.54891187188     
   7523976545.7964058        178554.58434693291     
   7555576615.3165588        177245.92630260717     
   7587176684.8367119        175949.42246666178     
   7618776754.3568649        174664.92298364075     
   7650376823.8770180        173392.28040566467     
   7681976893.3971710        172131.34964441607     
   7713576962.9173241        170881.98792425473     
   7745177032.4374771        169644.05473644889     
   7776777101.9576302        168417.41179448136     
   7808377171.4777832        167201.92299040520     
   7839977240.9979362        165997.45435222459     
   7871577310.5180893        164803.87400226065     
   7903177380.0382423        163621.05211649550     
   7934777449.5583944        162448.86088484307     
   7966377519.0785475        161287.17447234705     
   7997977588.5987005        160135.86898126206     
   8029577658.1188536        158994.82241400733     
   8061177727.6390066        157863.91463696034     
   8092777797.1591606        156743.02734507536     
   8124377866.6793137        155632.04402730335     
   8155977936.1994667        154530.84993278523     
   8187578005.7196198        153439.33203781291     
   8219178075.2397718        152357.37901352308     
   8250778144.7599249        151284.88119431509     
   8282378214.2800779        150221.73054696849     
   8313978283.8002310        149167.82064044298     
   8345578353.3203840        148123.04661635097     
   8377178422.8405371        147087.30516006908     
   8408778492.3606901        146060.49447249062     
   8440378561.8808432        145042.51424239384     
   8471978631.4009962        144033.26561940231     
   8503578700.9211493        143032.65118754495     
   8535178770.4413013        142040.57493937583     
   8566778839.9614544        141056.94225065620     
   8598378909.4816074        140081.65985557780     
   8629978979.0017605        139114.63582251713     
   8661579048.5219135        138155.77953030242     
   8693179118.0420666        137205.00164499256     
   8724779187.5622196        136262.21409713395     
   8756379257.0823727        135327.33005950987     
   8787979326.6025257        134400.26392534960     
   8819579396.1226788        133480.93128699431     
   8851179465.6428318        132569.24891501426     
   8882779535.1629848        131665.13473774798     
   8914379604.6831379        130768.50782128063     
   8945979674.2032909        129879.28834982369     
   8977579743.7234421        128997.39760650064     
   9009179813.2435932        128122.75795453659     
   9040779882.7637444        127255.29281881692     
   9072379952.2838974        126394.92666783667     
   9103980021.8040504        125541.58499600305     
   9135580091.3242035        124695.19430630811     
   9167180160.8443565        123855.68209334394     
   9198780230.3645096        123022.97682666108     
   9230380299.8846626        122197.00793445938     
   9261980369.4048157        121377.70578761148     
   9293580438.9249687        120565.00168398969     
   9325180508.4451218        119758.82783312316     
   9356780577.9652748        118959.11734114363     
   9388380647.4854279        118165.80419603184     
   9419980717.0055809        117378.82325316065     
   9451580786.5257339        116598.11022111200     
   9483180856.0458870        115823.60164777582     
   9514780925.5660400        115055.23490672189     
   9546380995.0861931        114292.94818382872     
   9577981064.6063461        113536.68046417837     
   9609581134.1264992        112786.37151920350     
   9641181203.6466522        112041.96189407511     
   9672781273.1668053        111303.39289533779     
   9704381342.6869583        110570.60657878069     
   9735981412.2071114        109843.54573754019     
   9767581481.7272644        109122.15389042288     
   9799181551.2474174        108406.37527045445     
   9830781620.7675705        107696.15481364880     
   9862381690.2877235        106991.43814797694     
   9893981759.8078766        106292.17158254961     
   9925581829.3280296        105598.30209701034     
   9957181898.8481827        104909.77733110683     
   9988781968.3683357        104226.54557447118     
   10020382037.888489        103548.55575658845     
   10051982107.408642        102875.75743694291     
   10083582176.928795        102208.10079535241     
   10115182246.448948        101545.53662247850     
   10146782315.969101        100888.01631050401     
   10178382385.489254        100235.49184399769     
   10209982455.009407        99587.915790920786     
   10241582524.529558        98945.241293821338     
   10273182594.049709        98307.422061167672     
   10304782663.569860        97674.412358851725     
   10336382733.090014        97046.167001838767     
   10367982802.610167        96422.641345965589     
   10399582872.130320        95803.791279892888     
   10431182941.650473        95189.573217193407     
   10462783011.170626        94579.944088580000     
   10494383080.690779        93974.861334281450     
   10525983150.210932        93374.282896542834     
   10557583219.731085        92778.167212259170     
   10589183289.251238        92186.473205744333     
   10620783358.771391        91599.160281623423     
   10652383428.291544        91016.188317843218     
   10683983497.811697        90437.517658816098     
   10715583567.331850        89863.109108674878     
   10747183636.852003        89292.923924644900     
   10778783706.372156        88726.923810533975     
   10810383775.892309        88165.070910331167     
   10841983845.412462        87607.327801917025     
   10873583914.932615        87053.657490881873     
   10905183984.452768        86504.023404449981     
   10936784053.972921        85958.389385501738     
   10968384123.493074        85416.719686706696     
   10999984193.013227        84878.978964749054     
   11031584262.533381        84345.132274652453     
   11063184332.053534        83815.145064200187     
   11094784401.573687        83288.983168448991     
   11126384471.093840        82766.612804336153     
   11157984540.613993        82248.000565373761     
   11189584610.134146        81733.113416434833     
   11221184679.654299        81221.918688621736     
   11252784749.174452        80714.384074225614     
   11284384818.694605        80210.477621761805     
   11315984888.214758        79710.167731090565     
   11347584957.734911        79213.423148622300     
   11379185027.255064        78720.212962591060     
   11410785096.775217        78230.506598416832     
   11442385166.295370        77744.273814132466     
   11473985235.815523        77261.484695893756     
   11505585305.335676        76782.109653556312     
   11537185374.855829        76306.119416329922     
   11568785444.375982        75833.485028493189     
   11600385513.896135        75364.177845188606     
   11631985583.416288        74898.169528277242     
   11663585652.936441        74435.432042261600     
   11695185722.456594        73975.937650274660     
   11726785791.976748        73519.658910131373     
   11758385861.496901        73066.568670444816     
   11789985931.017054        72616.640066797088     
   11821586000.537207        72169.846517986254     
   11853186070.057360        71726.161722309451     
   11884786139.577513        71285.559653926350     
   11916386209.097666        70848.014559263815     
   11947986278.617819        70413.500953487324     
   11979586348.137972        69981.993617020780     
   12011186417.658125        69553.467592123037     
   12042786487.178278        69127.898179513635     
   12074386556.698429        68705.260935062281     
   12105986626.218580        68285.531666509763     
   12137586695.738733        67868.686430259826     
   12169186765.258886        67454.701528208709     
   12200786834.779039        67043.553504622367     
   12232386904.299192        66635.219143065420     
   12263986973.819345        66229.675463380743     
   12295587043.339499        65826.899718702232     
   12327187112.859652        65426.869392526751     
   12358787182.379805        65029.562195820748     
   12390387251.899958        64634.956064175240     
   12421987321.420111        64243.029155001350     
   12453587390.940264        63853.759844771928     
   12485187460.460417        63467.126726294511     
   12516787529.980570        63083.108606037538     
   12548387599.500723        62701.684501489297     
   12579987669.020876        62322.833638553733     
   12611587738.541029        61946.535448994669     
   12643187808.061182        61572.769567905540     
   12674787877.581335        61201.515831223216     
   12706387947.101488        60832.754273280894     
   12737988016.621641        60466.465124390110     
   12769588086.141794        60102.628808463269     
   12801188155.661947        59741.225940665288     
   12832788225.182100        59382.237325110051     
   12864388294.702253        59025.643952575279     
   12895988364.222406        58671.426998265728     
   12927588433.742559        58319.567819596326     
   12959188503.262712        57970.047954015055     
   12990788572.782866        57622.849116852849     
   13022388642.303019        57277.953199210431     
   13053988711.823172        56935.342265862942     
   13085588781.343325        56594.998553211437     
   13117188850.863478        56256.904467249311     
   13148788920.383631        55921.042581563539     
   13180388989.903784        55587.395635365057     
   13211989059.423937        55255.946531543996     
   13243589128.944090        54926.678334756216     
   13275189198.464243        54599.574269531811     
   13306789267.984394        54274.617718416353     
   13338389337.504545        53951.792220129137     
   13369989407.024696        53631.081467759148     
   13401589476.544847        53312.469306975174     
   13433189546.065001        52995.939734267238     
   13464789615.585154        52681.476895210013     
   13496389685.105307        52369.065082751120     
   13527989754.625460        52058.688735524331     
   13559589824.145613        51750.332436179749     
   13591189893.665766        51443.980909746759     
   13622789963.185919        51139.619022011830     
   13654390032.706072        50837.231777921945     
   13685990102.226225        50536.804320007890     
   13717590171.746378        50238.321926829602     
   13749190241.266531        49941.770011446351     
   13780790310.786684        49647.134119900475     
   13812390380.306837        49354.399929727319     
   13843990449.826990        49063.553248483062     
   13875590519.347143        48774.580012293714     
   13907190588.867296        48487.466284422000     
   13938790658.387449        48202.198253853370     
   13970390727.907602        47918.762233902613     
   14001990797.427755        47637.144660838261     
   14033590866.947908        47357.332092525437     
   14065190936.468061        47079.311207085084     
   14096791005.988214        46803.068801573034     
   14128391075.508368        46528.591790678322     
   14159991145.028521        46255.867205431401     
   14191591214.548674        45984.882191937970     
   14223191284.068827        45715.624010124142     
   14254791353.588980        45448.080032501537     
   14286391423.109133        45182.237742942991     
   14317991492.629286        44918.084735480334     
   14349591562.149439        44655.608713115667     
   14381191631.669592        44394.797486645388     
   14412791701.189745        44135.638973505564     
   14444391770.709898        43878.121196623710     
   14475991840.230051        43622.232283293983     
   14507591909.750204        43367.960464061638     
   14539191979.270357        43115.294071622404     
   14570792048.790510        42864.221539738879     
   14602392118.310661        42614.731402165518     
   14633992187.830812        42366.812291594870     
   14665592257.350964        42120.452938607399     
   14697192326.871115        41875.642170644765     
   14728792396.391268        41632.368910991601     
   14760392465.911421        41390.622177762991     
   14791992535.431574        41150.391082923932     
   14823592604.951727        40911.664831296694     
   14855192674.471880        40674.432719600874     
   14886792743.992033        40438.684135494899     
   14918392813.512186        40204.408556633098     
   14949992883.032339        39971.595549732083     
   14981592952.552492        39740.234769651295     
   15013193022.072645        39510.315958485618     
   15044793091.592798        39281.828944665875     
   15076393161.112951        39054.763642072743     
   15107993230.633104        38829.110049160678     
   15139593300.153257        38604.858248093879     
   15171193369.673410        38381.998403892227     
   15202793439.193563        38160.520763587156     
   15234393508.713717        37940.415655390323     
   15265993578.233870        37721.673487865104     
   15297593647.754023        37504.284749121551     
   15329193717.274176        37288.240006004969     
   15360793786.794329        37073.529903309318     
   15392393856.314482        36860.145162989254     
   15423993925.834635        36648.076583389156     
   15455593995.354788        36437.315038472210     
   15487194064.874941        36227.851477072196     
   15518794134.395094        36019.676922143160     
   15550394203.915247        35812.782470020466     
   15581994273.435400        35607.159289694580     
   15613594342.955553        35402.798622089191     
   15645194412.475706        35199.691779352805     
   15676794481.995859        34997.830144148880     
   15708394551.516012        34797.205168969471     
   15739994621.036165        34597.808375443150     
   15771594690.556318        34399.631353658580     
   15803194760.076471        34202.665761495155     
   15834794829.596624        34006.903323957973     
   15866394899.116777        33812.335832524099     
   15897994968.636929        33618.955144498839     
   15929595038.157080        33426.753182371271     
   15961195107.677231        33235.721933185399     
   15992795177.197384        33045.853447915615     
   16024395246.717537        32857.139840847791     
   16055995316.237690        32669.573288971776     
   16087595385.757843        32483.146031375298     
   16119195455.277996        32297.850368649961     
   16150795524.798149        32113.678662301481     
   16182395594.318300        31930.623334167762     
   16213995663.838453        31748.676865842641     
   16245595733.358606        31567.831798108160     
   16277195802.878759        31388.080730368274     
   16308795872.398912        31209.416320098881     
   16340395941.919065        31031.831282290768     
   16371996011.439219        30855.318388914555     
   16403596080.959372        30679.870468374305     
   16435196150.479525        30505.480404983133     
   16466796219.999678        30332.141138435276     
   16498396289.519831        30159.845663287400     
   16529996359.039984        29988.587028444159     
   16561596428.560137        29818.358336650876     
   16593196498.080290        29649.152743994022     
   16624796567.600441        29480.963459401723     
   16656396637.120594        29313.783744154163     
   16687996706.640747        29147.606911396197     
   16719596776.160900        28982.426325664790     
   16751196845.681053        28818.235402404469     
   16782796915.201206        28655.027607504737     
   16814396984.721359        28492.796456834669     
   16845997054.241512        28331.535515781070     
   16877597123.761665        28171.238398799404     
   16909197193.281818        28011.898768962594     
   16940797262.801971        27853.510337514108     
   16972397332.322124        27696.066863434509     
   17003997401.842278        27539.562153002349     
   17035597471.362431        27383.990059368556     
   17067197540.882584        27229.344482129392     
   17098797610.402737        27075.619366905103     
   17130397679.922890        26922.808704927091     
   17161997749.443043        26770.906532625104     
   17193597818.963196        26619.906931220783     
   17225197888.483349        26469.804026325506     
   17256797958.003502        26320.591987543907     
   17288398027.523655        26172.265028075260     
   17319998097.043808        26024.817404331912     
   17351598166.563961        25878.243415545654     
   17383198236.084114        25732.537403393253     
   17414798305.604267        25587.693751615603     
   17446398375.124420        25443.706885646123     
   17477998444.644573        25300.571272241257     
   17509598514.164726        25158.281419115981     
   17541198583.684879        25016.831874580705     
   17572798653.205032        24876.217227186713     
   17604398722.725185        24736.432105368778     
   17635998792.245338        24597.471177099094     
   17667598861.765491        24459.329149539855     
   17699198931.285645        24322.000768696482     
   17730799000.805798        24185.480819086537     
   17762399070.325951        24049.764123396501     
   17793999139.846104        23914.845542154952     
   17825599209.366257        23780.719973400723     
   17857199278.886410        23647.382352361034     
   17888799348.406563        23514.827651126070     
   17920399417.926716        23383.050878333477     
   17951999487.446869        23252.047078852913     
   17983599556.967022        23121.811333472662     
   18015199626.487175        22992.338758592723     
   18046799696.007328        22863.624505917101     
   18078399765.527481        22735.663762154702     
   18109999835.047634        22608.451748718751     
   18141599904.567787        22481.983721426957     
   18173199974.087940        22356.254970216582     
   18204800043.608093        22231.260818845301     
   18236400113.128246        22106.996624610532     
   18268000182.648399        21983.457778063097     
   18299600252.168552        21860.639702725137     
   18331200321.688705        21738.537854810857     
   18362800391.208858        21617.147722952977     
   18394400460.729012        21496.464827929885     
   18426000530.249165        21376.484722392775     
   18457600599.769318        21257.202990600632     
   18489200669.289471        21138.615248155900     
   18520800738.809624        21020.717141738744     
   18552400808.329777        20903.504348851955     
   18584000877.849930        20786.972577560904     
   18615600947.370083        20671.117566242003     
   18647201016.890236        20555.935083326203     
   18678801086.410389        20441.420927056697     
   18710401155.930542        20327.570925233827     
   18742001225.450695        20214.380934977784     
   18773601294.970848        20101.846842483439     
   18805201364.491001        19989.964562780926     
   18836801434.011154        19878.730039497583     
   18868401503.531307        19768.139244624195     
   18900001573.051460        19658.188178284774     
   18931601642.571613        19548.872868498536     
   18963201712.091766        19440.189370962456     
   18994801781.611919        19332.133768815394     
   19026401851.132072        19224.702172422069     
   19058001920.652225        19117.890719145693     
   19089601990.172379        19011.695573134089     
   19121202059.692532        18906.112925098030     
   19152802129.212685        18801.138992097323     
   19184402198.732838        18696.770017329101     
   19216002268.252991        18593.002269916782     
   19247602337.773144        18489.832044699739     
   19279202407.293297        18387.255662026546     
   19310802476.813450        18285.269467550337     
   19342402546.333603        18183.869832025579     
   19374002615.853756        18083.053151109852     
   19405602685.373909        17982.815845158482     
   19437202754.894062        17883.154359034848     
   19468802824.414215        17784.065161907136     
   19500402893.934368        17685.544747061500     
   19532002963.454521        17587.589631708768     
   19563603032.974674        17490.196356789766     
   19595203102.494827        17393.361486794136     
   19626803172.014980        17297.081609569886     
   19658403241.535133        17201.353336140102     
   19690003311.055286        17106.173300518891     
   19721603380.575439        17011.538159532334     
   19753203450.095592        16917.444592638021     
   19784803519.615746        16823.889301746676     
   19816403589.135899        16730.869011047391     
   19848003658.656052        16638.380466831393     
   19879603728.176205        16546.420437321529     
   19911203797.696358        16454.985712500304     
   19942803867.216511        16364.073103937215     
   19974403936.736664        16273.679444625344     
   20006004006.256817        16183.801588813651     
   20037604075.776970        16094.436411838586     
   20069204145.297123        16005.580809965635     
   20100804214.817276        15917.231700223056     
   20132404284.337429        15829.386020245551     
   20164004353.857582        15742.040728110851     
   20195604423.377735        15655.192802185524     
   20227204492.897888        15568.839240966525     
   20258804562.418041        15482.977062929847     
   20290404631.938194        15397.603306374207     
   20322004701.458347        15312.715029269697     
   20353604770.978500        15228.309309106437     
   20385204840.498653        15144.383242750337     
   20416804910.018806        15060.933946288202     
   20448404979.538960        14977.958554885618     
   20480005049.059113        14895.454222643422     
   20511605118.579266        14813.418122446365     
   20543205188.099419        14731.847445830937     
   20574805257.619572        14650.739402835456     
   20606405327.139725        14570.091221864346     
   20638005396.659878        14489.900149549583     
   20669605466.180031        14410.163450610014     
   20701205535.700184        14330.878407717051     
   20732805605.220337        14252.042321362524     
   20764405674.740490        14173.652509719403     
   20796005744.260643        14095.706308512490     
   20827605813.780796        14018.201070885538     
   20859205883.300949        13941.134167273362     
   20890805952.821102        13864.502985268246     
   20922406022.341255        13788.304929495609     
   20954006091.861408        13712.537421486104     
   20985606161.381561        13637.197899548426     
   21017206230.901714        13562.283818647813     
   21048806300.421867        13487.792650278863     
   21080406369.942020        13413.721882344020     
   21112006439.462173        13340.069019034929     
   21143606508.982327        13266.831580705941     
   21175206578.502480        13194.007103761862     
   21206806648.022633        13121.593140535026     
   21238406717.542786        13049.587259169472     
   21270006787.062939        12977.987043502282     
   21301606856.583092        12906.790092955589     
   21333206926.103245        12835.994022410090     
   21364806995.623398        12765.596462105577     
   21396407065.143551        12695.595057516584     
   21428007134.663704        12625.987469250078     
   21459607204.183857        12556.771372927500     
   21491207273.704010        12487.944459083878     
   21522807343.224163        12419.504433049866     
   21554407412.744316        12351.449014850858     
   21586007482.264469        12283.775939098263     
   21617607551.784622        12216.482954884355     
   21649207621.304775        12149.567825673557     
   21680807690.824928        12083.028329206514     
   21712407760.345081        12016.862257387118     
   21744007829.865234        11951.067416189431     
   21775607899.385387        11885.641625548971     
   21807207968.905540        11820.582719267491     
   21838808038.425694        11755.888544909965     
   21870408107.945847        11691.556963708648     
   21902008177.466000        11627.585850461486     
   21933608246.986153        11563.973093438306     
   21965208316.506306        11500.716594281357     
   21996808386.026459        11437.814267914348     
   22028408455.546612        11375.264042442268     
   22060008525.066765        11313.063859061145     
   22091608594.586918        11251.211671962836     
   22123208664.107071        11189.705448243360     
   22154808733.627224        11128.543167814087     
   22186408803.147377        11067.722823304393     
   22218008872.667530        11007.242419977814     
   22249608942.187683        10947.099975638252     
   22281209011.707836        10887.293520544006     
   22312809081.227989        10827.821097318945     
   22344409150.748142        10768.680760867255     
   22376009220.268295        10709.870578281056     
   22407609289.788448        10651.388628762248     
   22439209359.308601        10593.233003532276     
   22470809428.828754        10535.401805748990     
   22502409498.348907        10477.893150425643     
   22534009567.869061        10420.705164342082     
   22565609637.389214        10363.835985968706     
   22597209706.909367        10307.283765379794     
   22628809776.429520        10251.046664176754     
   22660409845.949673        10195.122855405003     
   22692009915.469826        10139.510523473660     
   22723609984.989979        10084.207864080241     
   22755210054.510132        10029.213084128231     
   22786810124.030285        9974.5244016510533     
   22818410193.550438        9920.1400457360469     
   22850010263.070591        9866.0582564441775     
   22881610332.590744        9812.2772847403903     
   22913210402.110897        9758.7953924104913     
   22944810471.631050        9705.6108519936406     
   22976410541.151203        9652.7219467034793     
   23008010610.671356        9600.1269703577927     
   23039610680.191509        9547.8242273010492     
   23071210749.711662        9495.8120323390467     
   23102810819.231815        9444.0887106600258     
   23134410888.751968        9392.6525977671809     
   23166010958.272121        9341.5020394090225     
   23197611027.792274        9290.6353915061864     
   23229211097.312428        9240.0510200839399     
   23260811166.832581        9189.7473012025439     
   23292411236.352734        9139.7226208883349     
   23324011305.872887        9089.9753750683485     
   23355611375.393040        9040.5039694978477     
   23387211444.913193        8991.3068197013508     
   23418811514.433346        8942.3823508965943     
   23450411583.953499        8893.7289979377001     
   23482011653.473652        8845.3452052434041     
   23513611722.993805        8797.2294267366633     
   23545211792.513958        8749.3801257785726     
   23576811862.034111        8701.7957751029935     
   23608411931.554264        8654.4748567568768     
   23640012001.074417        8607.4158620341732     
   23671612070.594570        8560.6172914147301     
   23703212140.114723        8514.0776545053141     
   23734812209.634876        8467.7954699728270     
   23766412279.155029        8421.7692654881666     
   23798012348.675182        8375.9975776608535     
   23829612418.195335        8330.4789519864644     
   23861212487.715488        8285.2119427798243     
   23892812557.235641        8240.1951131210189     
   23924412626.755795        8195.4270347928577     
   23956012696.275948        8150.9062882268781     
   23987612765.796101        8106.6314624436582     
   24019212835.316254        8062.6011549924215     
   24050812904.836407        8018.8139719020055     
   24082412974.356560        7975.2685276154980     
   24114013043.876713        7931.9634449433352     
   24145613113.396866        7888.8973549993580     
   24177213182.917019        7846.0688971517811     
   24208813252.437172        7803.4767189642198     
   24240413321.957325        7761.1194761473707     
   24272013391.477478        7718.9958324971994     
   24303613460.997631        7677.1044598480385     
   24335213530.517784        7635.4440380171691     
   24366813600.037937        7594.0132547515304     
   24398413669.558090        7552.8108056772680     
   24430013739.078243        7511.8353942450258     
   24461613808.598396        7471.0857316823367     
   24493213878.118549        7430.5605369396235     
   24524813947.638702        7390.2585366404592     
   24556414017.158855        7350.1784650318314     
   24588014086.679008        7310.3190639329796     
   24619614156.199162        7270.6790826870820     
   24651214225.719315        7231.2572781108029     
   24682814295.239468        7192.0524144459814     
   24714414364.759621        7153.0632633134419     
   24746014434.279774        7114.2886036618338     
   24777614503.799927        7075.7272217178979     
   24809214573.320080        7037.3779109480947     
   24840814642.840233        6999.2394719996300     
   24872414712.360386        6961.3107126635041     
   24904014781.880539        6923.5904478219363     
   24935614851.400692        6886.0774994071508     
   24967214920.920845        6848.7706963523469     
   24998814990.440998        6811.6688745469392     
   25030415059.961151        6774.7708767910808     
   25062015129.481304        6738.0755527551628     
   25093615199.001457        6701.5817589293647     
   25125215268.521610        6665.2883585824438     
   25156815338.041763        6629.1942217198139     
   25188415407.561916        6593.2982250380692     
   25220015477.082069        6557.5992518816402     
   25251615546.602222        6522.0961922008773     
   25283215616.122375        6486.7879425108295     
   25314815685.642529        6451.6734058443599     
   25346415755.162682        6416.7514917173212     
   25378015824.682835        6382.0211160816598     
   25409615894.202988        6347.4812012870534     
   25441215963.723141        6313.1306760368489     
   25472816033.243294        6278.9684753525416     
   25504416102.763447        6244.9935405275883     
   25536016172.283600        6211.2048190925861     
   25567616241.803753        6177.6012647705156     
   25599216311.323906        6144.1818374426302     
   25630816380.844059        6110.9455031036932     
   25662416450.364212        6077.8912338285809     
   25694016519.884365        6045.0180077289415     
   25725616589.404518        6012.3248089183789     
   25757216658.924671        5979.8106274719485     
   25788816728.444824        5947.4744593892128     
   25820416797.964977        5915.3153065580000     
   25852016867.485130        5883.3321767131965     
   25883616937.005283        5851.5240834069009     
   25915217006.525436        5819.8900459622391     
   25946817076.045589        5788.4290894449459     
   25978417145.565742        5757.1402446242810     
   26010017215.085896        5726.0225479346618     
   26041617284.606049        5695.0750414451077     
   26073217354.126202        5664.2967728180338     
   26104817423.646355        5633.6867952786915     
   26136417493.166508        5603.2441675768041     
   26168017562.686661        5572.9679539545887     
   26199617632.206814        5542.8572241126512     
   26231217701.726967        5512.9110531694896     
   26262817771.247120        5483.1285216380365     
   26294417840.767273        5453.5087153809054     
   26326017910.287426        5424.0507255862267     
   26357617979.807579        5394.7536487264360     
   26389218049.327732        5365.6165865326957     
   26420818118.847885        5336.6386459565265     
   26452418188.368038        5307.8189391392525     
   26484018257.888191        5279.1565833778977     
   26515618327.408344        5250.6507010981804     
   26547218396.928497        5222.3004198161507     
   26578818466.448650        5194.1048721104726     
   26610418535.968803        5166.0631955904537     
   26642018605.488956        5138.1745328626494     
   26673618675.009109        5110.4380315017297     
   26705218744.529263        5082.8528440213458     
   26736818814.049416        5055.4181278393171     
   26768418883.569569        5028.1330452506263     
   26800018953.089722        5000.9967633947381     
   26831619022.609875        4974.0084542278855     
   26863219092.130028        4947.1672944925158     
   26894819161.650181        4920.4724656867429     
   26926419231.170334        4893.9231540359178     
   26958019300.690487        4867.5185504649216     
   26989619370.210640        4841.2578505640622     
   27021219439.730793        4815.1402545670408     
   27052819509.250946        4789.1649673175607     
   27084419578.771099        4763.3311982437481     
   27116019648.291252        4737.6381613275953     
   27147619717.811405        4712.0850750779655     
   27179219787.331558        4686.6711625035859     
   27210819856.851711        4661.3956510860535     
   27242419926.371864        4636.2577727485641     
   27274019995.892017        4611.2567638338933     
   27305620065.412170        4586.3918650717042     
   27337220134.932323        4561.6623215572363     
   27368820204.452477        4537.0673827214605     
   27400420273.972630        4512.6063023040788     
   27432020343.492783        4488.2783383307869     
   27463620413.012936        4464.0827530820106     
   27495220482.533089        4440.0188130708784     
   27526820552.053242        4416.0857890162224     
   27558420621.573395        4392.2829558155736     
   27590020691.093548        4368.6095925224326     
   27621620760.613701        4345.0649823185468     
   27653220830.133854        4321.6484124897652     
   27684820899.654007        4298.3591744025771     
   27716420969.174160        4275.1965634764128     
   27748021038.694313        4252.1598791601891     
   27779621108.214466        4229.2484249088602     
   27811221177.734619        4206.4615081578440     
   27842821247.254772        4183.7984403009896     
   27874421316.774925        4161.2585366635813     
   27906021386.295078        4138.8411164788868     
   27937621455.815231        4116.5455028696842     
   27969221525.335384        4094.3710228162900     
   28000821594.855537        4072.3170071395034     
   28032421664.375690        4050.3827904771583     
   28064021733.895844        4028.5677112571248     
   28095621803.415997        4006.8711116774125     
   28127221872.936150        3985.2923376841431     
   28158821942.456303        3963.8307389466831     
   28190422011.976456        3942.4856688356158     
   28222022081.496609        3921.2564844035569     
   28253622151.016762        3900.1425463567330     
   28285222220.536915        3879.1432190414807     
   28316822290.057068        3858.2578704136949     
   28348422359.577221        3837.4858720231941     
   28380022429.097374        3816.8265989902748     
   28411622498.617527        3796.2794299843949     
   28443222568.137680        3775.8437472000141     
   28474822637.657833        3755.5189363430941     
   28506422707.177986        3735.3043866005464     
   28538022776.698139        3715.1994906260197     
   28569622846.218292        3695.2036445185854     
   28601222915.738445        3675.3162477971555     
   28632822985.258598        3655.5367033876964     
   28664423054.778751        3635.8644175948029     
   28696023124.298904        3616.2988000889127     
   28727623193.819057        3596.8392638821456     
   28759223263.339211        3577.4852253069866     
   28790823332.859364        3558.2361040006563     
   28822423402.379517        3539.0913228830814     
   28854023471.899670        3520.0503081377119     
   28885623541.419823        3501.1124891923373     
   28917223610.939976        3482.2772986984774     
   28948823680.460129        3463.5441725136216     
   28980423749.980282        3444.9125496834654     
   29012023819.500435        3426.3818724191706     
   29043623889.020588        3407.9515860824472     
   29075223958.540741        3389.6211391635234     
   29106824028.060894        3371.3899832669367     
   29138424097.581047        3353.2575730880862     
   29170024167.101200        3335.2233663975994     
   29201624236.621353        3317.2868240242792     
   29233224306.141506        3299.4474098344995     
   29264824375.661659        3281.7045907151510     
   29296424445.181812        3264.0578365565889     
   29328024514.701965        3246.5066202334469     
   29359624584.222118        3229.0504175904289     
   29391224653.742271        3211.6887074174374     
   29422824723.262424        3194.4209714410476     
   29454424792.782578        3177.2466943024824     
   29486024862.302731        3160.1653635398461     
   29517624931.822884        3143.1764695724951     
   29549225001.343037        3126.2795056846926     
   29580825070.863190        3109.4739680078474     
   29612425140.383343        3092.7593555034605     
   29644025209.903496        3076.1351699460702     
   29675625279.423649        3059.6009159104651     
   29707225348.943802        3043.1561007489449     
   29738825418.463955        3026.8002345799514     
   29770425487.984108        3010.5328302710177     
   29802025557.504261        2994.3534034202912     
   29833625627.024414        2978.2614723444567     
   29865225696.544567        2962.2565580567084     
   29896825766.064720        2946.3381842596445     
   29928425835.584873        2930.5058773203996     
   29960025905.105026        2914.7591662628256     
   29991625974.625179        2899.0975827447583     
   30023226044.145332        2883.5206610501982     
   30054826113.665485        2868.0279380679963     
   30086426183.185638        2852.6189532776416     
   30118026252.705791        2837.2932487378930     
   30149626322.225945        2822.0503690661758     
   30181226391.746098        2806.8898614293403     
   30212826461.266251        2791.8112755237698     
   30244426530.786404        2776.8141635647225     
   30276026600.306557        2761.8980802692759     
   30307626669.826710        2747.0625828399875     
   30339226739.346863        2732.3072309570762     
   30370826808.867016        2717.6315867556868     
   30402426878.387169        2703.0352148173620     
   30434026947.907322        2688.5176821544119     
   30465627017.427475        2674.0785581949922     
   30497227086.947628        2659.7174147688920     
   30528827156.467781        2645.4338260954555     
   30560427225.987934        2631.2273687672414     
   30592027295.508087        2617.0976217386510     
   30623627365.028240        2603.0441663095871     
   30655227434.548393        2589.0665861162179     
   30686827504.068546        2575.1644671110798     
   30718427573.588699        2561.3373975552631     
   30750027643.108852        2547.5849680020701     
   30781627712.629005        2533.9067712856431     
   30813227782.149158        2520.3024025060472     
   30844827851.669312        2506.7714590171872     
   30876427921.189465        2493.3135404126006     
   30908027990.709618        2479.9282485147955     
   30939628060.229771        2466.6151873603326     
   30971228129.749924        2453.3739631877438     
   31002828199.270077        2440.2041844240330     
   31034428268.790230        2427.1054616747278     
   31066028338.310383        2414.0774077068272     
   31097628407.830536        2401.1196374416954     
   31129228477.350689        2388.2317679372991     
   31160828546.870842        2375.4134183796796     
   31192428616.390995        2362.6642100701647     
   31224028685.911148        2349.9837664111565     
   31255628755.431301        2337.3717128961857     
   31287228824.951454        2324.8276770971188     
   31318828894.471607        2312.3512886520812     
   31350428963.991760        2299.9421792533781     
   31382029033.511913        2287.5999826375446     
   31413629103.032066        2275.3243345690066     
   31445229172.552219        2263.1148728351036     
   31476829242.072372        2250.9712372276172     
   31508429311.592525        2238.8930695377949     
   31540029381.112679        2226.8800135393008     
   31571629450.632832        2214.9317149789740     
   31603229520.152985        2203.0478215683047     
   33183232996.160637        1683.7137074091402     
   34763236472.168282        1287.1375572949262     
   36343239948.175934        984.16410582728986     
   37923243424.183578        752.61985816084120     
   39503246900.191223        575.61746124150659     
   41083250376.198875        440.28163965279532     
   42663253852.206520        336.78791479303527     
   44243257328.214165        257.63498495834369     
   45823260804.221817        197.09259948754720     
   47403264280.229462        150.78179569272265     
   48983267756.237114        115.35529531769839     
   50563271232.244766        88.253885094502493     
   52143274708.252411        67.520554571842695     
   53723278184.260063        51.658603229753908     
   55303281660.267715        39.523259495410912     
   56883285136.275360        30.238864354714678     
   58463288612.283012        23.135570380361514     
   60043292088.290665        17.700946268206508     
   61623295564.298309        13.542970539504040     
   63203299040.305962        10.361730306840400     
