   0.0000000000000000        1.0000000000000000E+020   500.00000000000000     
   1.0000000474974513E-012   9.9700598987305517E+019   499.50049947679821     
   2.0000000949949026E-012   9.9402391995661353E+019   499.00199596067603     
   3.0000001424923539E-012   9.9105373078753165E+019   498.50448646955823     
   4.0000001899898052E-012   9.8809536325766971E+019   498.00796803325056     
   5.0000002374872565E-012   9.8514875861142077E+019   497.51243769338021     
   6.0000002849847078E-012   9.8221385844326089E+019   497.01789250333746     
   7.0000003324821591E-012   9.7929060469531787E+019   496.52432952821698     
   8.0000003799796104E-012   9.7637893965495845E+019   496.03174584476000     
   9.0000004274770609E-012   9.7347880595239715E+019   495.54013854129630     
   1.0000000474974511E-011   9.7059014655832097E+019   495.04950471768723     
   1.1000000522471962E-011   9.6771290478153548E+019   494.55984148526841     
   1.2000000569969412E-011   9.6484702426662765E+019   494.07114596679304     
   1.3000000617466863E-011   9.6199244899164815E+019   493.58341529637573     
   1.4000000664964313E-011   9.5914912326581125E+019   493.09664661943623     
   1.5000000712461764E-011   9.5631699172721410E+019   492.61083709264398     
   1.6000000759959214E-011   9.5349599934057153E+019   492.12598388386255     
   1.7000000807456665E-011   9.5068609139497173E+019   491.64208417209471     
   1.8000000854954115E-011   9.4788721350164726E+019   491.15913514742778     
   1.9000000902451566E-011   9.4509931159176331E+019   490.67713401097905     
   2.0000000949949016E-011   9.4232233191422640E+019   490.19607797484190     
   2.1000000997446467E-011   9.3955622103350591E+019   489.71596426203189     
   2.2000001044943917E-011   9.3680092582747668E+019   489.23679010643343     
   2.3000001092441368E-011   9.3405639348527497E+019   488.75855275274677     
   2.4000001139938818E-011   9.3132257150517363E+019   488.28124945643481     
   2.5000001187436269E-011   9.2859940769247265E+019   487.80487748367102     
   2.6000001234933719E-011   9.2588685015740727E+019   487.32943411128696     
   2.7000001282431170E-011   9.2318484731307049E+019   486.85491662672064     
   2.8000001329928620E-011   9.2049334787335307E+019   486.38132232796454     
   2.9000001377426071E-011   9.1781230085090001E+019   485.90864852351484     
   3.0000001424923521E-011   9.1514165555508118E+019   485.43689253231997     
   3.1000001472420972E-011   9.1248136158997971E+019   484.96605168373014     
   3.2000001519918422E-011   9.0983136885239349E+019   484.49612331744709     
   3.3000001567415873E-011   9.0719162752985530E+019   484.02710478347359     
   3.4000001614913323E-011   9.0456208809866428E+019   483.55899344206398     
   3.5000001662410774E-011   9.0194270132193722E+019   483.09178666367438     
   3.6000001709908224E-011   8.9933341824767099E+019   482.62548182891379     
   3.7000001757405675E-011   8.9673419020682166E+019   482.16007632849482     
   3.8000001804903125E-011   8.9414496881139794E+019   481.69556756318514     
   3.9000001852400576E-011   8.9156570595257025E+019   481.23195294375904     
   4.0000001899898026E-011   8.8899635379879248E+019   480.76922989094948     
   4.1000001947395477E-011   8.8643686479394013E+019   480.30739583540014     
   4.2000001994892927E-011   8.8388719165546185E+019   479.84644821761776     
   4.3000002042390378E-011   8.8134728737254441E+019   479.38638448792506     
   4.4000002089887828E-011   8.7881710520429232E+019   478.92720210641363     
   4.5000002137385278E-011   8.7629659867792310E+019   478.46889854289725     
   4.6000002184882729E-011   8.7378572158697308E+019   478.01147127686517     
   4.7000002232380179E-011   8.7128442798951907E+019   477.55491779743636     
   4.8000002279877630E-011   8.6879267220641366E+019   477.09923560331310     
   4.9000002327375080E-011   8.6631040881953227E+019   476.64442220273560     
   5.0000002374872531E-011   8.6383759267003548E+019   476.19047511343649     
   5.1000002422369981E-011   8.6137417885664362E+019   475.73739186259564     
   5.2000002469867432E-011   8.5892012273392468E+019   475.28516998679527     
   5.3000002517364882E-011   8.5647537991059440E+019   474.83380703197531     
   5.4000002564862333E-011   8.5403990624783057E+019   474.38330055338912     
   5.5000002612359783E-011   8.5161365785760088E+019   473.93364811555904     
   5.6000002659857234E-011   8.4919659110099862E+019   473.48484729223287     
   5.7000002707354684E-011   8.4678866258659770E+019   473.03689566633994     
   5.8000002754852135E-011   8.4438982916881547E+019   472.58979082994802     
   5.9000002802349585E-011   8.4200004794628899E+019   472.14353038421979     
   6.0000002849847042E-011   8.3961927626026451E+019   471.69811193937028     
   6.1000002897344499E-011   8.3724747169299710E+019   471.25353311462408     
   6.2000002944841956E-011   8.3488459206616564E+019   470.80979153817282     
   6.3000002992339413E-011   8.3253059543929537E+019   470.36688484713324     
   6.4000003039836870E-011   8.3018544010819650E+019   469.92481068750493     
   6.5000003087334327E-011   8.2784908460341101E+019   469.48356671412887     
   6.6000003134831784E-011   8.2552148768867402E+019   469.04315059064601     
   6.7000003182329241E-011   8.2320260835938484E+019   468.60355998945568     
   6.8000003229826698E-011   8.2089240584108982E+019   468.16479259167494     
   6.9000003277324155E-011   8.1859083958797664E+019   467.72684608709778     
   7.0000003324821612E-011   8.1629786928138060E+019   467.28971817415425     
   7.1000003372319069E-011   8.1401345482830086E+019   466.85340655987056     
   7.2000003419816526E-011   8.1173755635992789E+019   466.41790895982865     
   7.3000003467313983E-011   8.0947013423018328E+019   465.98322309812664     
   7.4000003514811440E-011   8.0721114901426881E+019   465.54934670733877     
   7.5000003562308897E-011   8.0496056150722675E+019   465.11627752847642     
   7.6000003609806354E-011   8.0271833272251105E+019   464.68401331094861     
   7.7000003657303810E-011   8.0048442389056930E+019   464.25255181252311     
   7.8000003704801267E-011   7.9825879645743530E+019   463.82189079928764     
   7.9000003752298724E-011   7.9604141208333058E+019   463.39202804561143     
   8.0000003799796181E-011   7.9383223264127910E+019   462.96296133410664     
   8.1000003847293638E-011   7.9163122021572887E+019   462.53468845559047     
   8.2000003894791095E-011   7.8943833710118633E+019   462.10720720904715     
   8.3000003942288552E-011   7.8725354580086014E+019   461.68051540159024     
   8.4000003989786009E-011   7.8507680902531383E+019   461.25461084842516     
   8.5000004037283466E-011   7.8290808969112977E+019   460.82949137281179     
   8.6000004084780923E-011   7.8074735091958268E+019   460.40515480602750     
   8.7000004132278380E-011   7.7859455603532235E+019   459.98159898733030     
   8.8000004179775837E-011   7.7644966856506573E+019   459.55882176392208     
   8.9000004227273294E-011   7.7431265223630143E+019   459.13682099091204     
   9.0000004274770751E-011   7.7218347097599803E+019   458.71559453128071     
   9.1000004322268208E-011   7.7006208890932969E+019   458.29514025584365     
   9.2000004369765665E-011   7.6794847035840299E+019   457.87545604321565     
   9.3000004417263122E-011   7.6584257984099844E+019   457.45653977977497     
   9.4000004464760579E-011   7.6374438206931960E+019   457.03838935962796     
   9.5000004512258036E-011   7.6165384194875163E+019   456.62100268457368     
   9.6000004559755493E-011   7.5957092457662775E+019   456.20437766406894     
   9.7000004607252950E-011   7.5749559524100620E+019   455.78851221519324     
   9.8000004654750406E-011   7.5542781941945483E+019   455.37340426261426     
   9.9000004702247863E-011   7.5336756277784560E+019   454.95905173855300     
   1.0000000474974532E-010   7.5131479116915786E+019   454.54545258274987     
   1.0100000479724278E-010   7.4926947063228858E+019   454.13260474243020     
   1.0200000484474023E-010   7.4723156739087319E+019   453.72050617227040     
   1.0300000489223769E-010   7.4520104785211441E+019   453.30915483436434     
   1.0400000493973515E-010   7.4317787860561871E+019   452.89854869818942     
   1.0500000498723261E-010   7.4116202642224284E+019   452.48868574057343     
   1.0600000503473006E-010   7.3915345825294664E+019   452.07956394566133     
   1.0700000508222752E-010   7.3715214122765599E+019   451.67118130488194     
   1.0800000512972498E-010   7.3515804265413272E+019   451.26353581691529     
   1.0900000517722243E-010   7.3317113001685344E+019   450.85662548766004     
   1.1000000522471989E-010   7.3119137097589596E+019   450.45044833020052     
   1.1100000527221735E-010   7.2921873336583389E+019   450.04500236477492     
   1.1200000531971480E-010   7.2725318519463920E+019   449.64028561874272     
   1.1300000536721226E-010   7.2529469464259256E+019   449.23629612655299     
   1.1400000541470972E-010   7.2334323006120182E+019   448.83303192971226     
   1.1500000546220717E-010   7.2139875997212778E+019   448.43049107675319     
   1.1600000550970463E-010   7.1946125306611835E+019   448.02867162320285     
   1.1700000555720208E-010   7.1753067820194865E+019   447.62757163155163     
   1.1800000560469953E-010   7.1560700440537137E+019   447.22718917122182     
   1.1900000565219699E-010   7.1369020086807233E+019   446.82752231853698     
   1.2000000569969445E-010   7.1178023694663475E+019   446.42856915669068     
   1.2100000574719190E-010   7.0987708216150983E+019   446.03032777571644     
   1.2200000579468936E-010   7.0798070619599585E+019   445.63279627245669     
   1.2300000584218682E-010   7.0609107889522426E+019   445.23597275053277     
   1.2400000588968427E-010   7.0420817026515165E+019   444.83985532031471     
   1.2500000593718173E-010   7.0233195047156122E+019   444.44444209889122     
   1.2600000598467919E-010   7.0046238983906918E+019   444.04973121003985     
   1.2700000603217665E-010   6.9859945885013959E+019   443.65572078419729     
   1.2800000607967410E-010   6.9674312814410482E+019   443.26240895842994     
   1.2900000612717156E-010   6.9489336851619611E+019   442.86979387640457     
   1.3000000617466902E-010   6.9305015091657507E+019   442.47787368835890     
   1.3100000622216647E-010   6.9121344644937859E+019   442.08664655107270     
   1.3200000626966393E-010   6.8938322637176644E+019   441.69611062783906     
   1.3300000631716139E-010   6.8755946209297678E+019   441.30626408843517     
   1.3400000636465884E-010   6.8574212517338808E+019   440.91710510909439     
   1.3500000641215630E-010   6.8393118732358787E+019   440.52863187247709     
   1.3600000645965376E-010   6.8212662040344814E+019   440.14084256764306     
   1.3700000650715121E-010   6.8032839642120749E+019   439.75373539002283     
   1.3800000655464867E-010   6.7853648753255801E+019   439.36730854138983     
   1.3900000660214613E-010   6.7675086603974115E+019   438.98156022983284     
   1.4000000664964359E-010   6.7497150439064789E+019   438.59648866972776     
   1.4100000669714104E-010   6.7319837517792633E+019   438.21209208171058     
   1.4200000674463850E-010   6.7143145113809510E+019   437.82836869264969     
   1.4300000679213596E-010   6.6967070515066298E+019   437.44531673561846     
   1.4400000683963341E-010   6.6791611023725478E+019   437.06293444986864     
   1.4500000688713087E-010   6.6616763956074299E+019   436.68122008080286     
   1.4600000693462833E-010   6.6442526642438627E+019   436.30017187994804     
   1.4700000698212578E-010   6.6268896427097293E+019   435.91978810492867     
   1.4800000702962324E-010   6.6095870668197151E+019   435.54006701944024     
   1.4900000707712070E-010   6.5923446737668604E+019   435.16100689322286     
   1.5000000712461816E-010   6.5751622021141766E+019   434.78260600203475     
   1.5100000717211561E-010   6.5580393917863297E+019   434.40486262762653     
   1.5200000721961307E-010   6.5409759840613663E+019   434.02777505771479     
   1.5300000726711053E-010   6.5239717215625077E+019   433.65134158595646     
   1.5400000731460798E-010   6.5070263482499965E+019   433.27556051192300     
   1.5500000736210544E-010   6.4901396094129971E+019   432.90043014107482     
   1.5600000740960290E-010   6.4733112516615635E+019   432.52594878473570     
   1.5700000745710035E-010   6.4565410229186470E+019   432.15211476006772     
   1.5800000750459781E-010   6.4398286724121706E+019   431.77892639004563     
   1.5900000755209527E-010   6.4231739506671526E+019   431.40638200343221     
   1.6000000759959272E-010   6.4065766094978867E+019   431.03447993475305     
   1.6100000764709018E-010   6.3900364020001751E+019   430.66321852427183     
   1.6200000769458764E-010   6.3735530825436160E+019   430.29259611796550     
   1.6300000774208510E-010   6.3571264067639419E+019   429.92261106750010     
   1.6400000778958255E-010   6.3407561315554132E+019   429.55326173020569     
   1.6500000783708001E-010   6.3244420150632628E+019   429.18454646905269     
   1.6600000788457747E-010   6.3081838166761898E+019   428.81646365262731     
   1.6700000793207492E-010   6.2919812970189111E+019   428.44901165510743     
   1.6800000797957238E-010   6.2758342179447570E+019   428.08218885623910     
   1.6900000802706984E-010   6.2597423425283244E+019   427.71599364131214     
   1.7000000807456729E-010   6.2437054350581686E+019   427.35042440113699     
   1.7100000812206475E-010   6.2277232610295636E+019   426.98547953202080     
   1.7200000816956221E-010   6.2117955871372919E+019   426.62115743574401     
   1.7300000821705966E-010   6.1959221812684939E+019   426.25745651953719     
   1.7400000826455712E-010   6.1801028124955681E+019   425.89437519605758     
   1.7500000831205458E-010   6.1643372510691197E+019   425.53191188336638     
   1.7600000835955204E-010   6.1486252684109390E+019   425.17006500490533     
   1.7700000840704949E-010   6.1329666371070550E+019   424.80883298947418     
   1.7800000845454695E-010   6.1173611309008175E+019   424.44821427120763     
   1.7900000850204441E-010   6.1018085246860345E+019   424.08820728955317     
   1.8000000854954186E-010   6.0863085945001484E+019   423.72881048924813     
   1.8100000859703932E-010   6.0708611175174717E+019   423.37002232029744     
   1.8200000864453678E-010   6.0554658720424493E+019   423.01184123795139     
   1.8300000869203423E-010   6.0401226375029850E+019   422.65426570268357     
   1.8400000873953169E-010   6.0248311944438055E+019   422.29729418016842     
   1.8500000878702915E-010   6.0095913245198582E+019   421.94092514125975     
   1.8600000883452661E-010   5.9944028104897774E+019   421.58515706196857     
   1.8700000888202406E-010   5.9792654362093756E+019   421.22998842344151     
   1.8800000892952152E-010   5.9641789866251780E+019   420.87541771193929     
   1.8900000897701898E-010   5.9491432477680173E+019   420.52144341881501     
   1.9000000902451643E-010   5.9341580067466543E+019   420.16806404049277     
   1.9100000907201389E-010   5.9192230517414494E+019   419.81527807844668     
   1.9200000911951135E-010   5.9043381719980737E+019   419.46308403917925     
   1.9300000916700880E-010   5.8895031578212639E+019   419.11148043420064     
   1.9400000921450626E-010   5.8747178005686206E+019   418.76046578000762     
   1.9500000926200372E-010   5.8599818926444454E+019   418.41003859806250     
   1.9600000930950117E-010   5.8452952274936168E+019   418.06019741477269     
   1.9700000935699863E-010   5.8306575995955134E+019   417.71094076146977     
   1.9800000940449609E-010   5.8160688044579734E+019   417.36226717438916     
   1.9900000945199355E-010   5.8015286386112946E+019   417.01417519464951     
   2.0000000949949100E-010   5.7870368996022747E+019   416.66666336823232     
   2.0100000954698846E-010   5.7725933859882934E+019   416.31973024596203     
   2.0200000959448592E-010   5.7581978973314318E+019   415.97337438348529     
   2.0300000964198337E-010   5.7438502341926281E+019   415.62759434125161     
   2.0400000968948083E-010   5.7295501981258793E+019   415.28238868449279     
   2.0500000973697829E-010   5.7152975916724732E+019   414.93775598320343     
   2.0600000978447574E-010   5.7010922183552680E+019   414.59369481212116     
   2.0700000983197320E-010   5.6869338826729939E+019   414.25020375070682     
   2.0800000987947066E-010   5.6728223900946194E+019   413.90728138312517     
   2.0900000992696812E-010   5.6587575470537196E+019   413.56492629822509     
   2.1000000997446557E-010   5.6447391609429213E+019   413.22313708952066     
   2.1100001002196303E-010   5.6307670401083417E+019   412.88191235517149     
   2.1200001006946049E-010   5.6168409938441011E+019   412.54125069796379     
   2.1300001011695794E-010   5.6029608323868508E+019   412.20115072529126     
   2.1400001016445540E-010   5.5891263669103477E+019   411.86161104913589     
   2.1500001021195286E-010   5.5753374095200526E+019   411.52263028604960     
   2.1600001025945031E-010   5.5615937732477764E+019   411.18420705713487     
   2.1700001030694777E-010   5.5478952720463553E+019   410.84633998802644     
   2.1800001035444523E-010   5.5342417207843619E+019   410.50902770887251     
   2.1900001040194268E-010   5.5206329352408482E+019   410.17226885431626     
   2.2000001044944014E-010   5.5070687321001304E+019   409.83606206347753     
   2.2100001049693760E-010   5.4935489289466012E+019   409.50040597993433     
   2.2200001054443506E-010   5.4800733442595766E+019   409.16529925170465     
   2.2300001059193251E-010   5.4666417974081798E+019   408.83074053122846     
   2.2400001063942997E-010   5.4532541086462558E+019   408.49672847534941     
   2.2500001068692743E-010   5.4399100991073214E+019   408.16326174529701     
   2.2600001073442488E-010   5.4266095907995443E+019   407.83033900666874     
   2.2700001078192234E-010   5.4133524066007564E+019   407.49795892941211     
   2.2800001082941980E-010   5.4001383702535070E+019   407.16612018780711     
   2.2900001087691725E-010   5.3869673063601349E+019   406.83482146044861     
   2.3000001092441471E-010   5.3738390403778806E+019   406.50406143022849     
   2.3100001097191217E-010   5.3607533986140316E+019   406.17383878431872     
   2.3200001101940963E-010   5.3477102082210955E+019   405.84415221415344     
   2.3300001106690708E-010   5.3347092971920007E+019   405.51500041541215     
   2.3400001111440451E-010   5.3217504943553413E+019   405.18638208800218     
   2.3500001116190194E-010   5.3088336293706375E+019   404.85829593604160     
   2.3600001120939938E-010   5.2959585327236383E+019   404.53074066784251     
   2.3700001125689681E-010   5.2831250357216428E+019   404.20371499589368     
   2.3800001130439424E-010   5.2703329704888680E+019   403.87721763684385     
   2.3900001135189167E-010   5.2575821699618324E+019   403.55124731148499     
   2.4000001139938910E-010   5.2448724678847726E+019   403.22580274473569     
   2.4100001144688653E-010   5.2322036988050883E+019   402.90088266562395     
   2.4200001149438396E-010   5.2195756980688306E+019   402.57648580727158     
   2.4300001154188139E-010   5.2069883018161979E+019   402.25261090687701     
   2.4400001158937882E-010   5.1944413469770744E+019   401.92925670569906     
   2.4500001163687626E-010   5.1819346712665915E+019   401.60642194904079     
   2.4600001168437369E-010   5.1694681131807244E+019   401.28410538623319     
   2.4700001173187112E-010   5.1570415119919071E+019   400.96230577061903     
   2.4800001177936855E-010   5.1446547077446836E+019   400.64102185953664     
   2.4900001182686598E-010   5.1323075412513817E+019   400.32025241430426     
   2.5000001187436341E-010   5.1199998540878266E+019   399.99999620020378     
   2.5100001192186084E-010   5.1077314885890507E+019   399.68025198646501     
   2.5200001196935827E-010   5.0955022878450762E+019   399.36101854624997     
   2.5300001201685570E-010   5.0833120956966871E+019   399.04229465663718     
   2.5400001206435314E-010   5.0711607567312462E+019   398.72407909860601     
   2.5500001211185057E-010   5.0590481162785300E+019   398.40637065702117     
   2.5600001215934800E-010   5.0469740204065997E+019   398.08916812061727     
   2.5700001220684543E-010   5.0349383159176905E+019   397.77247028198326     
   2.5800001225434286E-010   5.0229408503441261E+019   397.45627593754733     
   2.5900001230184029E-010   5.0109814719442715E+019   397.14058388756149     
   2.6000001234933772E-010   4.9990600296984936E+019   396.82539293608664     
   2.6100001239683515E-010   4.9871763733051621E+019   396.51070189097715     
   2.6200001244433258E-010   4.9753303531766678E+019   396.19650956386596     
   2.6300001249183002E-010   4.9635218204354707E+019   395.88281477014982     
   2.6400001253932745E-010   4.9517506269101613E+019   395.56961632897395     
   2.6500001258682488E-010   4.9400166251315724E+019   395.25691306321778     
   2.6600001263432231E-010   4.9283196683288879E+019   394.94470379947973     
   2.6700001268181974E-010   4.9166596104257888E+019   394.63298736806280     
   2.6800001272931717E-010   4.9050363060366254E+019   394.32176260295995     
   2.6900001277681460E-010   4.8934496104626086E+019   394.01102834183934     
   2.7000001282431203E-010   4.8818993796880269E+019   393.70078342603017     
   2.7100001287180946E-010   4.8703854703764914E+019   393.39102670050806     
   2.7200001291930690E-010   4.8589077398671860E+019   393.08175701388063     
   2.7300001296680433E-010   4.8474660461711786E+019   392.77297321837375     
   2.7400001301430176E-010   4.8360602479677129E+019   392.46467416981659     
   2.7500001306179919E-010   4.8246902046005502E+019   392.15685872762816     
   2.7600001310929662E-010   4.8133557760743309E+019   391.84952575480281     
   2.7700001315679405E-010   4.8020568230509445E+019   391.54267411789641     
   2.7800001320429148E-010   4.7907932068459422E+019   391.23630268701237     
   2.7900001325178891E-010   4.7795647894249546E+019   390.93041033578788     
   2.8000001329928634E-010   4.7683714334001455E+019   390.62499594137995     
   2.8100001334678377E-010   4.7572130020266795E+019   390.32005838445167     
   2.8200001339428121E-010   4.7460893591992107E+019   390.01559654915866     
   2.8300001344177864E-010   4.7350003694484005E+019   389.71160932313546     
   2.8400001348927607E-010   4.7239458979374539E+019   389.40809559748180     
   2.8500001353677350E-010   4.7129258104586707E+019   389.10505426674945     
   2.8600001358427093E-010   4.7019399734300262E+019   388.80248422892828     
   2.8700001363176836E-010   4.6909882538917749E+019   388.50038438543339     
   2.8800001367926579E-010   4.6800705195030684E+019   388.19875364109168     
   2.8900001372676322E-010   4.6691866385385923E+019   387.89759090412849     
   2.9000001377426065E-010   4.6583364798852391E+019   387.59689508615452     
   2.9100001382175809E-010   4.6475199130387808E+019   387.29666510215276     
   2.9200001386925552E-010   4.6367368081005789E+019   386.99689987046526     
   2.9300001391675295E-010   4.6259870357743092E+019   386.69759831278043     
   2.9400001396425038E-010   4.6152704673626948E+019   386.39875935411982     
   2.9500001401174781E-010   4.6045869747642884E+019   386.10038192282536     
   2.9600001405924524E-010   4.5939364304702431E+019   385.80246495054672     
   2.9700001410674267E-010   4.5833187075611214E+019   385.50500737222831     
   2.9800001415424010E-010   4.5727336797037183E+019   385.20800812609662     
   2.9900001420173753E-010   4.5621812211479044E+019   384.91146615364772     
   3.0000001424923497E-010   4.5516612067234906E+019   384.61538039963466     
   3.0100001429673240E-010   4.5411735118371070E+019   384.31974981205485     
   3.0200001434422983E-010   4.5307180124691046E+019   384.02457334213767     
   3.0300001439172726E-010   4.5202945851704803E+019   383.72984994433205     
   3.0400001443922469E-010   4.5099031070598095E+019   383.43557857629412     
   3.0500001448672212E-010   4.4995434558202061E+019   383.14175819887492     
   3.0600001453421955E-010   4.4892155096963047E+019   382.84838777610838     
   3.0700001458171698E-010   4.4789191474912403E+019   382.55546627519857     
   3.0800001462921441E-010   4.4686542485636817E+019   382.26299266650824     
   3.0900001467671185E-010   4.4584206928248480E+019   381.97096592354637     
   3.1000001472420928E-010   4.4482183607355654E+019   381.67938502295641     
   3.1100001477170671E-010   4.4380471333033304E+019   381.38824894450391     
   3.1200001481920414E-010   4.4279068920794006E+019   381.09755667106515     
   3.1300001486670157E-010   4.4177975191558930E+019   380.80730718861491     
   3.1400001491419900E-010   4.4077188971629093E+019   380.51749948621483     
   3.1500001496169643E-010   4.3976709092656710E+019   380.22813255600164     
   3.1600001500919386E-010   4.3876534391616725E+019   379.93920539317543     
   3.1700001505669129E-010   4.3776663710778622E+019   379.65071699598815     
   3.1800001510418873E-010   4.3677095897678283E+019   379.36266636573197     
   3.1900001515168616E-010   4.3577829805090021E+019   379.07505250672767     
   3.2000001519918359E-010   4.3478864290998911E+019   378.78787442631329     
   3.2100001524668102E-010   4.3380198218573119E+019   378.50113113483269     
   3.2200001529417845E-010   4.3281830456136499E+019   378.21482164562406     
   3.2300001534167588E-010   4.3183759877141381E+019   377.92894497500879     
   3.2400001538917331E-010   4.3085985360141386E+019   377.64350014228000     
   3.2500001543667074E-010   4.2988505788764602E+019   377.35848616969156     
   3.2600001548416817E-010   4.2891320051686736E+019   377.07390208244664     
   3.2700001553166561E-010   4.2794427042604540E+019   376.78974690868699     
   3.2800001557916304E-010   4.2697825660209373E+019   376.50601967948148     
   3.2900001562666047E-010   4.2601514808160862E+019   376.22271942881514     
   3.3000001567415790E-010   4.2505493395060842E+019   375.93984519357861     
   3.3100001572165533E-010   4.2409760334427365E+019   375.65739601355665     
   3.3200001576915276E-010   4.2314314544668844E+019   375.37537093141776     
   3.3300001581665019E-010   4.2219154949058429E+019   375.09376899270296     
   3.3400001586414762E-010   4.2124280475708498E+019   374.81258924581539     
   3.3500001591164505E-010   4.2029690057545269E+019   374.53183074200933     
   3.3600001595914249E-010   4.1935382632283652E+019   374.25149253537955     
   3.3700001600663992E-010   4.1841357142402154E+019   373.97157368285099     
   3.3800001605413735E-010   4.1747612535117947E+019   373.69207324416755     
   3.3900001610163478E-010   4.1654147762362204E+019   373.41299028188234     
   3.4000001614913221E-010   4.1560961780755423E+019   373.13432386134667     
   3.4100001619662964E-010   4.1468053551582986E+019   372.85607305069971     
   3.4200001624412707E-010   4.1375422040770839E+019   372.57823692085827     
   3.4300001629162450E-010   4.1283066218861339E+019   372.30081454550628     
   3.4400001633912193E-010   4.1190985060989198E+019   372.02380500108461     
   3.4500001638661937E-010   4.1099177546857628E+019   371.74720736678069     
   3.4600001643411680E-010   4.1007642660714611E+019   371.47102072451844     
   3.4700001648161423E-010   4.0916379391329223E+019   371.19524415894813     
   3.4800001652911166E-010   4.0825386731968299E+019   370.91987675743616     
   3.4900001657660909E-010   4.0734663680372982E+019   370.64491761005490     
   3.5000001662410652E-010   4.0644209238735651E+019   370.37036580957306     
   3.5100001667160395E-010   4.0554022413676749E+019   370.09622045144516     
   3.5200001671910138E-010   4.0464102216222007E+019   369.82248063380212     
   3.5300001676659881E-010   4.0374447661779616E+019   369.54914545744106     
   3.5400001681409625E-010   4.0285057770117521E+019   369.27621402581553     
   3.5500001686159368E-010   4.0195931565341041E+019   369.00368544502567     
   3.5600001690909111E-010   4.0107068075870405E+019   368.73155882380860     
   3.5700001695658854E-010   4.0018466334418502E+019   368.45983327352855     
   3.5800001700408597E-010   3.9930125377968865E+019   368.18850790816720     
   3.5900001705158340E-010   3.9842044247753540E+019   367.91758184431399     
   3.6000001709908083E-010   3.9754221989231395E+019   367.64705420115689     
   3.6100001714657826E-010   3.9666657652066304E+019   367.37692410047237     
   3.6200001719407569E-010   3.9579350290105557E+019   367.10719066661613     
   3.6300001724157313E-010   3.9492298961358406E+019   366.83785302651381     
   3.6400001728907056E-010   3.9405502727974732E+019   366.56891030965124     
   3.6500001733656799E-010   3.9318960656223805E+019   366.30036164806512     
   3.6600001738406542E-010   3.9232671816473182E+019   366.03220617633394     
   3.6700001743156285E-010   3.9146635283167789E+019   365.76444303156848     
   3.6800001747906028E-010   3.9060850134809010E+019   365.49707135340253     
   3.6900001752655771E-010   3.8975315453933994E+019   365.23009028398371     
   3.7000001757405514E-010   3.8890030327095050E+019   364.96349896796448     
   3.7100001762155257E-010   3.8804993844839137E+019   364.69729655249262     
   3.7200001766905001E-010   3.8720205101687546E+019   364.43148218720262     
   3.7300001771654744E-010   3.8635663196115558E+019   364.16605502420600     
   3.7400001776404487E-010   3.8551367230532444E+019   363.90101421808305     
   3.7500001781154230E-010   3.8467316311261348E+019   363.63635892587320     
   3.7600001785903973E-010   3.8383509548519465E+019   363.37208830706646     
   3.7700001790653716E-010   3.8299946056398176E+019   363.10820152359440     
   3.7800001795403459E-010   3.8216624952843469E+019   362.84469773982130     
   3.7900001800153202E-010   3.8133545359636333E+019   362.58157612253530     
   3.8000001804902945E-010   3.8050706402373337E+019   362.31883584093964     
   3.8100001809652689E-010   3.7968107210447266E+019   362.05647606664394     
   3.8200001814402432E-010   3.7885746917027979E+019   361.79449597365550     
   3.8300001819152175E-010   3.7803624659043271E+019   361.53289473837060     
   3.8400001823901918E-010   3.7721739577159860E+019   361.27167153956583     
   3.8500001828651661E-010   3.7640090815764513E+019   361.01082555838957     
   3.8600001833401404E-010   3.7558677522945294E+019   360.75035597835347     
   3.8700001838151147E-010   3.7477498850472878E+019   360.49026198532380     
   3.8800001842900890E-010   3.7396553953781989E+019   360.23054276751304     
   3.8900001847650633E-010   3.7315841991952949E+019   359.97119751547149     
   3.9000001852400377E-010   3.7235362127693349E+019   359.71222542207869     
   3.9100001857150120E-010   3.7155113527319798E+019   359.45362568253523     
   3.9200001861899863E-010   3.7075095360739770E+019   359.19539749435444     
   3.9300001866649606E-010   3.6995306801433616E+019   358.93754005735377     
   3.9400001871399349E-010   3.6915747026436596E+019   358.68005257364695     
   3.9500001876149092E-010   3.6836415216321036E+019   358.42293424763540     
   3.9600001880898835E-010   3.6757310555178676E+019   358.16618428600032     
   3.9700001885648578E-010   3.6678432230602994E+019   357.90980189769431     
   3.9800001890398321E-010   3.6599779433671680E+019   357.65378629393336     
   3.9900001895148065E-010   3.6521351358929261E+019   357.39813668818880     
   4.0000001899897808E-010   3.6443147204369727E+019   357.14285229617911     
   4.0100001904647551E-010   3.6365166171419337E+019   356.88793233586205     
   4.0200001909397294E-010   3.6287407464919515E+019   356.63337602742655     
   4.0300001914147037E-010   3.6209870293109740E+019   356.37918259328472     
   4.0400001918896780E-010   3.6132553867610714E+019   356.12535125806420     
   4.0500001923646523E-010   3.6055457403407479E+019   355.87188124860000     
   4.0600001928396266E-010   3.5978580118832697E+019   355.61877179392667     
   4.0700001933146009E-010   3.5901921235549979E+019   355.36602212527077     
   4.0800001937895753E-010   3.5825479978537353E+019   355.11363147604266     
   4.0900001942645496E-010   3.5749255576070840E+019   354.86159908182907     
   4.1000001947395239E-010   3.5673247259708031E+019   354.60992418038529     
   4.1100001952144982E-010   3.5597454264271860E+019   354.35860601162739     
   4.1200001956894725E-010   3.5521875827834425E+019   354.10764381762476     
   4.1300001961644468E-010   3.5446511191700902E+019   353.85703684259238     
   4.1400001966394211E-010   3.5371359600393535E+019   353.60678433288308     
   4.1500001971143954E-010   3.5296420301635744E+019   353.35688553698026     
   4.1600001975893697E-010   3.5221692546336322E+019   353.10733970549040     
   4.1700001980643440E-010   3.5147175588573667E+019   352.85814609113498     
   4.1800001985393184E-010   3.5072868685580210E+019   352.60930394874396     
   4.1900001990142927E-010   3.4998771097726829E+019   352.36081253524753     
   4.2000001994892670E-010   3.4924882088507388E+019   352.11267110966912     
   4.2100001999642413E-010   3.4851200924523373E+019   351.86487893311801     
   4.2200002004392156E-010   3.4777726875468599E+019   351.61743526878178     
   4.2300002009141899E-010   3.4704459214114017E+019   351.37033938191939     
   4.2400002013891642E-010   3.4631397216292610E+019   351.12359053985352     
   4.2500002018641385E-010   3.4558540160884290E+019   350.87718801196348     
   4.2600002023391128E-010   3.4485887329801060E+019   350.63113106967802     
   4.2700002028140872E-010   3.4413438007972082E+019   350.38541898646821     
   4.2800002032890615E-010   3.4341191483328905E+019   350.14005103784018     
   4.2900002037640358E-010   3.4269147046790795E+019   349.89502650132800     
   4.3000002042390101E-010   3.4197303992250085E+019   349.65034465648671     
   4.3100002047139844E-010   3.4125661616557670E+019   349.40600478488500     
   4.3200002051889587E-010   3.4054219219508523E+019   349.16200617009855     
   4.3300002056639330E-010   3.3982976103827366E+019   348.91834809770273     
   4.3400002061389073E-010   3.3911931575154336E+019   348.67502985526573     
   4.3500002066138816E-010   3.3841084942030815E+019   348.43205073234157     
   4.3600002070888560E-010   3.3770435515885261E+019   348.18941002046330     
   4.3700002075638303E-010   3.3699982611019178E+019   347.94710701313608     
   4.3800002080388046E-010   3.3629725544593134E+019   347.70514100583023     
   4.3900002085137789E-010   3.3559663636612817E+019   347.46351129597434     
   4.4000002089887532E-010   3.3489796209915322E+019   347.22221718294873     
   4.4100002094637275E-010   3.3420122590155297E+019   346.98125796807858     
   4.4200002099387018E-010   3.3350642105791341E+019   346.74063295462702     
   4.4300002104136761E-010   3.3281354088072368E+019   346.50034144778857     
   4.4400002108886504E-010   3.3212257871024144E+019   346.26038275468250     
   4.4500002113636248E-010   3.3143352791435788E+019   346.02075618434594     
   4.4600002118385991E-010   3.3074638188846436E+019   345.78146104772753     
   4.4700002123135734E-010   3.3006113405531927E+019   345.54249665768060     
   4.4800002127885477E-010   3.2937777786491609E+019   345.30386232895671     
   4.4900002132635220E-010   3.2869630679435174E+019   345.06555737819906     
   4.5000002137384963E-010   3.2801671434769568E+019   344.82758112393600     
   4.5100002142134706E-010   3.2733899405586026E+019   344.58993288657445     
   4.5200002146884449E-010   3.2666313947647123E+019   344.35261198839351     
   4.5300002151634192E-010   3.2598914419373879E+019   344.11561775353800     
   4.5400002156383936E-010   3.2531700181833019E+019   343.87894950801211     
   4.5500002161133679E-010   3.2464670598724248E+019   343.64260657967276     
   4.5600002165883422E-010   3.2397825036367548E+019   343.40658829822365     
   4.5700002170633165E-010   3.2331162863690666E+019   343.17089399520847     
   4.5800002175382908E-010   3.2264683452216570E+019   342.93552300400495     
   4.5900002180132651E-010   3.2198386176051007E+019   342.70047465981844     
   4.6000002184882394E-010   3.2132270411870106E+019   342.46574829967545     
   4.6100002189632137E-010   3.2066335538908127E+019   342.23134326241791     
   4.6200002194381880E-010   3.2000580938945192E+019   341.99725888869642     
   4.6300002199131624E-010   3.1935005996295074E+019   341.76349452096440     
   4.6400002203881367E-010   3.1869610097793163E+019   341.53004950347190     
   4.6500002208631110E-010   3.1804392632784380E+019   341.29692318225938     
   4.6600002213380858E-010   3.1739352993111192E+019   341.06411490515154     
   4.6700002218130601E-010   3.1674490573101748E+019   340.83162402175151     
   4.6800002222880344E-010   3.1609804769557991E+019   340.59944988343443     
   4.6900002227630087E-010   3.1545294981743911E+019   340.36759184334181     
   4.7000002232379831E-010   3.1480960611373814E+019   340.13604925637514     
   4.7100002237129574E-010   3.1416801062600622E+019   339.90482147919022     
   4.7200002241879317E-010   3.1352815742004404E+019   339.67390787019087     
   4.7300002246629060E-010   3.1289004058580726E+019   339.44330778952343     
   4.7400002251378803E-010   3.1225365423729258E+019   339.21302059907055     
   4.7500002256128546E-010   3.1161899251242357E+019   338.98304566244525     
   4.7600002260878289E-010   3.1098604957293715E+019   338.75338234498531     
   4.7700002265628032E-010   3.1035481960427086E+019   338.52403001374728     
   4.7800002270377775E-010   3.0972529681545073E+019   338.29498803750056     
   4.7900002275127519E-010   3.0909747543897985E+019   338.06625578672185     
   4.8000002279877262E-010   3.0847134973072708E+019   337.83783263358924     
   4.8100002284627005E-010   3.0784691396981682E+019   337.60971795197651     
   4.8200002289376748E-010   3.0722416245851955E+019   337.38191111744732     
   4.8300002294126491E-010   3.0660308952214209E+019   337.15441150724968     
   4.8400002298876234E-010   3.0598368950891962E+019   336.92721850031018     
   4.8500002303625977E-010   3.0536595678990680E+019   336.70033147722813     
   4.8600002308375720E-010   3.0474988575887151E+019   336.47374982027031     
   4.8700002313125463E-010   3.0413547083218702E+019   336.24747291336524     
   4.8800002317875206E-010   3.0352270644872634E+019   336.02150014209741     
   4.8900002322624950E-010   3.0291158706975601E+019   335.79583089370198     
   4.9000002327374693E-010   3.0230210717883142E+019   335.57046455705904     
   4.9100002332124436E-010   3.0169426128169206E+019   335.34540052268812     
   4.9200002336874179E-010   3.0108804390615740E+019   335.12063818274288     
   4.9300002341623922E-010   3.0048344960202334E+019   334.89617693100541     
   4.9400002346373665E-010   2.9988047294095978E+019   334.67201616288088     
   4.9500002351123408E-010   2.9927910851640803E+019   334.44815527539208     
   4.9600002355873151E-010   2.9867935094347870E+019   334.22459366717419     
   4.9700002360622894E-010   2.9808119485885096E+019   334.00133073846905     
   4.9800002365372638E-010   2.9748463492067131E+019   333.77836589112007     
   4.9900002370122381E-010   2.9688966580845388E+019   333.55569852856689     
   5.0000002374872124E-010   2.9629628222298046E+019   333.33332805583979     
   5.0100002379621867E-010   2.9570447888620147E+019   333.11125387955479     
   5.0200002384371610E-010   2.9511425054113743E+019   332.88947540790804     
   5.0300002389121353E-010   2.9452559195178070E+019   332.66799205067065     
   5.0400002393871096E-010   2.9393849790299828E+019   332.44680321918355     
   5.0500002398620839E-010   2.9335296320043446E+019   332.22590832635223     
   5.0600002403370582E-010   2.9276898267041444E+019   332.00530678664148     
   5.0700002408120326E-010   2.9218655115984843E+019   331.78499801607040     
   5.0800002412870069E-010   2.9160566353613578E+019   331.56498143220676     
   5.0900002417619812E-010   2.9102631468707054E+019   331.34525645416267     
   5.1000002422369555E-010   2.9044849952074662E+019   331.12582250258868     
   5.1100002427119298E-010   2.8987221296546394E+019   330.90667899966917     
   5.1200002431869041E-010   2.8929744996963484E+019   330.68782536911715     
   5.1300002436618784E-010   2.8872420550169121E+019   330.46926103616920     
   5.1400002441368527E-010   2.8815247454999171E+019   330.25098542758019     
   5.1500002446118270E-010   2.8758225212273029E+019   330.03299797161890     
   5.1600002450868014E-010   2.8701353324784427E+019   329.81529809806227     
   5.1700002455617757E-010   2.8644631297292325E+019   329.59788523819105     
   5.1800002460367500E-010   2.8588058636511887E+019   329.38075882478449     
   5.1900002465117243E-010   2.8531634851105440E+019   329.16391829211557     
   5.2000002469866986E-010   2.8475359451673522E+019   328.94736307594587     
   5.2100002474616729E-010   2.8419231950745993E+019   328.73109261352096     
   5.2200002479366472E-010   2.8363251862773121E+019   328.51510634356544     
   5.2300002484116215E-010   2.8307418704116797E+019   328.29940370627793     
   5.2400002488865958E-010   2.8251731993041756E+019   328.08398414332640     
   5.2500002493615702E-010   2.8196191249706828E+019   327.86884709784323     
   5.2600002498365445E-010   2.8140795996156281E+019   327.65399201442062     
   5.2700002503115188E-010   2.8085545756311159E+019   327.43941833910554     
   5.2800002507864931E-010   2.8030440055960723E+019   327.22512551939514     
   5.2900002512614674E-010   2.7975478422753878E+019   327.01111300423207     
   5.3000002517364417E-010   2.7920660386190639E+019   326.79738024399938     
   5.3100002522114160E-010   2.7865985477613756E+019   326.58392669051636     
   5.3200002526863903E-010   2.7811453230200238E+019   326.37075179703351     
   5.3300002531613646E-010   2.7757063178952983E+019   326.15785501822779     
   5.3400002536363390E-010   2.7702814860692505E+019   325.94523581019848     
   5.3500002541113133E-010   2.7648707814048555E+019   325.73289363046172     
   5.3600002545862876E-010   2.7594741579451986E+019   325.52082793794671     
   5.3700002550612619E-010   2.7540915699126477E+019   325.30903819299067     
   5.3800002555362362E-010   2.7487229717080441E+019   325.09752385733441     
   5.3900002560112105E-010   2.7433683179098857E+019   324.88628439411758     
   5.4000002564861848E-010   2.7380275632735224E+019   324.67531926787444     
   5.4100002569611591E-010   2.7327006627303539E+019   324.46462794452907     
   5.4200002574361334E-010   2.7273875713870303E+019   324.25420989139104     
   5.4300002579111078E-010   2.7220882445246583E+019   324.04406457715078     
   5.4400002583860821E-010   2.7168026375980081E+019   323.83419147187516     
   5.4500002588610564E-010   2.7115307062347317E+019   323.62459004700304     
   5.4600002593360307E-010   2.7062724062345765E+019   323.41525977534087     
   5.4700002598110050E-010   2.7010276935686078E+019   323.20620013105832     
   5.4800002602859793E-010   2.6957965243784380E+019   322.99741058968362     
   5.4900002607609536E-010   2.6905788549754524E+019   322.78889062809947     
   5.5000002612359279E-010   2.6853746418400428E+019   322.58063972453851     
   5.5100002617109022E-010   2.6801838416208511E+019   322.37265735857909     
   5.5200002621858766E-010   2.6750064111340007E+019   322.16494301114062     
   5.5300002626608509E-010   2.6698423073623532E+019   321.95749616447972     
   5.5400002631358252E-010   2.6646914874547499E+019   321.75031630218564     
   5.5500002636107995E-010   2.6595539087252697E+019   321.54340290917600     
   5.5600002640857738E-010   2.6544295286524838E+019   321.33675547169247     
   5.5700002645607481E-010   2.6493183048787145E+019   321.13037347729664     
   5.5800002650357224E-010   2.6442201952093065E+019   320.92425641486574     
   5.5900002655106967E-010   2.6391351576118899E+019   320.71840377458841     
   5.6000002659856710E-010   2.6340631502156546E+019   320.51281504796054     
   5.6100002664606454E-010   2.6290041313106252E+019   320.30748972778093     
   5.6200002669356197E-010   2.6239580593469411E+019   320.10242730814730     
   5.6300002674105940E-010   2.6189248929341411E+019   319.89762728445208     
   5.6400002678855683E-010   2.6139045908404490E+019   319.69308915337820     
   5.6500002683605426E-010   2.6088971119920636E+019   319.48881241289513     
   5.6600002688355169E-010   2.6039024154724565E+019   319.28479656225460     
   5.6700002693104912E-010   2.5989204605216649E+019   319.08104110198650     
   5.6800002697854655E-010   2.5939512065355973E+019   318.87754553389493     
   5.6900002702604398E-010   2.5889946130653368E+019   318.67430936105421     
   5.7000002707354142E-010   2.5840506398164496E+019   318.47133208780457     
   5.7100002712103885E-010   2.5791192466482979E+019   318.26861321974826     
   5.7200002716853628E-010   2.5742003935733539E+019   318.06615226374566     
   5.7300002721603371E-010   2.5692940407565222E+019   317.86394872791107     
   5.7400002726353114E-010   2.5644001485144568E+019   317.66200212160874     
   5.7500002731102857E-010   2.5595186773148926E+019   317.46031195544913     
   5.7600002735852600E-010   2.5546495877759713E+019   317.25887774128472     
   5.7700002740602343E-010   2.5497928406655783E+019   317.05769899220627     
   5.7800002745352086E-010   2.5449483969006727E+019   316.85677522253866     
   5.7900002750101830E-010   2.5401162175466308E+019   316.65610594783703     
   5.8000002754851573E-010   2.5352962638165889E+019   316.45569068488322     
   5.8100002759601316E-010   2.5304884970707894E+019   316.25552895168141     
   5.8200002764351059E-010   2.5256928788159295E+019   316.05562026745457     
   5.8300002769100802E-010   2.5209093707045138E+019   315.85596415264058     
   5.8400002773850545E-010   2.5161379345342104E+019   315.65656012888815     
   5.8500002778600288E-010   2.5113785322472124E+019   315.45740771905338     
   5.8600002783350031E-010   2.5066311259295973E+019   315.25850644719566     
   5.8700002788099774E-010   2.5018956778106950E+019   315.05985583857398     
   5.8800002792849518E-010   2.4971721502624547E+019   314.86145541964316     
   5.8900002797599261E-010   2.4924605057988186E+019   314.66330471805014     
   5.9000002802349004E-010   2.4877607070750982E+019   314.46540326263010     
   5.9100002807098747E-010   2.4830727168873488E+019   314.26775058340280     
   5.9200002811848490E-010   2.4783964981717561E+019   314.07034621156890     
   5.9300002816598233E-010   2.4737320140040159E+019   313.87318967950614     
   5.9400002821347976E-010   2.4690792275987263E+019   313.67628052076577     
   5.9500002826097719E-010   2.4644381023087727E+019   313.47961827006878     
   5.9600002830847462E-010   2.4598086016247296E+019   313.28320246330230     
   5.9700002835597206E-010   2.4551906891742511E+019   313.08703263751590     
   5.9800002840346949E-010   2.4505843287214727E+019   312.89110833091797     
   5.9900002845096692E-010   2.4459894841664152E+019   312.69542908287224     
   6.0000002849846435E-010   2.4414061195443884E+019   312.49999443389385     
   6.0100002854596178E-010   2.4368341990254027E+019   312.30480392564590     
   6.0200002859345921E-010   2.4322736869135778E+019   312.10985710093610     
   6.0300002864095664E-010   2.4277245476465607E+019   311.91515350371282     
   6.0400002868845407E-010   2.4231867457949405E+019   311.72069267906187     
   6.0500002873595150E-010   2.4186602460616716E+019   311.52647417320276     
   6.0600002878344894E-010   2.4141450132814938E+019   311.33249753348503     
   6.0700002883094637E-010   2.4096410124203631E+019   311.13876230838525     
   6.0800002887844380E-010   2.4051482085748744E+019   310.94526804750285     
   6.0900002892594123E-010   2.4006665669717017E+019   310.75201430155721     
   6.1000002897343866E-010   2.3961960529670250E+019   310.55900062238373     
   6.1100002902093609E-010   2.3917366320459743E+019   310.36622656293082     
   6.1200002906843352E-010   2.3872882698220646E+019   310.17369167725599     
   6.1300002911593095E-010   2.3828509320366432E+019   309.98139552052265     
   6.1400002916342838E-010   2.3784245845583335E+019   309.78933764899676     
   6.1500002921092581E-010   2.3740091933824844E+019   309.59751762004328     
   6.1600002925842325E-010   2.3696047246306238E+019   309.40593499212270     
   6.1700002930592068E-010   2.3652111445499048E+019   309.21458932478777     
   6.1800002935341811E-010   2.3608284195125727E+019   309.02348017868024     
   6.1900002940091554E-010   2.3564565160154202E+019   308.83260711552725     
   6.2000002944841297E-010   2.3520954006792475E+019   308.64196969813815     
   6.2100002949591040E-010   2.3477450402483298E+019   308.45156749040109     
   6.2200002954340783E-010   2.3434054015898833E+019   308.26140005727979     
   6.2300002959090526E-010   2.3390764516935361E+019   308.07146696480993     
   6.2400002963840269E-010   2.3347581576708014E+019   307.88176778009620     
   6.2500002968590013E-010   2.3304504867545518E+019   307.69230207130897     
   6.2600002973339756E-010   2.3261534062984962E+019   307.50306940768081     
   6.2700002978089499E-010   2.3218668837766644E+019   307.31406935950338     
   6.2800002982839242E-010   2.3175908867828834E+019   307.12530149812409     
   6.2900002987588985E-010   2.3133253830302704E+019   306.93676539594293     
   6.3000002992338728E-010   2.3090703403507134E+019   306.74846062640921     
   6.3100002997088471E-010   2.3048257266943693E+019   306.56038676401840     
   6.3200003001838214E-010   2.3005915101291495E+019   306.37254338430876     
   6.3300003006587957E-010   2.2963676588402213E+019   306.18493006385842     
   6.3400003011337701E-010   2.2921541411295027E+019   305.99754638028185     
   6.3500003016087444E-010   2.2879509254151647E+019   305.81039191222703     
   6.3600003020837187E-010   2.2837579802311320E+019   305.62346623937202     
   6.3700003025586930E-010   2.2795752742265917E+019   305.43676894242213     
   6.3800003030336673E-010   2.2754027761654972E+019   305.25029960310638     
   6.3900003035086416E-010   2.2712404549260784E+019   305.06405780417464     
   6.4000003039836159E-010   2.2670882795003593E+019   304.87804312939454     
   6.4100003044585902E-010   2.2629462189936681E+019   304.69225516354817     
   6.4200003049335645E-010   2.2588142426241556E+019   304.50669349242929     
   6.4300003054085389E-010   2.2546923197223150E+019   304.32135770283986     
   6.4400003058835132E-010   2.2505804197305061E+019   304.13624738258738     
   6.4500003063584875E-010   2.2464785122024727E+019   303.95136212048152     
   6.4600003068334618E-010   2.2423865668028789E+019   303.76670150633123     
   6.4700003073084361E-010   2.2383045533068292E+019   303.58226513094166     
   6.4800003077834104E-010   2.2342324415994057E+019   303.39805258611125     
   6.4900003082583847E-010   2.2301702016751989E+019   303.21406346462845     
   6.5000003087333590E-010   2.2261178036378423E+019   303.03029736026900     
   6.5100003092083333E-010   2.2220752176995537E+019   302.84675386779287     
   6.5200003096833077E-010   2.2180424141806727E+019   302.66343258294114     
   6.5300003101582820E-010   2.2140193635092029E+019   302.48033310243312     
   6.5400003106332563E-010   2.2100060362203591E+019   302.29745502396355     
   6.5500003111082306E-010   2.2060024029561115E+019   302.11479794619936     
   6.5600003115832049E-010   2.2020084344647365E+019   301.93236146877700     
   6.5700003120581792E-010   2.1980241016003670E+019   301.75014519229927     
   6.5800003125331535E-010   2.1940493753225445E+019   301.56814871833262     
   6.5900003130081278E-010   2.1900842266957779E+019   301.38637164940423     
   6.6000003134831021E-010   2.1861286268890989E+019   301.20481358899883     
   6.6100003139580765E-010   2.1821825471756198E+019   301.02347414155628     
   6.6200003144330508E-010   2.1782459589320999E+019   300.84235291246819     
   6.6300003149080251E-010   2.1743188336385077E+019   300.66144950807558     
   6.6400003153829994E-010   2.1704011428775850E+019   300.48076353566563     
   6.6500003158579737E-010   2.1664928583344177E+019   300.30029460346896     
   6.6600003163329480E-010   2.1625939517960040E+019   300.12004232065686     
   6.6700003168079223E-010   2.1587043951508275E+019   299.94000629733836     
   6.6800003172828966E-010   2.1548241603884339E+019   299.76018614455757     
   6.6900003177578709E-010   2.1509532195990028E+019   299.58058147429074     
   6.7000003182328453E-010   2.1470915449729294E+019   299.40119189944357     
   6.7100003187078196E-010   2.1432391088004047E+019   299.22201703384820     
   6.7200003191827939E-010   2.1393958834709963E+019   299.04305649226092     
   6.7300003196577682E-010   2.1355618414732349E+019   298.86430989035875     
   6.7400003201327425E-010   2.1317369553941991E+019   298.68577684473735     
   6.7500003206077168E-010   2.1279211979191050E+019   298.50745697290779     
   6.7600003210826911E-010   2.1241145418308948E+019   298.32934989329414     
   6.7700003215576654E-010   2.1203169600098308E+019   298.15145522523039     
   6.7800003220326397E-010   2.1165284254330896E+019   297.97377258895824     
   6.7900003225076141E-010   2.1127489111743582E+019   297.79630160562391     
   6.8000003229825884E-010   2.1089783904034308E+019   297.61904189727568     
   6.8100003234575627E-010   2.1052168363858096E+019   297.44199308686126     
   6.8200003239325370E-010   2.1014642224823087E+019   297.26515479822501     
   6.8300003244075113E-010   2.0977205221486539E+019   297.08852665610522     
   6.8400003248824856E-010   2.0939857089350914E+019   296.91210828613163     
   6.8500003253574599E-010   2.0902597564859953E+019   296.73589931482263     
   6.8600003258324342E-010   2.0865426385394762E+019   296.55989936958281     
   6.8700003263074085E-010   2.0828343289269924E+019   296.38410807870008     
   6.8800003267823829E-010   2.0791348015729619E+019   296.20852507134316     
   6.8900003272573572E-010   2.0754440304943809E+019   296.03314997755916     
   6.9000003277323315E-010   2.0717619898004365E+019   295.85798242827065     
   6.9100003282073058E-010   2.0680886536921293E+019   295.68302205527334     
   6.9200003286822801E-010   2.0644239964618895E+019   295.50826849123337     
   6.9300003291572544E-010   2.0607679924932022E+019   295.33372136968478     
   6.9400003296322287E-010   2.0571206162602308E+019   295.15938032502692     
   6.9500003301072030E-010   2.0534818423274406E+019   294.98524499252187     
   6.9600003305821773E-010   2.0498516453492306E+019   294.81131500829207     
   6.9700003310571517E-010   2.0462300000695583E+019   294.63759000931753     
   6.9800003315321260E-010   2.0426168813215732E+019   294.46406963343350     
   6.9900003320071003E-010   2.0390122640272495E+019   294.29075351932784     
   7.0000003324820746E-010   2.0354161231970185E+019   294.11764130653859     
   7.0100003329570489E-010   2.0318284339294069E+019   293.94473263545143     
   7.0200003334320232E-010   2.0282491714106761E+019   293.77202714729719     
   7.0300003339069975E-010   2.0246783109144568E+019   293.59952448414941     
   7.0400003343819718E-010   2.0211158278013956E+019   293.42722428892176     
   7.0500003348569461E-010   2.0175616975187931E+019   293.25512620536563     
   7.0600003353319205E-010   2.0140158956002542E+019   293.08322987806787     
   7.0700003358068948E-010   2.0104783976653283E+019   292.91153495244799     
   7.0800003362818691E-010   2.0069491794191630E+019   292.74004107475599     
   7.0900003367568434E-010   2.0034282166521496E+019   292.56874789206978     
   7.1000003372318177E-010   1.9999154852395745E+019   292.39765505229286     
   7.1100003377067920E-010   1.9964109611412754E+019   292.22676220415184     
   7.1200003381817663E-010   1.9929146204012933E+019   292.05606899719413     
   7.1300003386567406E-010   1.9894264391475274E+019   291.88557508178536     
   7.1400003391317149E-010   1.9859463935913968E+019   291.71528010910720     
   7.1500003396066893E-010   1.9824744600274956E+019   291.54518373115485     
   7.1600003400816636E-010   1.9790106148332564E+019   291.37528560073474     
   7.1700003405566379E-010   1.9755548344686117E+019   291.20558537146218     
   7.1800003410316122E-010   1.9721070954756583E+019   291.03608269775879     
   7.1900003415065865E-010   1.9686673744783237E+019   290.86677723485047     
   7.2000003419815608E-010   1.9652356481820307E+019   290.69766863876498     
   7.2100003424565351E-010   1.9618118933733695E+019   290.52875656632938     
   7.2200003429315094E-010   1.9583960869197656E+019   290.36004067516802     
   7.2300003434064837E-010   1.9549882057691517E+019   290.19152062369994     
   7.2400003438814581E-010   1.9515882269496431E+019   290.02319607113691     
   7.2500003443564324E-010   1.9481961275692093E+019   289.85506667748075     
   7.2600003448314067E-010   1.9448118848153539E+019   289.68713210352138     
   7.2700003453063810E-010   1.9414354759547871E+019   289.51939201083422     
   7.2800003457813553E-010   1.9380668783331131E+019   289.35184606177819     
   7.2900003462563296E-010   1.9347060693745029E+019   289.18449391949326     
   7.3000003467313039E-010   1.9313530265813811E+019   289.01733524789842     
   7.3100003472062782E-010   1.9280077275341087E+019   288.85036971168915     
   7.3200003476812525E-010   1.9246701498906661E+019   288.68359697633520     
   7.3300003481562269E-010   1.9213402713863438E+019   288.51701670807876     
   7.3400003486312012E-010   1.9180180698334286E+019   288.35062857393166     
   7.3500003491061755E-010   1.9147035231208915E+019   288.18443224167351     
   7.3600003495811498E-010   1.9113966092140802E+019   288.01842737984953     
   7.3700003500561241E-010   1.9080973061544129E+019   287.85261365776802     
   7.3800003505310984E-010   1.9048055920590688E+019   287.68699074549846     
   7.3900003510060727E-010   1.9015214451206861E+019   287.52155831386932     
   7.4000003514810470E-010   1.8982448436070568E+019   287.35631603446558     
   7.4100003519560213E-010   1.8949757658608259E+019   287.19126357962699     
   7.4200003524309956E-010   1.8917141902991909E+019   287.02640062244546     
   7.4300003529059700E-010   1.8884600954136015E+019   286.86172683676330     
   7.4400003533809443E-010   1.8852134597694624E+019   286.69724189717073     
   7.4500003538559186E-010   1.8819742620058358E+019   286.53294547900407     
   7.4600003543308929E-010   1.8787424808351494E+019   286.36883725834332     
   7.4700003548058672E-010   1.8755180950428979E+019   286.20491691201011     
   7.4800003552808415E-010   1.8723010834873532E+019   286.04118411756565     
   7.4900003557558158E-010   1.8690914250992755E+019   285.87763855330860     
   7.5000003562307901E-010   1.8658890988816179E+019   285.71427989827293     
   7.5100003567057644E-010   1.8626940839092441E+019   285.55110783222580     
   7.5200003571807388E-010   1.8595063593286365E+019   285.38812203566550     
   7.5300003576557131E-010   1.8563259043576136E+019   285.22532218981945     
   7.5400003581306874E-010   1.8531526982850408E+019   285.06270797664178     
   7.5500003586056617E-010   1.8499867204705546E+019   284.90027907881182     
   7.5600003590806360E-010   1.8468279503442743E+019   284.73803517973153     
   7.5700003595556103E-010   1.8436763674065242E+019   284.57597596352372     
   7.5800003600305846E-010   1.8405319512275530E+019   284.41410111502989     
   7.5900003605055589E-010   1.8373946814472569E+019   284.25241031980818     
   7.6000003609805332E-010   1.8342645377749012E+019   284.09090326413150     
   7.6100003614555076E-010   1.8311414999888466E+019   283.92957963498520     
   7.6200003619304819E-010   1.8280255479362734E+019   283.76843912006541     
   7.6300003624054562E-010   1.8249166615329090E+019   283.60748140777662     
   7.6400003628804305E-010   1.8218148207627555E+019   283.44670618723001     
   7.6500003633554048E-010   1.8187200056778207E+019   283.28611314824133     
   7.6600003638303791E-010   1.8156321963978457E+019   283.12570198132892     
   7.6700003643053534E-010   1.8125513731100402E+019   282.96547237771159     
   7.6800003647803277E-010   1.8094775160688130E+019   282.80542402930683     
   7.6900003652553020E-010   1.8064106055955071E+019   282.64555662872880     
   7.7000003657302764E-010   1.8033506220781351E+019   282.48586986928615     
   7.7100003662052507E-010   1.8002975459711160E+019   282.32636344498042     
   7.7200003666802250E-010   1.7972513577950128E+019   282.16703705050384     
   7.7300003671551993E-010   1.7942120381362717E+019   282.00789038123730     
   7.7400003676301736E-010   1.7911795676469625E+019   281.84892313324866     
   7.7500003681051479E-010   1.7881539270445195E+019   281.69013500329083     
   7.7600003685801222E-010   1.7851350971114822E+019   281.53152568879938     
   7.7700003690550965E-010   1.7821230586952442E+019   281.37309488789117     
   7.7800003695300708E-010   1.7791177927077921E+019   281.21484229936220     
   7.7900003700050452E-010   1.7761192801254552E+019   281.05676762268570     
   7.8000003704800195E-010   1.7731275019886516E+019   280.89887055801017     
   7.8100003709549938E-010   1.7701424394016358E+019   280.74115080615769     
   7.8200003714299681E-010   1.7671640735322495E+019   280.58360806862174     
   7.8300003719049424E-010   1.7641923856116701E+019   280.42624204756561     
   7.8400003723799167E-010   1.7612273569341641E+019   280.26905244582025     
   7.8500003728548910E-010   1.7582689688568394E+019   280.11203896688272     
   7.8600003733298653E-010   1.7553172027993985E+019   279.95520131491389     
   7.8700003738048396E-010   1.7523720402438939E+019   279.79853919473709     
   7.8800003742798140E-010   1.7494334627344841E+019   279.64205231183581     
   7.8900003747547883E-010   1.7465014518771917E+019   279.48574037235215     
   7.9000003752297626E-010   1.7435759893396584E+019   279.32960308308486     
   7.9100003757047369E-010   1.7406570568509100E+019   279.17364015148752     
   7.9200003761797112E-010   1.7377446362011091E+019   279.01785128566661     
   7.9300003766546855E-010   1.7348387092413237E+019   278.86223619437993     
   7.9400003771296598E-010   1.7319392578832857E+019   278.70679458703466     
   7.9500003776046341E-010   1.7290462640991564E+019   278.55152617368543     
   7.9600003780796084E-010   1.7261597099212890E+019   278.39643066503265     
   7.9700003785545828E-010   1.7232795774419964E+019   278.24150777242085     
   7.9800003790295571E-010   1.7204058488133159E+019   278.08675720783651     
   7.9900003795045314E-010   1.7175385062467787E+019   277.93217868390656     
   8.0000003799795057E-010   1.7146775320131779E+019   277.77777191389669     
   8.0100003804544800E-010   1.7118229084423385E+019   277.62353661170920     
   8.0200003809294543E-010   1.7089746179228879E+019   277.46947249188156     
   8.0300003814044286E-010   1.7061326429020277E+019   277.31557926958459     
   8.0400003818794029E-010   1.7032969658853071E+019   277.16185666062063     
   8.0500003823543772E-010   1.7004675694363957E+019   277.00830438142174     
   8.0600003828293516E-010   1.6976444361768600E+019   276.85492214904815     
   8.0700003833043259E-010   1.6948275487859376E+019   276.70170968118640     
   8.0800003837793002E-010   1.6920168900003146E+019   276.54866669614745     
   8.0900003842542745E-010   1.6892124426139044E+019   276.39579291286537     
   8.1000003847292488E-010   1.6864141894776244E+019   276.24308805089527     
   8.1100003852042231E-010   1.6836221134991786E+019   276.09055183041158     
   8.1200003856791974E-010   1.6808361976428345E+019   275.93818397220656     
   8.1300003861541717E-010   1.6780564249292104E+019   275.78598419768849     
   8.1400003866291460E-010   1.6752827784350509E+019   275.63395222887988     
   8.1500003871041204E-010   1.6725152412930169E+019   275.48208778841592     
   8.1600003875790947E-010   1.6697537966914675E+019   275.33039059954280     
   8.1700003880540690E-010   1.6669984278742454E+019   275.17886038611579     
   8.1800003885290433E-010   1.6642491181404639E+019   275.02749687259796     
   8.1900003890040176E-010   1.6615058508442929E+019   274.87629978405806     
   8.2000003894789919E-010   1.6587686093947505E+019   274.72526884616923     
   8.2100003899539662E-010   1.6560373772554891E+019   274.57440378520721     
   8.2200003904289405E-010   1.6533121379445871E+019   274.42370432804853     
   8.2300003909039148E-010   1.6505928750343399E+019   274.27317020216918     
   8.2400003913788892E-010   1.6478795721510511E+019   274.12280113564270     
   8.2500003918538635E-010   1.6451722129748271E+019   273.97259685713863     
   8.2600003923288378E-010   1.6424707812393693E+019   273.82255709592084     
   8.2700003928038121E-010   1.6397752607317697E+019   273.67268158184606     
   8.2800003932787864E-010   1.6370856352923062E+019   273.52297004536206     
   8.2900003937537607E-010   1.6344018888142406E+019   273.37342221750612     
   8.3000003942287350E-010   1.6317240052436128E+019   273.22403782990347     
   8.3100003947037093E-010   1.6290519685790429E+019   273.07481661476555     
   8.3200003951786836E-010   1.6263857628715278E+019   272.92575830488852     
   8.3300003956536580E-010   1.6237253722242423E+019   272.77686263365172     
   8.3400003961286323E-010   1.6210707807923399E+019   272.62812933501590     
   8.3500003966036066E-010   1.6184219727827552E+019   272.47955814352179     
   8.3600003970785809E-010   1.6157789324540045E+019   272.33114879428837     
   8.3700003975535552E-010   1.6131416441159926E+019   272.18290102301142     
   8.3800003980285295E-010   1.6105100921298143E+019   272.03481456596205     
   8.3900003985035038E-010   1.6078842609075616E+019   271.88688915998489     
   8.4000003989784781E-010   1.6052641349121284E+019   271.73912454249665     
   8.4100003994534524E-010   1.6026496986570181E+019   271.59152045148454     
   8.4200003999284268E-010   1.6000409367061516E+019   271.44407662550481     
   8.4300004004034011E-010   1.5974378336736756E+019   271.29679280368106     
   8.4400004008783754E-010   1.5948403742237721E+019   271.14966872570290     
   8.4500004013533497E-010   1.5922485430704687E+019   271.00270413182426     
   8.4600004018283240E-010   1.5896623249774490E+019   270.85589876286178     
   8.4700004023032983E-010   1.5870817047578661E+019   270.70925236019355     
   8.4800004027782726E-010   1.5845066672741536E+019   270.56276466575741     
   8.4900004032532469E-010   1.5819371974378406E+019   270.41643542204946     
   8.5000004037282212E-010   1.5793732802093644E+019   270.27026437212254     
   8.5100004042031956E-010   1.5768149005978878E+019   270.12425125958481     
   8.5200004046781699E-010   1.5742620436611123E+019   269.97839582859808     
   8.5300004051531442E-010   1.5717146945050976E+019   269.83269782387663     
   8.5400004056281185E-010   1.5691728382840775E+019   269.68715699068531     
   8.5500004061030928E-010   1.5666364602002780E+019   269.54177307483837     
   8.5600004065780671E-010   1.5641055455037379E+019   269.39654582269787     
   8.5700004070530414E-010   1.5615800794921277E+019   269.25147498117224     
   8.5800004075280157E-010   1.5590600475105686E+019   269.10656029771462     
   8.5900004080029900E-010   1.5565454349514572E+019   268.96180152032173     
   8.6000004084779644E-010   1.5540362272542855E+019   268.81719839753214     
   8.6100004089529387E-010   1.5515324099054653E+019   268.67275067842502     
   8.6200004094279130E-010   1.5490339684381506E+019   268.52845811261841     
   8.6300004099028873E-010   1.5465408884320604E+019   268.38432045026798     
   8.6400004103778616E-010   1.5440531555133090E+019   268.24033744206571     
   8.6500004108528359E-010   1.5415707553542275E+019   268.09650883923803     
   8.6600004113278102E-010   1.5390936736731927E+019   267.95283439354489     
   8.6700004118027845E-010   1.5366218962344526E+019   267.80931385727797     
   8.6800004122777588E-010   1.5341554088479572E+019   267.66594698325929     
   8.6900004127527332E-010   1.5316941973691853E+019   267.52273352484008     
   8.7000004132277075E-010   1.5292382476989749E+019   267.37967323589896     
   8.7100004137026818E-010   1.5267875457833542E+019   267.23676587084094     
   8.7200004141776561E-010   1.5243420776133712E+019   267.09401118459556     
   8.7300004146526304E-010   1.5219018292249278E+019   266.95140893261595     
   8.7400004151276047E-010   1.5194667866986095E+019   266.80895887087706     
   8.7500004156025790E-010   1.5170369361595206E+019   266.66666075587455     
   8.7600004160775533E-010   1.5146122637771188E+019   266.52451434462324     
   8.7700004165525276E-010   1.5121927557650473E+019   266.38251939465573     
   8.7800004170275019E-010   1.5097783983809731E+019   266.24067566402107     
   8.7900004175024763E-010   1.5073691779264209E+019   266.09898291128343     
   8.8000004179774506E-010   1.5049650807466099E+019   265.95744089552062     
   8.8100004184524249E-010   1.5025660932302938E+019   265.81604937632267     
   8.8200004189273992E-010   1.5001722018095960E+019   265.67480811379085     
   8.8300004194023735E-010   1.4977833929598505E+019   265.53371686853581     
   8.8400004198773478E-010   1.4953996531994403E+019   265.39277540167654     
   8.8500004203523221E-010   1.4930209690896372E+019   265.25198347483894     
   8.8600004208272964E-010   1.4906473272344441E+019   265.11134085015436     
   8.8700004213022707E-010   1.4882787142804361E+019   264.97084729025863     
   8.8800004217772451E-010   1.4859151169166027E+019   264.83050255829028     
   8.8900004222522194E-010   1.4835565218741899E+019   264.69030641788942     
   8.9000004227271937E-010   1.4812029159265448E+019   264.55025863319639     
   8.9100004232021680E-010   1.4788542858889593E+019   264.41035896885052     
   8.9200004236771423E-010   1.4765106186185153E+019   264.27060718998860     
   8.9300004241521166E-010   1.4741719010139302E+019   264.13100306224385     
   8.9400004246270909E-010   1.4718381200154032E+019   263.99154635174432     
   8.9500004251020652E-010   1.4695092626044611E+019   263.85223682511185     
   8.9600004255770395E-010   1.4671853158038079E+019   263.71307424946048     
   8.9700004260520139E-010   1.4648662666771708E+019   263.57405839239544     
   8.9800004265269882E-010   1.4625521023291503E+019   263.43518902201168     
   8.9900004270019625E-010   1.4602428099050686E+019   263.29646590689271     
   9.0000004274769368E-010   1.4579383765908222E+019   263.15788881610905     
   9.0100004279519111E-010   1.4556387896127271E+019   263.01945751921733     
   9.0200004284268854E-010   1.4533440362373769E+019   262.88117178625862     
   9.0300004289018597E-010   1.4510541037714897E+019   262.74303138775753     
   9.0400004293768340E-010   1.4487689795617636E+019   262.60503609472067     
   9.0500004298518083E-010   1.4464886509947277E+019   262.46718567863547     
   9.0600004303267827E-010   1.4442131054965979E+019   262.32947991146904     
   9.0700004308017570E-010   1.4419423305331288E+019   262.19191856566658     
   9.0800004312767313E-010   1.4396763136094714E+019   262.05450141415054     
   9.0900004317517056E-010   1.4374150422700272E+019   261.91722823031904     
   9.1000004322266799E-010   1.4351585040983050E+019   261.78009878804488     
   9.1100004327016542E-010   1.4329066867167771E+019   261.64311286167413     
   9.1200004331766285E-010   1.4306595777867368E+019   261.50627022602487     
   9.1300004336516028E-010   1.4284171650081581E+019   261.36957065638614     
   9.1400004341265771E-010   1.4261794361195510E+019   261.23301392851653     
   9.1500004346015515E-010   1.4239463788978242E+019   261.09659981864297     
   9.1600004350765258E-010   1.4217179811581426E+019   260.96032810345969     
   9.1700004355515001E-010   1.4194942307537883E+019   260.82419856012672     
   9.1800004360264744E-010   1.4172751155760222E+019   260.68821096626897     
   9.1900004365014487E-010   1.4150606235539448E+019   260.55236509997474     
   9.2000004369764230E-010   1.4128507426543581E+019   260.41666073979474     
   9.2100004374513973E-010   1.4106454608816292E+019   260.28109766474074     
   9.2200004379263716E-010   1.4084447662775536E+019   260.14567565428450     
   9.2300004384013459E-010   1.4062486469212162E+019   260.01039448835638     
   9.2400004388763203E-010   1.4040570909288604E+019   259.87525394734433     
   9.2500004393512946E-010   1.4018700864537502E+019   259.74025381209265     
   9.2600004398262689E-010   1.3996876216860348E+019   259.60539386390076     
   9.2700004403012432E-010   1.3975096848526178E+019   259.47067388452206     
   9.2800004407762175E-010   1.3953362642170214E+019   259.33609365616275     
   9.2900004412511918E-010   1.3931673480792535E+019   259.20165296148070     
   9.3000004417261661E-010   1.3910029247756765E+019   259.06735158358407     
   9.3100004422011404E-010   1.3888429826788764E+019   258.93318930603050     
   9.3200004426761158E-010   1.3866875101975286E+019   258.79916591282563     
   9.3300004431510901E-010   1.3845364957762720E+019   258.66528118842211     
   9.3400004436260644E-010   1.3823899278955725E+019   258.53153491771837     
   9.3500004441010387E-010   1.3802477950715996E+019   258.39792688605752     
   9.3600004445760130E-010   1.3781100858560940E+019   258.26445687922615     
   9.3700004450509873E-010   1.3759767888362396E+019   258.13112468345321     
   9.3800004455259616E-010   1.3738478926345366E+019   257.99793008540888     
   9.3900004460009360E-010   1.3717233859086723E+019   257.86487287220348     
   9.4000004464759103E-010   1.3696032573513964E+019   257.73195283138620     
   9.4100004469508846E-010   1.3674874956903928E+019   257.59916975094404     
   9.4200004474258589E-010   1.3653760896881545E+019   257.46652341930070     
   9.4300004479008332E-010   1.3632690281418580E+019   257.33401362531555     
   9.4400004483758075E-010   1.3611662998832388E+019   257.20164015828226     
   9.4500004488507818E-010   1.3590678937784674E+019   257.06940280792787     
   9.4600004493257561E-010   1.3569737987280237E+019   256.93730136441178     
   9.4700004498007304E-010   1.3548840036665762E+019   256.80533561832419     
   9.4800004502757048E-010   1.3527984975628579E+019   256.67350536068562     
   9.4900004507506791E-010   1.3507172694195442E+019   256.54181038294536     
   9.5000004512256534E-010   1.3486403082731297E+019   256.41025047698037     
   9.5100004517006277E-010   1.3465676031938097E+019   256.27882543509452     
   9.5200004521756020E-010   1.3444991432853584E+019   256.14753505001715     
   9.5300004526505763E-010   1.3424349176850065E+019   256.01637911490212     
   9.5400004531255506E-010   1.3403749155633250E+019   255.88535742332684     
   9.5500004536005249E-010   1.3383191261241033E+019   255.75446976929101     
   9.5600004540754992E-010   1.3362675386042294E+019   255.62371594721546     
   9.5700004545504736E-010   1.3342201422735761E+019   255.49309575194138     
   9.5800004550254479E-010   1.3321769264348781E+019   255.36260897872907     
   9.5900004555004222E-010   1.3301378804236179E+019   255.23225542325679     
   9.6000004559753965E-010   1.3281029936079073E+019   255.10203488161983     
   9.6100004564503708E-010   1.3260722553883728E+019   254.97194715032944     
   9.6200004569253451E-010   1.3240456551980360E+019   254.84199202631169     
   9.6300004574003194E-010   1.3220231825022024E+019   254.71216930690639     
   9.6400004578752937E-010   1.3200048267983442E+019   254.58247878986623     
   9.6500004583502680E-010   1.3179905776159855E+019   254.45292027335552     
   9.6600004588252424E-010   1.3159804245165890E+019   254.32349355594923     
   9.6700004593002167E-010   1.3139743570934426E+019   254.19419843663192     
   9.6800004597751910E-010   1.3119723649715450E+019   254.06503471479675     
   9.6900004602501653E-010   1.3099744378074952E+019   253.93600219024444     
   9.7000004607251396E-010   1.3079805652893776E+019   253.80710066318213     
   9.7100004612001139E-010   1.3059907371366529E+019   253.67832993422252     
   9.7200004616750882E-010   1.3040049431000437E+019   253.54968980438261     
   9.7300004621500625E-010   1.3020231729614268E+019   253.42118007508293     
   9.7400004626250368E-010   1.3000454165337217E+019   253.29280054814635     
   9.7500004631000112E-010   1.2980716636607787E+019   253.16455102579715     
   9.7600004635749855E-010   1.2961019042172727E+019   253.03643131065994     
   9.7700004640499598E-010   1.2941361281085917E+019   252.90844120575866     
   9.7800004645249341E-010   1.2921743252707283E+019   252.78058051451558     
   9.7900004649999084E-010   1.2902164856701731E+019   252.65284904075031     
   9.8000004654748827E-010   1.2882625993038051E+019   252.52524658867884     
   9.8100004659498570E-010   1.2863126561987860E+019   252.39777296291237     
   9.8200004664248313E-010   1.2843666464124516E+019   252.27042796845654     
   9.8300004668998056E-010   1.2824245600322073E+019   252.14321141071022     
   9.8400004673747800E-010   1.2804863871754199E+019   252.01612309546474     
   9.8500004678497543E-010   1.2785521179893137E+019   251.88916282890264     
   9.8600004683247286E-010   1.2766217426508646E+019   251.76233041759693     
   9.8700004687997029E-010   1.2746952513666955E+019   251.63562566850999     
   9.8800004692746772E-010   1.2727726343729717E+019   251.50904838899260     
   9.8900004697496515E-010   1.2708538819352975E+019   251.38259838678292     
   9.9000004702246258E-010   1.2689389843486120E+019   251.25627547000562     
   9.9100004706996001E-010   1.2670279319370869E+019   251.13007944717086     
   9.9200004711745744E-010   1.2651207150540227E+019   251.00401012717330     
   9.9300004716495488E-010   1.2632173240817482E+019   250.87806731929118     
   9.9400004721245231E-010   1.2613177494315153E+019   250.75225083318523     
   9.9500004725994974E-010   1.2594219815434025E+019   250.62656047889794     
   9.9600004730744717E-010   1.2575300108862091E+019   250.50099606685239     
   9.9700004735494460E-010   1.2556418279573580E+019   250.37555740785146     
   9.9800004740244203E-010   1.2537574232827933E+019   250.25024431307676     
   9.9900004744993946E-010   1.2518767874168809E+019   250.12505659408768     
