  9.258000367879868E+023
   3.16000000000000                0
  9.258000367879868E+023
   31600000000.0000                1
  9.258000367879868E+023
   316000010240.000                2
  9.258000367879868E+023
   473999998976.000                3
  9.258000367879868E+023
   632000020480.000                4
  9.258000367879868E+023
   790000041984.000                5
  9.258000367879868E+023
   947999997952.000                6
  9.258000367879868E+023
   1106000084992.00                7
  9.258000367879868E+023
   1264000040960.00                8
  9.258000367879868E+023
   1421999996928.00                9
  9.258000367879868E+023
   1580000083968.00               10
  9.258000367879868E+023
   1738000039936.00               11
  9.258000367879868E+023
   1895999995904.00               12
  9.258000367879868E+023
   2054000082944.00               13
  9.258000367879868E+023
   2212000169984.00               14
  9.258000367879868E+023
   2370000125952.00               15
  9.258000367879868E+023
   2528000081920.00               16
  9.258000367879868E+023
   2686000037888.00               17
  9.258000367879868E+023
   2843999993856.00               18
  9.258000367879868E+023
   3002000211968.00               19
  9.258000367879868E+023
   3160000167936.00               20
  9.258000367879868E+023
   3318000123904.00               21
  9.258000367879868E+023
   3476000079872.00               22
  9.258000367879868E+023
   3634000035840.00               23
  9.258000367879868E+023
   3791999991808.00               24
  9.258000367879868E+023
   3950000209920.00               25
  9.258000367879868E+023
   4108000165888.00               26
  9.258000367879868E+023
   4266000121856.00               27
  9.258000367879868E+023
   4424000339968.00               28
  9.258000367879868E+023
   4582000295936.00               29
  9.258000367879868E+023
   4740000251904.00               30
  9.258000367879868E+023
   4898000207872.00               31
  9.258000367879868E+023
   5056000163840.00               32
  9.258000367879868E+023
   5214000119808.00               33
  9.258000367879868E+023
   5372000075776.00               34
  9.258000367879868E+023
   5530000031744.00               35
  9.258000367879868E+023
   5687999987712.00               36
  9.258000367879868E+023
   5845999943680.00               37
  9.258000367879868E+023
   6004000423936.00               38
  9.258000367879868E+023
   6162000379904.00               39
  9.258000367879868E+023
   6320000335872.00               40
  9.258000367879868E+023
   6478000291840.00               41
  9.258000367879868E+023
   6636000247808.00               42
  9.258000367879868E+023
   6794000203776.00               43
  9.258000367879868E+023
   6952000159744.00               44
  9.258000367879868E+023
   7110000115712.00               45
  9.258000367879868E+023
   7268000071680.00               46
  9.258000367879868E+023
   7426000027648.00               47
  9.258000367879868E+023
   7583999983616.00               48
  9.258000367879868E+023
   7742000463872.00               49
  9.258000367879868E+023
   7900000419840.00               50
  9.258000367879868E+023
   8058000375808.00               51
  9.258000367879868E+023
   8216000331776.00               52
  9.258000367879868E+023
   8374000287744.00               53
  9.258000367879868E+023
   8532000243712.00               54
  9.258000367879868E+023
   8690000199680.00               55
  9.258000367879868E+023
   8848000679936.00               56
  9.258000367879868E+023
   9006000111616.00               57
  9.258000367879868E+023
   9164000591872.00               58
  9.258000367879868E+023
   9322000023552.00               59
  9.258000367879868E+023
   9480000503808.00               60
  9.258000367879868E+023
   9637999935488.00               61
  9.258000367879868E+023
   9796000415744.00               62
  9.258000367879868E+023
   9953999847424.00               63
  9.258000367879868E+023
   10112000327680.0               64
  9.258000367879868E+023
   10270000807936.0               65
  9.258000367879868E+023
   10428000239616.0               66
  9.258000367879868E+023
   10586000719872.0               67
  9.258000367879868E+023
   10744000151552.0               68
  9.258000367879868E+023
   10902000631808.0               69
  9.258000367879868E+023
   11060000063488.0               70
  9.258000367879868E+023
   11218000543744.0               71
  9.258000367879868E+023
   11375999975424.0               72
  9.258000367879868E+023
   11534000455680.0               73
  9.258000367879868E+023
   11691999887360.0               74
  9.258000367879868E+023
   11850000367616.0               75
  9.258000367879868E+023
   12008000847872.0               76
  9.258000367879868E+023
   12166000279552.0               77
  9.258000367879868E+023
   12324000759808.0               78
  9.258000367879868E+023
   12482000191488.0               79
  9.258000367879868E+023
   12640000671744.0               80
  9.258000367879868E+023
   12798000103424.0               81
  9.258000367879868E+023
   12956000583680.0               82
  9.258000367879868E+023
   13114000015360.0               83
  9.258000367879868E+023
   13272000495616.0               84
  9.258000367879868E+023
   13429999927296.0               85
  9.258000367879868E+023
   13588000407552.0               86
  9.258000367879868E+023
   13746000887808.0               87
  9.258000367879868E+023
   13904000319488.0               88
  9.258000367879868E+023
   14062000799744.0               89
  9.258000367879868E+023
   14220000231424.0               90
  9.258000367879868E+023
   14378000711680.0               91
  9.258000367879868E+023
   14536000143360.0               92
  9.258000367879868E+023
   14694000623616.0               93
  9.258000367879868E+023
   14852000055296.0               94
  9.258000367879868E+023
   15010000535552.0               95
  9.258000367879868E+023
   15167999967232.0               96
  9.258000367879868E+023
   15326000447488.0               97
  9.258000367879868E+023
   15484000927744.0               98
  9.258000367879868E+023
   15642000359424.0               99
  9.258000367879868E+023
   15800000839680.0              100
  9.258000367879868E+023
   15958000271360.0              101
  9.258000367879868E+023
   16116000751616.0              102
  9.258000367879868E+023
   16274000183296.0              103
  9.258000367879868E+023
   16432000663552.0              104
  9.258000367879868E+023
   16590000095232.0              105
  9.258000367879868E+023
   16748000575488.0              106
  9.258000367879868E+023
   16906001055744.0              107
  9.258000367879868E+023
   17064000487424.0              108
  9.258000367879868E+023
   17222000967680.0              109
  9.258000367879868E+023
   17380000399360.0              110
  9.258000367879868E+023
   17538000879616.0              111
  9.258000367879868E+023
   17696001359872.0              112
  9.258000367879868E+023
   17854000791552.0              113
  9.258000367879868E+023
   18012000223232.0              114
  9.258000367879868E+023
   18169999654912.0              115
  9.258000367879868E+023
   18328001183744.0              116
  9.258000367879868E+023
   18486000615424.0              117
  9.258000367879868E+023
   18644000047104.0              118
  9.258000367879868E+023
   18802001575936.0              119
  9.258000367879868E+023
   18960001007616.0              120
  9.258000367879868E+023
   19118000439296.0              121
  9.258000367879868E+023
   19275999870976.0              122
  9.258000367879868E+023
   19434001399808.0              123
  9.258000367879868E+023
   19592000831488.0              124
  9.258000367879868E+023
   19750000263168.0              125
  9.258000367879868E+023
   19907999694848.0              126
  9.258000367879868E+023
   20066001223680.0              127
  9.258000367879868E+023
   20224000655360.0              128
  9.258000367879868E+023
   20382000087040.0              129
  9.258000367879868E+023
   20540001615872.0              130
  9.258000367879868E+023
   20698001047552.0              131
  9.258000367879868E+023
   20856000479232.0              132
  9.258000367879868E+023
   21013999910912.0              133
  9.258000367879868E+023
   21172001439744.0              134
  9.258000367879868E+023
   21330000871424.0              135
  9.258000367879868E+023
   21488000303104.0              136
  9.258000367879868E+023
   21645999734784.0              137
  9.258000367879868E+023
   21804001263616.0              138
  9.258000367879868E+023
   21962000695296.0              139
  9.258000367879868E+023
   22120000126976.0              140
  9.258000367879868E+023
   22278001655808.0              141
  9.258000367879868E+023
   22436001087488.0              142
  9.258000367879868E+023
   22594000519168.0              143
  9.258000367879868E+023
   22751999950848.0              144
  9.258000367879868E+023
   22910001479680.0              145
  9.258000367879868E+023
   23068000911360.0              146
  9.258000367879868E+023
   23226000343040.0              147
  9.258000367879868E+023
   23383999774720.0              148
  9.258000367879868E+023
   23542001303552.0              149
  9.258000367879868E+023
   23700000735232.0              150
  9.258000367879868E+023
   23858000166912.0              151
  9.258000367879868E+023
   24016001695744.0              152
  9.258000367879868E+023
   24174001127424.0              153
  9.258000367879868E+023
   24332000559104.0              154
  9.258000367879868E+023
   24489999990784.0              155
  9.258000367879868E+023
   24648001519616.0              156
  9.258000367879868E+023
   24806000951296.0              157
  9.258000367879868E+023
   24964000382976.0              158
  9.258000367879868E+023
   25121999814656.0              159
  9.258000367879868E+023
   25280001343488.0              160
  9.258000367879868E+023
   25438000775168.0              161
  9.258000367879868E+023
   25596000206848.0              162
  9.258000367879868E+023
   25754001735680.0              163
  9.258000367879868E+023
   25912001167360.0              164
  9.258000367879868E+023
   26070000599040.0              165
  9.258000367879868E+023
   26228000030720.0              166
  9.258000367879868E+023
   26386001559552.0              167
  9.258000367879868E+023
   26544000991232.0              168
  9.258000367879868E+023
   26702000422912.0              169
  9.258000367879868E+023
   26859999854592.0              170
  9.258000367879868E+023
   27018001383424.0              171
  9.258000367879868E+023
   27176000815104.0              172
  9.258000367879868E+023
   27334000246784.0              173
  9.258000367879868E+023
   27492001775616.0              174
  9.258000367879868E+023
   27650001207296.0              175
  9.258000367879868E+023
   27808000638976.0              176
  9.258000367879868E+023
   27966000070656.0              177
  9.258000367879868E+023
   28124001599488.0              178
  9.258000367879868E+023
   28282001031168.0              179
  9.258000367879868E+023
   28440000462848.0              180
  9.258000367879868E+023
   28597999894528.0              181
  9.258000367879868E+023
   28756001423360.0              182
  9.258000367879868E+023
   28914000855040.0              183
  9.258000367879868E+023
   29072000286720.0              184
  9.258000367879868E+023
   29230001815552.0              185
  9.258000367879868E+023
   29388001247232.0              186
  9.258000367879868E+023
   29546000678912.0              187
  9.258000367879868E+023
   29704000110592.0              188
  9.258000367879868E+023
   29862001639424.0              189
  9.258000367879868E+023
   30020001071104.0              190
  9.258000367879868E+023
   30178000502784.0              191
  9.258000367879868E+023
   30335999934464.0              192
  9.258000367879868E+023
   30494001463296.0              193
  9.258000367879868E+023
   30652000894976.0              194
  9.258000367879868E+023
   30810000326656.0              195
  9.258000367879868E+023
   30968001855488.0              196
  9.258000367879868E+023
   31126001287168.0              197
  9.258000367879868E+023
   31284000718848.0              198
  9.258000367879868E+023
   31442000150528.0              199
  9.258000367879868E+023
   31600001679360.0              200
  9.258000367879868E+023
   31758001111040.0              201
