  1.000D+03  1.0000D+04    10.00  6.897D-10  5.428D-17  1.000D-30  3.579D-16  3.134D-14  6.522D-15
  1.000D+04  1.0000D+04    10.00  3.139D-08  4.058D-15  5.888D-25  1.112D-15  2.963D-12  1.359D-12
  1.500D+04  1.0000D+04    10.00  6.808D-08  1.123D-15  7.388D-25  5.959D-16  1.193D-12  4.156D-13
  2.000D+04  1.0000D+04    10.00  1.164D-07  1.036D-15  8.901D-25  7.232D-16  1.093D-12  4.147D-13
  2.500D+04  1.0000D+04    10.00  1.752D-07  1.042D-15  1.047D-24  1.001D-15  1.130D-12  4.453D-13
  3.000D+04  1.0000D+04    10.00  2.436D-07  1.095D-15  1.213D-24  1.438D-15  1.190D-12  4.957D-13
  3.500D+04  1.0000D+04    10.00  3.212D-07  1.183D-15  1.391D-24  2.116D-15  1.258D-12  5.628D-13
  4.000D+04  1.0000D+04    10.00  4.076D-07  1.303D-15  1.583D-24  3.180D-15  1.329D-12  6.477D-13
  4.500D+04  1.0000D+04    10.00  5.027D-07  1.461D-15  1.792D-24  4.870D-15  1.399D-12  7.552D-13
  5.000D+04  1.0000D+04    10.00  6.064D-07  1.663D-15  2.020D-24  7.533D-15  1.460D-12  8.883D-13
  5.500D+04  1.0000D+04    10.00  7.190D-07  1.930D-15  2.272D-24  1.168D-14  1.511D-12  1.057D-12
  6.000D+04  1.0000D+04    10.00  8.406D-07  2.265D-15  2.552D-24  1.777D-14  1.538D-12  1.260D-12
  6.500D+04  1.0000D+04    10.00  9.719D-07  2.700D-15  2.864D-24  2.625D-14  1.550D-12  1.507D-12
  7.000D+04  1.0000D+04    10.00  1.113D-06  3.246D-15  3.213D-24  3.717D-14  1.549D-12  1.793D-12
  7.500D+04  1.0000D+04    10.00  1.265D-06  3.927D-15  3.607D-24  5.028D-14  1.544D-12  2.119D-12
  8.000D+04  1.0000D+04    10.00  1.428D-06  4.745D-15  4.052D-24  6.500D-14  1.536D-12  2.472D-12
  8.500D+04  1.0000D+04    10.00  1.603D-06  5.724D-15  4.554D-24  8.091D-14  1.533D-12  2.853D-12
  9.000D+04  1.0000D+04    10.00  1.790D-06  6.867D-15  5.123D-24  9.746D-14  1.535D-12  3.252D-12
  9.500D+04  1.0000D+04    10.00  1.989D-06  8.185D-15  5.768D-24  1.143D-13  1.544D-12  3.662D-12
  1.000D+05  1.0000D+04    10.00  2.201D-06  9.707D-15  6.499D-24  1.313D-13  1.562D-12  4.086D-12
  1.050D+05  1.0000D+04    10.00  2.425D-06  1.141D-14  7.326D-24  1.481D-13  1.584D-12  4.508D-12
  1.100D+05  1.0000D+04    10.00  2.662D-06  1.333D-14  8.262D-24  1.646D-13  1.614D-12  4.930D-12
  1.150D+05  1.0000D+04    10.00  2.911D-06  1.545D-14  9.316D-24  1.804D-13  1.648D-12  5.339D-12
  1.200D+05  1.0000D+04    10.00  3.173D-06  1.783D-14  1.050D-23  1.962D-13  1.691D-12  5.753D-12
  1.250D+05  1.0000D+04    10.00  3.447D-06  2.048D-14  1.184D-23  2.117D-13  1.741D-12  6.164D-12
  1.300D+05  1.0000D+04    10.00  3.732D-06  2.335D-14  1.335D-23  2.264D-13  1.794D-12  6.555D-12
  1.350D+05  1.0000D+04    10.00  4.030D-06  2.656D-14  1.503D-23  2.410D-13  1.857D-12  6.948D-12
  1.400D+05  1.0000D+04    10.00  4.338D-06  3.007D-14  1.692D-23  2.552D-13  1.925D-12  7.330D-12
  1.450D+05  1.0000D+04    10.00  4.657D-06  3.395D-14  1.904D-23  2.692D-13  2.000D-12  7.712D-12
  1.500D+05  1.0000D+04    10.00  4.986D-06  3.815D-14  2.140D-23  2.825D-13  2.081D-12  8.076D-12
  1.550D+05  1.0000D+04    10.00  5.326D-06  4.280D-14  2.403D-23  2.959D-13  2.170D-12  8.444D-12
  1.600D+05  1.0000D+04    10.00  5.674D-06  4.783D-14  2.696D-23  3.088D-13  2.265D-12  8.797D-12
  1.650D+05  1.0000D+04    10.00  6.032D-06  5.340D-14  3.023D-23  3.218D-13  2.370D-12  9.157D-12
  1.700D+05  1.0000D+04    10.00  6.398D-06  5.948D-14  3.386D-23  3.345D-13  2.483D-12  9.512D-12
  1.750D+05  1.0000D+04    10.00  6.773D-06  6.609D-14  3.788D-23  3.470D-13  2.603D-12  9.862D-12
  1.800D+05  1.0000D+04    10.00  7.155D-06  7.329D-14  4.235D-23  3.593D-13  2.732D-12  1.021D-11
  1.850D+05  1.0000D+04    10.00  7.544D-06  8.114D-14  4.730D-23  3.716D-13  2.870D-12  1.055D-11
  1.900D+05  1.0000D+04    10.00  7.940D-06  8.971D-14  5.278D-23  3.838D-13  3.018D-12  1.089D-11
  1.950D+05  1.0000D+04    10.00  8.342D-06  9.905D-14  5.884D-23  3.960D-13  3.177D-12  1.124D-11
  2.000D+05  1.0000D+04    10.00  8.749D-06  1.093D-13  6.554D-23  4.083D-13  3.348D-12  1.159D-11
  2.050D+05  1.0000D+04    10.00  9.163D-06  1.202D-13  7.293D-23  4.202D-13  3.527D-12  1.193D-11
  2.100D+05  1.0000D+04    10.00  9.581D-06  1.323D-13  8.109D-23  4.326D-13  3.721D-12  1.228D-11
  2.150D+05  1.0000D+04    10.00  1.000D-05  1.454D-13  9.009D-23  4.447D-13  3.927D-12  1.263D-11
  2.200D+05  1.0000D+04    10.00  1.043D-05  1.595D-13  1.000D-22  4.568D-13  4.144D-12  1.298D-11
  2.250D+05  1.0000D+04    10.00  1.086D-05  1.749D-13  1.109D-22  4.691D-13  4.378D-12  1.333D-11
  2.300D+05  1.0000D+04    10.00  1.130D-05  1.915D-13  1.229D-22  4.813D-13  4.623D-12  1.369D-11
  2.350D+05  1.0000D+04    10.00  1.173D-05  2.096D-13  1.362D-22  4.937D-13  4.885D-12  1.405D-11
  2.400D+05  1.0000D+04    10.00  1.217D-05  2.291D-13  1.507D-22  5.062D-13  5.162D-12  1.441D-11
  2.450D+05  1.0000D+04    10.00  1.262D-05  2.502D-13  1.667D-22  5.187D-13  5.456D-12  1.478D-11
  2.500D+05  1.0000D+04    10.00  1.306D-05  2.730D-13  1.842D-22  5.312D-13  5.764D-12  1.514D-11
  2.550D+05  1.0000D+04    10.00  1.351D-05  2.975D-13  2.035D-22  5.437D-13  6.089D-12  1.551D-11
  2.600D+05  1.0000D+04    10.00  1.396D-05  3.240D-13  2.246D-22  5.564D-13  6.432D-12  1.589D-11
  2.650D+05  1.0000D+04    10.00  1.441D-05  3.523D-13  2.478D-22  5.688D-13  6.789D-12  1.625D-11
  2.700D+05  1.0000D+04    10.00  1.486D-05  3.828D-13  2.732D-22  5.815D-13  7.165D-12  1.663D-11
  2.750D+05  1.0000D+04    10.00  1.531D-05  4.156D-13  3.010D-22  5.943D-13  7.559D-12  1.700D-11
  2.800D+05  1.0000D+04    10.00  1.576D-05  4.508D-13  3.314D-22  6.070D-13  7.971D-12  1.738D-11
  2.850D+05  1.0000D+04    10.00  1.622D-05  4.881D-13  3.647D-22  6.194D-13  8.396D-12  1.775D-11
  2.900D+05  1.0000D+04    10.00  1.667D-05  5.285D-13  4.012D-22  6.323D-13  8.844D-12  1.813D-11
  2.950D+05  1.0000D+04    10.00  1.712D-05  5.713D-13  4.410D-22  6.449D-13  9.305D-12  1.851D-11
  3.000D+05  1.0000D+04    10.00  1.758D-05  6.166D-13  4.845D-22  6.572D-13  9.780D-12  1.887D-11
  3.050D+05  1.0000D+04    10.00  1.803D-05  6.652D-13  5.321D-22  6.699D-13  1.028D-11  1.924D-11
  3.100D+05  1.0000D+04    10.00  1.848D-05  7.162D-13  5.840D-22  6.820D-13  1.078D-11  1.960D-11
  3.150D+05  1.0000D+04    10.00  1.893D-05  7.707D-13  6.405D-22  6.945D-13  1.130D-11  1.996D-11
  3.200D+05  1.0000D+04    10.00  1.938D-05  8.279D-13  7.022D-22  7.064D-13  1.184D-11  2.031D-11
  3.250D+05  1.0000D+04    10.00  1.983D-05  8.885D-13  7.694D-22  7.185D-13  1.239D-11  2.066D-11
  3.300D+05  1.0000D+04    10.00  2.028D-05  9.518D-13  8.426D-22  7.301D-13  1.295D-11  2.099D-11
  3.350D+05  1.0000D+04    10.00  2.073D-05  1.018D-12  9.222D-22  7.417D-13  1.352D-11  2.132D-11
  3.400D+05  1.0000D+04    10.00  2.117D-05  1.088D-12  1.009D-21  7.528D-13  1.409D-11  2.163D-11
  3.450D+05  1.0000D+04    10.00  2.162D-05  1.161D-12  1.103D-21  7.639D-13  1.468D-11  2.194D-11
  3.500D+05  1.0000D+04    10.00  2.206D-05  1.236D-12  1.205D-21  7.746D-13  1.527D-11  2.223D-11
  3.550D+05  1.0000D+04    10.00  2.250D-05  1.315D-12  1.315D-21  7.851D-13  1.588D-11  2.251D-11
  3.600D+05  1.0000D+04    10.00  2.294D-05  1.395D-12  1.435D-21  7.952D-13  1.648D-11  2.278D-11
  3.650D+05  1.0000D+04    10.00  2.338D-05  1.479D-12  1.564D-21  8.049D-13  1.708D-11  2.302D-11
  3.700D+05  1.0000D+04    10.00  2.381D-05  1.565D-12  1.704D-21  8.146D-13  1.770D-11  2.326D-11
  3.750D+05  1.0000D+04    10.00  2.425D-05  1.652D-12  1.855D-21  8.235D-13  1.830D-11  2.347D-11
  3.800D+05  1.0000D+04    10.00  2.468D-05  1.742D-12  2.018D-21  8.322D-13  1.891D-11  2.367D-11
  3.850D+05  1.0000D+04    10.00  2.510D-05  1.833D-12  2.194D-21  8.406D-13  1.952D-11  2.385D-11
  3.900D+05  1.0000D+04    10.00  2.553D-05  1.926D-12  2.383D-21  8.487D-13  2.013D-11  2.401D-11
  3.950D+05  1.0000D+04    10.00  2.595D-05  2.019D-12  2.585D-21  8.563D-13  2.073D-11  2.415D-11
  4.000D+05  1.0000D+04    10.00  2.638D-05  2.113D-12  2.802D-21  8.635D-13  2.132D-11  2.428D-11
  4.050D+05  1.0000D+04    10.00  2.679D-05  2.206D-12  3.035D-21  8.702D-13  2.191D-11  2.438D-11
  4.100D+05  1.0000D+04    10.00  2.721D-05  2.301D-12  3.283D-21  8.768D-13  2.250D-11  2.447D-11
  4.150D+05  1.0000D+04    10.00  2.762D-05  2.393D-12  3.548D-21  8.827D-13  2.307D-11  2.453D-11
  4.200D+05  1.0000D+04    10.00  2.804D-05  2.485D-12  3.830D-21  8.885D-13  2.364D-11  2.459D-11
  4.250D+05  1.0000D+04    10.00  2.844D-05  2.576D-12  4.129D-21  8.938D-13  2.419D-11  2.462D-11
  4.300D+05  1.0000D+04    10.00  2.885D-05  2.666D-12  4.447D-21  8.989D-13  2.474D-11  2.464D-11
  4.350D+05  1.0000D+04    10.00  2.925D-05  2.754D-12  4.782D-21  9.036D-13  2.528D-11  2.464D-11
  4.400D+05  1.0000D+04    10.00  2.965D-05  2.839D-12  5.137D-21  9.080D-13  2.581D-11  2.463D-11
  4.450D+05  1.0000D+04    10.00  3.005D-05  2.921D-12  5.510D-21  9.120D-13  2.633D-11  2.460D-11
  4.500D+05  1.0000D+04    10.00  3.044D-05  3.001D-12  5.902D-21  9.158D-13  2.684D-11  2.456D-11
  4.550D+05  1.0000D+04    10.00  3.083D-05  3.078D-12  6.312D-21  9.194D-13  2.733D-11  2.451D-11
  4.600D+05  1.0000D+04    10.00  3.122D-05  3.152D-12  6.741D-21  9.226D-13  2.782D-11  2.444D-11
  4.650D+05  1.0000D+04    10.00  3.161D-05  3.222D-12  7.188D-21  9.257D-13  2.829D-11  2.437D-11
  4.700D+05  1.0000D+04    10.00  3.199D-05  3.290D-12  7.653D-21  9.286D-13  2.876D-11  2.429D-11
  4.750D+05  1.0000D+04    10.00  3.237D-05  3.353D-12  8.136D-21  9.312D-13  2.921D-11  2.420D-11
  4.800D+05  1.0000D+04    10.00  3.274D-05  3.413D-12  8.635D-21  9.337D-13  2.965D-11  2.410D-11
  4.850D+05  1.0000D+04    10.00  3.312D-05  3.469D-12  9.150D-21  9.360D-13  3.007D-11  2.399D-11
  4.900D+05  1.0000D+04    10.00  3.349D-05  3.523D-12  9.679D-21  9.384D-13  3.050D-11  2.389D-11
  4.950D+05  1.0000D+04    10.00  3.385D-05  3.572D-12  1.022D-20  9.405D-13  3.091D-11  2.377D-11
  5.000D+05  1.0000D+04    10.00  3.422D-05  3.618D-12  1.078D-20  9.427D-13  3.131D-11  2.366D-11
  5.050D+05  1.0000D+04    10.00  3.458D-05  3.661D-12  1.135D-20  9.446D-13  3.170D-11  2.353D-11
  5.100D+05  1.0000D+04    10.00  3.493D-05  3.700D-12  1.193D-20  9.466D-13  3.209D-11  2.341D-11
  5.150D+05  1.0000D+04    10.00  3.529D-05  3.736D-12  1.252D-20  9.485D-13  3.246D-11  2.329D-11
  5.200D+05  1.0000D+04    10.00  3.564D-05  3.770D-12  1.312D-20  9.504D-13  3.283D-11  2.316D-11
  5.250D+05  1.0000D+04    10.00  3.599D-05  3.800D-12  1.372D-20  9.523D-13  3.319D-11  2.303D-11
  5.300D+05  1.0000D+04    10.00  3.633D-05  3.829D-12  1.433D-20  9.543D-13  3.355D-11  2.291D-11
  5.350D+05  1.0000D+04    10.00  3.667D-05  3.854D-12  1.495D-20  9.562D-13  3.390D-11  2.278D-11
  5.400D+05  1.0000D+04    10.00  3.701D-05  3.877D-12  1.557D-20  9.581D-13  3.424D-11  2.266D-11
  5.450D+05  1.0000D+04    10.00  3.735D-05  3.897D-12  1.620D-20  9.601D-13  3.458D-11  2.253D-11
  5.500D+05  1.0000D+04    10.00  3.768D-05  3.916D-12  1.682D-20  9.621D-13  3.491D-11  2.240D-11
  5.550D+05  1.0000D+04    10.00  3.801D-05  3.932D-12  1.745D-20  9.642D-13  3.525D-11  2.228D-11
  5.600D+05  1.0000D+04    10.00  3.834D-05  3.947D-12  1.807D-20  9.664D-13  3.557D-11  2.216D-11
  5.650D+05  1.0000D+04    10.00  3.866D-05  3.960D-12  1.870D-20  9.686D-13  3.590D-11  2.204D-11
  5.700D+05  1.0000D+04    10.00  3.898D-05  3.972D-12  1.932D-20  9.709D-13  3.622D-11  2.193D-11
  5.750D+05  1.0000D+04    10.00  3.930D-05  3.982D-12  1.994D-20  9.733D-13  3.654D-11  2.181D-11
  5.800D+05  1.0000D+04    10.00  3.961D-05  3.991D-12  2.055D-20  9.757D-13  3.686D-11  2.170D-11
  5.850D+05  1.0000D+04    10.00  3.992D-05  3.998D-12  2.117D-20  9.783D-13  3.718D-11  2.159D-11
  5.900D+05  1.0000D+04    10.00  4.023D-05  4.005D-12  2.177D-20  9.809D-13  3.750D-11  2.148D-11
  5.950D+05  1.0000D+04    10.00  4.054D-05  4.010D-12  2.238D-20  9.836D-13  3.782D-11  2.138D-11
  6.000D+05  1.0000D+04    10.00  4.084D-05  4.014D-12  2.297D-20  9.864D-13  3.814D-11  2.127D-11
  6.050D+05  1.0000D+04    10.00  4.114D-05  4.018D-12  2.356D-20  9.893D-13  3.846D-11  2.117D-11
  6.100D+05  1.0000D+04    10.00  4.144D-05  4.020D-12  2.414D-20  9.923D-13  3.877D-11  2.108D-11
  6.150D+05  1.0000D+04    10.00  4.173D-05  4.023D-12  2.472D-20  9.954D-13  3.910D-11  2.098D-11
  6.200D+05  1.0000D+04    10.00  4.202D-05  4.024D-12  2.529D-20  9.986D-13  3.942D-11  2.089D-11
  6.250D+05  1.0000D+04    10.00  4.231D-05  4.025D-12  2.585D-20  1.002D-12  3.974D-11  2.080D-11
  6.300D+05  1.0000D+04    10.00  4.260D-05  4.025D-12  2.640D-20  1.005D-12  4.007D-11  2.071D-11
  6.350D+05  1.0000D+04    10.00  4.288D-05  4.025D-12  2.695D-20  1.009D-12  4.040D-11  2.063D-11
  6.400D+05  1.0000D+04    10.00  4.316D-05  4.024D-12  2.748D-20  1.012D-12  4.073D-11  2.055D-11
  6.450D+05  1.0000D+04    10.00  4.344D-05  4.023D-12  2.801D-20  1.016D-12  4.106D-11  2.047D-11
  6.500D+05  1.0000D+04    10.00  4.372D-05  4.022D-12  2.853D-20  1.020D-12  4.140D-11  2.039D-11
  6.550D+05  1.0000D+04    10.00  4.399D-05  4.020D-12  2.904D-20  1.024D-12  4.174D-11  2.031D-11
  6.600D+05  1.0000D+04    10.00  4.426D-05  4.018D-12  2.954D-20  1.028D-12  4.208D-11  2.024D-11
  6.650D+05  1.0000D+04    10.00  4.453D-05  4.016D-12  3.004D-20  1.032D-12  4.242D-11  2.017D-11
  6.700D+05  1.0000D+04    10.00  4.479D-05  4.013D-12  3.052D-20  1.036D-12  4.277D-11  2.010D-11
  6.750D+05  1.0000D+04    10.00  4.505D-05  4.011D-12  3.100D-20  1.040D-12  4.312D-11  2.004D-11
  6.800D+05  1.0000D+04    10.00  4.531D-05  4.008D-12  3.146D-20  1.044D-12  4.348D-11  1.998D-11
  6.850D+05  1.0000D+04    10.00  4.557D-05  4.005D-12  3.192D-20  1.049D-12  4.384D-11  1.992D-11
  6.900D+05  1.0000D+04    10.00  4.583D-05  4.002D-12  3.237D-20  1.053D-12  4.420D-11  1.986D-11
  6.950D+05  1.0000D+04    10.00  4.608D-05  3.999D-12  3.281D-20  1.058D-12  4.457D-11  1.980D-11
  7.000D+05  1.0000D+04    10.00  4.633D-05  3.995D-12  3.325D-20  1.063D-12  4.494D-11  1.975D-11
  7.050D+05  1.0000D+04    10.00  4.658D-05  3.992D-12  3.367D-20  1.067D-12  4.532D-11  1.969D-11
  7.100D+05  1.0000D+04    10.00  4.682D-05  3.988D-12  3.409D-20  1.072D-12  4.570D-11  1.964D-11
  7.150D+05  1.0000D+04    10.00  4.706D-05  3.984D-12  3.450D-20  1.077D-12  4.608D-11  1.960D-11
  7.200D+05  1.0000D+04    10.00  4.730D-05  3.980D-12  3.489D-20  1.082D-12  4.647D-11  1.955D-11
  7.250D+05  1.0000D+04    10.00  4.754D-05  3.977D-12  3.529D-20  1.087D-12  4.686D-11  1.950D-11
  7.300D+05  1.0000D+04    10.00  4.778D-05  3.973D-12  3.567D-20  1.092D-12  4.726D-11  1.946D-11
  7.350D+05  1.0000D+04    10.00  4.801D-05  3.969D-12  3.604D-20  1.098D-12  4.766D-11  1.942D-11
  7.400D+05  1.0000D+04    10.00  4.824D-05  3.964D-12  3.641D-20  1.103D-12  4.806D-11  1.938D-11
  7.450D+05  1.0000D+04    10.00  4.847D-05  3.960D-12  3.677D-20  1.108D-12  4.848D-11  1.934D-11
  7.500D+05  1.0000D+04    10.00  4.870D-05  3.956D-12  3.712D-20  1.114D-12  4.889D-11  1.931D-11
  7.550D+05  1.0000D+04    10.00  4.893D-05  3.952D-12  3.746D-20  1.119D-12  4.931D-11  1.927D-11
  7.600D+05  1.0000D+04    10.00  4.915D-05  3.948D-12  3.780D-20  1.125D-12  4.973D-11  1.924D-11
  7.650D+05  1.0000D+04    10.00  4.937D-05  3.944D-12  3.813D-20  1.131D-12  5.016D-11  1.921D-11
  7.700D+05  1.0000D+04    10.00  4.959D-05  3.940D-12  3.845D-20  1.136D-12  5.059D-11  1.918D-11
  7.750D+05  1.0000D+04    10.00  4.980D-05  3.936D-12  3.876D-20  1.142D-12  5.102D-11  1.915D-11
  7.800D+05  1.0000D+04    10.00  5.002D-05  3.931D-12  3.907D-20  1.148D-12  5.146D-11  1.912D-11
  7.850D+05  1.0000D+04    10.00  5.023D-05  3.927D-12  3.937D-20  1.154D-12  5.191D-11  1.910D-11
  7.900D+05  1.0000D+04    10.00  5.044D-05  3.923D-12  3.966D-20  1.160D-12  5.236D-11  1.908D-11
  7.950D+05  1.0000D+04    10.00  5.065D-05  3.919D-12  3.995D-20  1.166D-12  5.281D-11  1.905D-11
  8.000D+05  1.0000D+04    10.00  5.086D-05  3.915D-12  4.023D-20  1.172D-12  5.327D-11  1.903D-11
  8.050D+05  1.0000D+04    10.00  5.106D-05  3.911D-12  4.050D-20  1.179D-12  5.373D-11  1.901D-11
  8.100D+05  1.0000D+04    10.00  5.127D-05  3.906D-12  4.076D-20  1.185D-12  5.420D-11  1.899D-11
  8.150D+05  1.0000D+04    10.00  5.147D-05  3.902D-12  4.102D-20  1.191D-12  5.467D-11  1.897D-11
  8.200D+05  1.0000D+04    10.00  5.167D-05  3.898D-12  4.128D-20  1.198D-12  5.514D-11  1.896D-11
  8.250D+05  1.0000D+04    10.00  5.186D-05  3.894D-12  4.152D-20  1.204D-12  5.562D-11  1.894D-11
  8.300D+05  1.0000D+04    10.00  5.206D-05  3.890D-12  4.176D-20  1.211D-12  5.610D-11  1.893D-11
  8.350D+05  1.0000D+04    10.00  5.225D-05  3.886D-12  4.200D-20  1.217D-12  5.659D-11  1.891D-11
  8.400D+05  1.0000D+04    10.00  5.244D-05  3.882D-12  4.222D-20  1.224D-12  5.708D-11  1.890D-11
  8.450D+05  1.0000D+04    10.00  5.263D-05  3.878D-12  4.245D-20  1.230D-12  5.758D-11  1.889D-11
  8.500D+05  1.0000D+04    10.00  5.282D-05  3.874D-12  4.266D-20  1.237D-12  5.808D-11  1.888D-11
  8.550D+05  1.0000D+04    10.00  5.301D-05  3.870D-12  4.287D-20  1.244D-12  5.858D-11  1.887D-11
  8.600D+05  1.0000D+04    10.00  5.319D-05  3.866D-12  4.308D-20  1.251D-12  5.909D-11  1.886D-11
  8.650D+05  1.0000D+04    10.00  5.337D-05  3.862D-12  4.328D-20  1.258D-12  5.960D-11  1.886D-11
  8.700D+05  1.0000D+04    10.00  5.356D-05  3.858D-12  4.347D-20  1.264D-12  6.011D-11  1.885D-11
  8.750D+05  1.0000D+04    10.00  5.373D-05  3.854D-12  4.366D-20  1.271D-12  6.063D-11  1.884D-11
  8.800D+05  1.0000D+04    10.00  5.391D-05  3.850D-12  4.384D-20  1.278D-12  6.116D-11  1.884D-11
  8.850D+05  1.0000D+04    10.00  5.409D-05  3.846D-12  4.402D-20  1.285D-12  6.168D-11  1.884D-11
  8.900D+05  1.0000D+04    10.00  5.426D-05  3.842D-12  4.420D-20  1.293D-12  6.221D-11  1.883D-11
  8.950D+05  1.0000D+04    10.00  5.444D-05  3.839D-12  4.436D-20  1.300D-12  6.275D-11  1.883D-11
  9.000D+05  1.0000D+04    10.00  5.461D-05  3.835D-12  4.453D-20  1.307D-12  6.329D-11  1.883D-11
  9.050D+05  1.0000D+04    10.00  5.478D-05  3.831D-12  4.468D-20  1.314D-12  6.383D-11  1.883D-11
  9.100D+05  1.0000D+04    10.00  5.495D-05  3.827D-12  4.484D-20  1.321D-12  6.437D-11  1.883D-11
  9.150D+05  1.0000D+04    10.00  5.511D-05  3.823D-12  4.499D-20  1.328D-12  6.492D-11  1.883D-11
  9.200D+05  1.0000D+04    10.00  5.528D-05  3.820D-12  4.513D-20  1.336D-12  6.547D-11  1.883D-11
  9.250D+05  1.0000D+04    10.00  5.544D-05  3.816D-12  4.527D-20  1.343D-12  6.602D-11  1.883D-11
  9.300D+05  1.0000D+04    10.00  5.560D-05  3.812D-12  4.540D-20  1.350D-12  6.658D-11  1.883D-11
  9.350D+05  1.0000D+04    10.00  5.576D-05  3.809D-12  4.554D-20  1.358D-12  6.714D-11  1.884D-11
  9.400D+05  1.0000D+04    10.00  5.592D-05  3.805D-12  4.566D-20  1.365D-12  6.770D-11  1.884D-11
  9.450D+05  1.0000D+04    10.00  5.608D-05  3.802D-12  4.578D-20  1.373D-12  6.827D-11  1.885D-11
  9.500D+05  1.0000D+04    10.00  5.624D-05  3.798D-12  4.590D-20  1.380D-12  6.884D-11  1.885D-11
  9.550D+05  1.0000D+04    10.00  5.639D-05  3.794D-12  4.601D-20  1.387D-12  6.941D-11  1.886D-11
  9.600D+05  1.0000D+04    10.00  5.654D-05  3.791D-12  4.612D-20  1.395D-12  6.998D-11  1.886D-11
  9.650D+05  1.0000D+04    10.00  5.670D-05  3.787D-12  4.623D-20  1.402D-12  7.056D-11  1.887D-11
  9.700D+05  1.0000D+04    10.00  5.685D-05  3.784D-12  4.633D-20  1.410D-12  7.114D-11  1.887D-11
  9.750D+05  1.0000D+04    10.00  5.700D-05  3.780D-12  4.643D-20  1.418D-12  7.172D-11  1.888D-11
  9.800D+05  1.0000D+04    10.00  5.714D-05  3.777D-12  4.652D-20  1.425D-12  7.231D-11  1.889D-11
  9.850D+05  1.0000D+04    10.00  5.729D-05  3.774D-12  4.661D-20  1.433D-12  7.289D-11  1.890D-11
  9.900D+05  1.0000D+04    10.00  5.743D-05  3.770D-12  4.670D-20  1.440D-12  7.349D-11  1.891D-11
  9.950D+05  1.0000D+04    10.00  5.758D-05  3.767D-12  4.678D-20  1.448D-12  7.408D-11  1.892D-11
  1.000D+06  1.0000D+04    10.00  5.772D-05  3.764D-12  4.686D-20  1.456D-12  7.467D-11  1.893D-11
  1.005D+06  1.0000D+04    10.00  5.786D-05  3.760D-12  4.694D-20  1.463D-12  7.527D-11  1.893D-11
