  1.000D-07    1000000.0000  2.049D-07  7.396D-10  5.001D-01  5.906D-15  3.766D-09  8.500D-02
  5.000D+04    1000000.0000  2.049D-07  7.397D-10  5.001D-01  5.906D-15  3.766D-09  8.500D-02
  1.000D+05    1000000.0000  2.049D-07  7.397D-10  5.001D-01  5.906D-15  3.766D-09  8.500D-02
  1.500D+05    1000000.0000  2.049D-07  7.397D-10  5.001D-01  5.906D-15  3.767D-09  8.500D-02
  2.000D+05    1000000.0000  2.049D-07  7.398D-10  5.001D-01  5.906D-15  3.767D-09  8.500D-02
  2.500D+05    1000000.0000  2.049D-07  7.398D-10  5.001D-01  5.906D-15  3.767D-09  8.500D-02
  3.000D+05    1000000.0000  2.049D-07  7.399D-10  5.001D-01  5.906D-15  3.767D-09  8.500D-02
  3.500D+05    1000000.0000  2.049D-07  7.399D-10  5.001D-01  5.906D-15  3.767D-09  8.500D-02
  4.000D+05    1000000.0000  2.049D-07  7.400D-10  5.001D-01  5.906D-15  3.767D-09  8.500D-02
  4.500D+05    1000000.0000  2.049D-07  7.400D-10  5.001D-01  5.906D-15  3.767D-09  8.500D-02
  5.000D+05    1000000.0000  2.049D-07  7.400D-10  5.001D-01  5.906D-15  3.767D-09  8.500D-02
  5.500D+05    1000000.0000  2.049D-07  7.401D-10  5.001D-01  5.906D-15  3.767D-09  8.500D-02
  6.000D+05    1000000.0000  2.049D-07  7.401D-10  5.001D-01  5.906D-15  3.767D-09  8.500D-02
  6.500D+05    1000000.0000  2.049D-07  7.402D-10  5.001D-01  5.906D-15  3.767D-09  8.500D-02
  7.000D+05    1000000.0000  2.049D-07  7.402D-10  5.001D-01  5.906D-15  3.767D-09  8.500D-02
  7.500D+05    1000000.0000  2.049D-07  7.402D-10  5.001D-01  5.906D-15  3.767D-09  8.500D-02
  8.000D+05    1000000.0000  2.049D-07  7.403D-10  5.001D-01  5.906D-15  3.767D-09  8.500D-02
  8.500D+05    1000000.0000  2.049D-07  7.403D-10  5.001D-01  5.906D-15  3.767D-09  8.500D-02
  9.000D+05    1000000.0000  2.049D-07  7.404D-10  5.001D-01  5.906D-15  3.767D-09  8.500D-02
  9.500D+05    1000000.0000  2.049D-07  7.404D-10  5.001D-01  5.906D-15  3.767D-09  8.500D-02
  1.000D+06    1000000.0000  2.049D-07  7.404D-10  5.001D-01  5.906D-15  3.767D-09  8.500D-02
