  -7.0000    6.0000  -21.1862  -19.1054 -30.0000 -15.0839 -30.0000  -0.6021
   3.0000    6.0000   -5.1695  -11.1167  -4.7654 -13.6296  -6.1275  -0.3079
   4.0000    6.0000   -6.7705  -11.1989  -6.6977 -12.4983  -7.1997  -0.3010
   4.1761    6.0000   -7.9016  -11.3440  -7.6872 -11.7860  -7.9470  -0.3010
   4.3010    6.0000   -8.7062  -11.5648  -7.9760 -11.3191  -8.5337  -0.3010
   4.3979    6.0000   -9.0337  -11.7595  -8.0302 -11.2939  -8.9990  -0.3010
   4.4771    6.0000   -9.2534  -11.9359  -8.0427 -11.3677  -9.4252  -0.3010
   4.5441    6.0000   -9.2914  -11.9630  -8.0451 -11.3744  -9.5885  -0.3010
   4.6021    6.0000   -9.2953  -11.9656  -8.0455 -11.3750  -9.6156  -0.3010
   4.6532    6.0000   -9.2958  -11.9659  -8.0455 -11.3752  -9.6189  -0.3010
   4.6990    6.0000   -9.2958  -11.9659  -8.0455 -11.3753  -9.6194  -0.3010
   4.7404    6.0000   -9.2960  -11.9661  -8.0455 -11.3754  -9.6194  -0.3010
   4.7782    6.0000   -9.2960  -11.9662  -8.0455 -11.3755  -9.6194  -0.3010
   4.8129    6.0000   -9.2961  -11.9663  -8.0455 -11.3756  -9.6194  -0.3010
   4.8451    6.0000   -9.2962  -11.9664  -8.0455 -11.3758  -9.6194  -0.3010
   4.8751    6.0000   -9.2962  -11.9664  -8.0455 -11.3759  -9.6194  -0.3010
   4.9031    6.0000   -9.2963  -11.9664  -8.0455 -11.3760  -9.6194  -0.3010
   4.9294    6.0000   -9.2964  -11.9664  -8.0455 -11.3761  -9.6194  -0.3010
   4.9542    6.0000   -9.2964  -11.9666  -8.0455 -11.3762  -9.6194  -0.3010
   4.9777    6.0000   -9.2965  -11.9666  -8.0455 -11.3763  -9.6195  -0.3010
   5.0000    6.0000   -9.2965  -11.9668  -8.0455 -11.3764  -9.6195  -0.3010
   5.0212    6.0000   -9.2966  -11.9669  -8.0455 -11.3765  -9.6195  -0.3010
   5.0414    6.0000   -9.2967  -11.9669  -8.0455 -11.3766  -9.6195  -0.3010
   5.0607    6.0000   -9.2968  -11.9669  -8.0455 -11.3768  -9.6195  -0.3010
   5.0792    6.0000   -9.2968  -11.9671  -8.0455 -11.3769  -9.6195  -0.3010
   5.0969    6.0000   -9.2969  -11.9671  -8.0455 -11.3770  -9.6195  -0.3010
   5.1139    6.0000   -9.2969  -11.9671  -8.0455 -11.3771  -9.6195  -0.3010
   5.1303    6.0000   -9.2970  -11.9671  -8.0455 -11.3772  -9.6195  -0.3010
   5.1461    6.0000   -9.2971  -11.9673  -8.0454 -11.3773  -9.6195  -0.3010
   5.1614    6.0000   -9.2972  -11.9674  -8.0454 -11.3774  -9.6195  -0.3010
   5.1761    6.0000   -9.2972  -11.9674  -8.0454 -11.3775  -9.6195  -0.3010
   5.1903    6.0000   -9.2973  -11.9676  -8.0454 -11.3776  -9.6195  -0.3010
   5.2041    6.0000   -9.2974  -11.9676  -8.0454 -11.3777  -9.6195  -0.3010
   5.2175    6.0000   -9.2974  -11.9676  -8.0454 -11.3779  -9.6195  -0.3010
   5.2304    6.0000   -9.2975  -11.9678  -8.0454 -11.3779  -9.6195  -0.3010
   5.2430    6.0000   -9.2975  -11.9678  -8.0454 -11.3780  -9.6195  -0.3010
   5.2553    6.0000   -9.2976  -11.9678  -8.0454 -11.3781  -9.6195  -0.3010
   5.2672    6.0000   -9.2977  -11.9679  -8.0454 -11.3783  -9.6195  -0.3010
   5.2788    6.0000   -9.2978  -11.9681  -8.0454 -11.3783  -9.6195  -0.3010
   5.2900    6.0000   -9.2978  -11.9681  -8.0454 -11.3785  -9.6196  -0.3010
   5.3010    6.0000   -9.2979  -11.9681  -8.0454 -11.3786  -9.6196  -0.3010
   5.3118    6.0000   -9.2979  -11.9683  -8.0454 -11.3787  -9.6196  -0.3010
   5.3222    6.0000   -9.2980  -11.9683  -8.0454 -11.3788  -9.6196  -0.3010
   5.3324    6.0000   -9.2981  -11.9683  -8.0454 -11.3789  -9.6196  -0.3010
   5.3424    6.0000   -9.2982  -11.9684  -8.0453 -11.3790  -9.6196  -0.3010
   5.3522    6.0000   -9.2982  -11.9685  -8.0453 -11.3791  -9.6196  -0.3010
   5.3617    6.0000   -9.2983  -11.9686  -8.0453 -11.3792  -9.6196  -0.3010
   5.3711    6.0000   -9.2983  -11.9686  -8.0453 -11.3793  -9.6196  -0.3010
   5.3802    6.0000   -9.2984  -11.9688  -8.0453 -11.3795  -9.6196  -0.3010
   5.3892    6.0000   -9.2985  -11.9688  -8.0453 -11.3796  -9.6197  -0.3010
   5.3979    6.0000   -9.2985  -11.9688  -8.0453 -11.3797  -9.6197  -0.3010
   5.4065    6.0000   -9.2986  -11.9689  -8.0453 -11.3798  -9.6197  -0.3010
   5.4150    6.0000   -9.2987  -11.9690  -8.0453 -11.3799  -9.6197  -0.3010
   5.4232    6.0000   -9.2988  -11.9690  -8.0453 -11.3800  -9.6197  -0.3010
   5.4314    6.0000   -9.2988  -11.9693  -8.0453 -11.3801  -9.6197  -0.3010
   5.4393    6.0000   -9.2989  -11.9693  -8.0453 -11.3802  -9.6197  -0.3010
   5.4472    6.0000   -9.2990  -11.9693  -8.0453 -11.3803  -9.6197  -0.3010
   5.4548    6.0000   -9.2990  -11.9693  -8.0453 -11.3804  -9.6197  -0.3010
   5.4624    6.0000   -9.2991  -11.9695  -8.0453 -11.3805  -9.6197  -0.3010
   5.4698    6.0000   -9.2992  -11.9695  -8.0453 -11.3806  -9.6197  -0.3010
   5.4771    6.0000   -9.2992  -11.9695  -8.0452 -11.3807  -9.6197  -0.3010
   5.4843    6.0000   -9.2993  -11.9696  -8.0452 -11.3808  -9.6197  -0.3010
   5.4914    6.0000   -9.2994  -11.9696  -8.0452 -11.3809  -9.6197  -0.3010
   5.4983    6.0000   -9.2994  -11.9698  -8.0452 -11.3810  -9.6197  -0.3010
   5.5051    6.0000   -9.2995  -11.9698  -8.0452 -11.3812  -9.6197  -0.3010
   5.5119    6.0000   -9.2996  -11.9700  -8.0452 -11.3813  -9.6197  -0.3010
   5.5185    6.0000   -9.2996  -11.9700  -8.0452 -11.3814  -9.6197  -0.3010
   5.5250    6.0000   -9.2997  -11.9700  -8.0452 -11.3815  -9.6197  -0.3010
   5.5315    6.0000   -9.2998  -11.9701  -8.0452 -11.3816  -9.6198  -0.3010
   5.5378    6.0000   -9.2998  -11.9701  -8.0452 -11.3817  -9.6198  -0.3010
   5.5441    6.0000   -9.2999  -11.9702  -8.0452 -11.3818  -9.6198  -0.3010
   5.5502    6.0000   -9.3000  -11.9703  -8.0452 -11.3819  -9.6198  -0.3010
   5.5563    6.0000   -9.3000  -11.9705  -8.0452 -11.3820  -9.6198  -0.3010
   5.5623    6.0000   -9.3001  -11.9705  -8.0452 -11.3821  -9.6198  -0.3010
   5.5682    6.0000   -9.3002  -11.9705  -8.0452 -11.3823  -9.6198  -0.3010
   5.5740    6.0000   -9.3002  -11.9706  -8.0451 -11.3824  -9.6198  -0.3010
   5.5798    6.0000   -9.3003  -11.9707  -8.0451 -11.3825  -9.6198  -0.3010
   5.5855    6.0000   -9.3004  -11.9707  -8.0451 -11.3825  -9.6198  -0.3010
   5.5911    6.0000   -9.3004  -11.9708  -8.0451 -11.3827  -9.6198  -0.3010
   5.5966    6.0000   -9.3005  -11.9708  -8.0451 -11.3828  -9.6198  -0.3010
   5.6021    6.0000   -9.3005  -11.9710  -8.0451 -11.3829  -9.6198  -0.3010
   5.6075    6.0000   -9.3006  -11.9711  -8.0451 -11.3830  -9.6198  -0.3010
   5.6128    6.0000   -9.3007  -11.9711  -8.0451 -11.3831  -9.6198  -0.3010
   5.6180    6.0000   -9.3008  -11.9712  -8.0451 -11.3832  -9.6198  -0.3010
   5.6232    6.0000   -9.3008  -11.9712  -8.0451 -11.3833  -9.6198  -0.3010
   5.6284    6.0000   -9.3009  -11.9713  -8.0451 -11.3834  -9.6198  -0.3010
   5.6335    6.0000   -9.3010  -11.9713  -8.0451 -11.3836  -9.6198  -0.3010
   5.6385    6.0000   -9.3010  -11.9713  -8.0451 -11.3837  -9.6198  -0.3010
   5.6435    6.0000   -9.3011  -11.9715  -8.0451 -11.3837  -9.6199  -0.3010
   5.6484    6.0000   -9.3012  -11.9717  -8.0451 -11.3838  -9.6199  -0.3010
   5.6532    6.0000   -9.3012  -11.9717  -8.0451 -11.3839  -9.6199  -0.3010
   5.6580    6.0000   -9.3013  -11.9717  -8.0451 -11.3841  -9.6199  -0.3010
   5.6628    6.0000   -9.3014  -11.9718  -8.0451 -11.3842  -9.6199  -0.3010
   5.6675    6.0000   -9.3014  -11.9718  -8.0450 -11.3843  -9.6199  -0.3010
   5.6721    6.0000   -9.3015  -11.9719  -8.0450 -11.3844  -9.6199  -0.3010
   5.6767    6.0000   -9.3016  -11.9720  -8.0450 -11.3845  -9.6199  -0.3010
   5.6812    6.0000   -9.3016  -11.9720  -8.0450 -11.3846  -9.6199  -0.3010
   5.6857    6.0000   -9.3017  -11.9722  -8.0450 -11.3847  -9.6198  -0.3010
   5.6902    6.0000   -9.3018  -11.9723  -8.0450 -11.3848  -9.6199  -0.3010
   5.6946    6.0000   -9.3018  -11.9723  -8.0450 -11.3849  -9.6199  -0.3010
   5.6990    6.0000   -9.3019  -11.9724  -8.0450 -11.3850  -9.6199  -0.3010
   5.7033    6.0000   -9.3020  -11.9724  -8.0450 -11.3851  -9.6199  -0.3010
   5.7076    6.0000   -9.3020  -11.9725  -8.0450 -11.3852  -9.6199  -0.3010
   5.7118    6.0000   -9.3021  -11.9725  -8.0450 -11.3854  -9.6199  -0.3010
   5.7160    6.0000   -9.3021  -11.9725  -8.0450 -11.3855  -9.6199  -0.3010
   5.7202    6.0000   -9.3022  -11.9727  -8.0450 -11.3856  -9.6199  -0.3010
   5.7243    6.0000   -9.3023  -11.9728  -8.0450 -11.3857  -9.6199  -0.3010
   5.7284    6.0000   -9.3023  -11.9729  -8.0450 -11.3858  -9.6199  -0.3010
   5.7324    6.0000   -9.3024  -11.9729  -8.0450 -11.3859  -9.6200  -0.3010
   5.7364    6.0000   -9.3025  -11.9730  -8.0450 -11.3860  -9.6200  -0.3010
   5.7404    6.0000   -9.3025  -11.9730  -8.0450 -11.3861  -9.6200  -0.3010
   5.7443    6.0000   -9.3026  -11.9731  -8.0449 -11.3862  -9.6200  -0.3010
   5.7482    6.0000   -9.3027  -11.9732  -8.0449 -11.3863  -9.6200  -0.3010
   5.7520    6.0000   -9.3027  -11.9732  -8.0449 -11.3864  -9.6200  -0.3010
   5.7559    6.0000   -9.3028  -11.9732  -8.0449 -11.3865  -9.6200  -0.3010
   5.7597    6.0000   -9.3029  -11.9734  -8.0449 -11.3867  -9.6200  -0.3010
   5.7634    6.0000   -9.3029  -11.9735  -8.0449 -11.3868  -9.6200  -0.3010
   5.7672    6.0000   -9.3030  -11.9735  -8.0449 -11.3869  -9.6200  -0.3010
   5.7709    6.0000   -9.3031  -11.9736  -8.0449 -11.3870  -9.6201  -0.3010
   5.7745    6.0000   -9.3031  -11.9737  -8.0449 -11.3871  -9.6201  -0.3010
   5.7782    6.0000   -9.3032  -11.9737  -8.0449 -11.3872  -9.6201  -0.3010
   5.7818    6.0000   -9.3033  -11.9737  -8.0449 -11.3873  -9.6201  -0.3010
   5.7853    6.0000   -9.3034  -11.9738  -8.0449 -11.3874  -9.6201  -0.3010
   5.7889    6.0000   -9.3034  -11.9740  -8.0449 -11.3875  -9.6201  -0.3010
   5.7924    6.0000   -9.3035  -11.9741  -8.0449 -11.3876  -9.6201  -0.3010
   5.7959    6.0000   -9.3036  -11.9741  -8.0449 -11.3877  -9.6201  -0.3010
   5.7993    6.0000   -9.3036  -11.9742  -8.0449 -11.3879  -9.6201  -0.3010
   5.8028    6.0000   -9.3037  -11.9742  -8.0449 -11.3879  -9.6201  -0.3010
   5.8062    6.0000   -9.3038  -11.9743  -8.0449 -11.3880  -9.6202  -0.3010
   5.8096    6.0000   -9.3038  -11.9744  -8.0448 -11.3882  -9.6202  -0.3010
   5.8129    6.0000   -9.3038  -11.9744  -8.0448 -11.3882  -9.6202  -0.3010
   5.8162    6.0000   -9.3040  -11.9744  -8.0448 -11.3883  -9.6202  -0.3010
   5.8195    6.0000   -9.3040  -11.9746  -8.0448 -11.3885  -9.6202  -0.3010
   5.8228    6.0000   -9.3041  -11.9747  -8.0448 -11.3886  -9.6202  -0.3010
   5.8261    6.0000   -9.3041  -11.9747  -8.0448 -11.3887  -9.6202  -0.3010
   5.8293    6.0000   -9.3042  -11.9748  -8.0448 -11.3888  -9.6202  -0.3010
   5.8325    6.0000   -9.3043  -11.9749  -8.0448 -11.3889  -9.6202  -0.3010
   5.8357    6.0000   -9.3043  -11.9749  -8.0448 -11.3890  -9.6202  -0.3010
   5.8388    6.0000   -9.3044  -11.9749  -8.0448 -11.3891  -9.6202  -0.3010
   5.8420    6.0000   -9.3045  -11.9750  -8.0448 -11.3892  -9.6202  -0.3010
   5.8451    6.0000   -9.3045  -11.9751  -8.0448 -11.3893  -9.6202  -0.3010
   5.8482    6.0000   -9.3046  -11.9753  -8.0448 -11.3894  -9.6202  -0.3010
   5.8513    6.0000   -9.3047  -11.9753  -8.0448 -11.3895  -9.6202  -0.3010
   5.8543    6.0000   -9.3047  -11.9754  -8.0448 -11.3897  -9.6202  -0.3010
   5.8573    6.0000   -9.3048  -11.9754  -8.0447 -11.3897  -9.6202  -0.3010
   5.8603    6.0000   -9.3049  -11.9754  -8.0447 -11.3898  -9.6202  -0.3010
   5.8633    6.0000   -9.3049  -11.9755  -8.0447 -11.3900  -9.6202  -0.3010
   5.8663    6.0000   -9.3050  -11.9756  -8.0447 -11.3901  -9.6203  -0.3010
   5.8692    6.0000   -9.3051  -11.9756  -8.0447 -11.3902  -9.6203  -0.3010
   5.8722    6.0000   -9.3051  -11.9758  -8.0447 -11.3903  -9.6203  -0.3010
   5.8751    6.0000   -9.3052  -11.9759  -8.0447 -11.3904  -9.6203  -0.3010
   5.8779    6.0000   -9.3052  -11.9760  -8.0447 -11.3905  -9.6203  -0.3010
   5.8808    6.0000   -9.3053  -11.9760  -8.0447 -11.3906  -9.6203  -0.3010
   5.8837    6.0000   -9.3054  -11.9760  -8.0447 -11.3907  -9.6203  -0.3010
   5.8865    6.0000   -9.3054  -11.9761  -8.0447 -11.3908  -9.6203  -0.3010
   5.8893    6.0000   -9.3055  -11.9761  -8.0447 -11.3909  -9.6203  -0.3010
   5.8921    6.0000   -9.3056  -11.9762  -8.0447 -11.3910  -9.6203  -0.3010
   5.8949    6.0000   -9.3057  -11.9763  -8.0447 -11.3912  -9.6203  -0.3010
   5.8976    6.0000   -9.3057  -11.9765  -8.0447 -11.3913  -9.6203  -0.3010
   5.9004    6.0000   -9.3058  -11.9765  -8.0447 -11.3914  -9.6203  -0.3010
   5.9031    6.0000   -9.3058  -11.9765  -8.0446 -11.3915  -9.6203  -0.3010
   5.9058    6.0000   -9.3059  -11.9766  -8.0446 -11.3915  -9.6203  -0.3010
   5.9085    6.0000   -9.3060  -11.9767  -8.0446 -11.3917  -9.6203  -0.3010
   5.9112    6.0000   -9.3061  -11.9767  -8.0446 -11.3918  -9.6203  -0.3010
   5.9138    6.0000   -9.3061  -11.9768  -8.0446 -11.3919  -9.6203  -0.3010
   5.9165    6.0000   -9.3062  -11.9768  -8.0446 -11.3920  -9.6203  -0.3010
   5.9191    6.0000   -9.3062  -11.9768  -8.0446 -11.3921  -9.6203  -0.3010
   5.9217    6.0000   -9.3063  -11.9770  -8.0446 -11.3922  -9.6204  -0.3010
   5.9243    6.0000   -9.3064  -11.9771  -8.0446 -11.3923  -9.6204  -0.3010
   5.9269    6.0000   -9.3064  -11.9772  -8.0446 -11.3924  -9.6204  -0.3010
   5.9294    6.0000   -9.3065  -11.9772  -8.0446 -11.3925  -9.6204  -0.3010
   5.9320    6.0000   -9.3066  -11.9773  -8.0446 -11.3927  -9.6204  -0.3010
   5.9345    6.0000   -9.3067  -11.9774  -8.0446 -11.3928  -9.6204  -0.3010
   5.9370    6.0000   -9.3067  -11.9774  -8.0446 -11.3929  -9.6204  -0.3010
   5.9395    6.0000   -9.3068  -11.9774  -8.0446 -11.3930  -9.6204  -0.3010
   5.9420    6.0000   -9.3068  -11.9777  -8.0446 -11.3930  -9.6204  -0.3010
   5.9445    6.0000   -9.3069  -11.9777  -8.0446 -11.3932  -9.6204  -0.3010
   5.9469    6.0000   -9.3070  -11.9777  -8.0446 -11.3933  -9.6205  -0.3010
   5.9494    6.0000   -9.3070  -11.9778  -8.0446 -11.3934  -9.6205  -0.3010
   5.9518    6.0000   -9.3071  -11.9779  -8.0446 -11.3935  -9.6205  -0.3010
   5.9542    6.0000   -9.3072  -11.9779  -8.0445 -11.3936  -9.6205  -0.3010
   5.9566    6.0000   -9.3072  -11.9779  -8.0445 -11.3937  -9.6205  -0.3010
   5.9590    6.0000   -9.3073  -11.9780  -8.0445 -11.3938  -9.6205  -0.3010
   5.9614    6.0000   -9.3074  -11.9781  -8.0445 -11.3939  -9.6205  -0.3010
   5.9638    6.0000   -9.3074  -11.9782  -8.0445 -11.3940  -9.6205  -0.3010
   5.9661    6.0000   -9.3075  -11.9784  -8.0445 -11.3941  -9.6205  -0.3010
   5.9685    6.0000   -9.3076  -11.9784  -8.0445 -11.3942  -9.6205  -0.3010
   5.9708    6.0000   -9.3076  -11.9784  -8.0445 -11.3943  -9.6205  -0.3010
   5.9731    6.0000   -9.3077  -11.9784  -8.0445 -11.3945  -9.6205  -0.3010
   5.9754    6.0000   -9.3077  -11.9785  -8.0445 -11.3946  -9.6205  -0.3010
   5.9777    6.0000   -9.3078  -11.9786  -8.0445 -11.3947  -9.6205  -0.3010
   5.9800    6.0000   -9.3079  -11.9786  -8.0445 -11.3948  -9.6205  -0.3010
   5.9823    6.0000   -9.3080  -11.9787  -8.0445 -11.3948  -9.6205  -0.3010
   5.9845    6.0000   -9.3080  -11.9789  -8.0445 -11.3949  -9.6205  -0.3010
   5.9868    6.0000   -9.3081  -11.9789  -8.0445 -11.3951  -9.6205  -0.3010
   5.9890    6.0000   -9.3082  -11.9789  -8.0445 -11.3952  -9.6205  -0.3010
   5.9912    6.0000   -9.3082  -11.9791  -8.0444 -11.3953  -9.6205  -0.3010
   5.9934    6.0000   -9.3083  -11.9791  -8.0444 -11.3954  -9.6205  -0.3010
   5.9956    6.0000   -9.3084  -11.9791  -8.0444 -11.3955  -9.6205  -0.3010
   5.9978    6.0000   -9.3084  -11.9791  -8.0444 -11.3956  -9.6205  -0.3010
   6.0000    6.0000   -9.3085  -11.9793  -8.0444 -11.3957  -9.6205  -0.3010
   6.0022    6.0000   -9.3085  -11.9793  -8.0444 -11.3958  -9.6205  -0.3010
