!MOLECULE
C [CI]
!MOLECULAR WEIGHT
12.0
!NUMBER OF ENERGY LEVELS
5
!LEVEL + ENERGIES(cm^-1) + WEIGHT + Qnum
   1    0.0000000     1.0  3_P_0
   2   16.4167122     3.0  3_P_1
   3   43.4134544     5.0  3_P_2
   4     10192.63     5.0  1_D_2
   5     21648.01     1.0  1_S_0
!NUMBER OF RADIATIVE TRANSITIONS
7
!TRANS + UP + LOW + EINSTEINA(s^-1) + FREQ(GHz) + E_u(K) + Qnum_u + Qnum_l
    1     2     1   7.880E-08      492.16065      23.620    3_P_1    3_P_0
    2     3     1   1.810E-14     1301.50262      62.462    3_P_2    3_P_0
    3     3     2   2.650E-07      809.34197      62.462    3_P_2    3_P_1
    4     4     3   2.181E-04   304266.39101   14664.903    1_D_2    3_P_2
    5     4     2   7.280E-05   305075.76001   14664.903    1_D_2    3_P_1
    6     5     2   2.320E-03   648499.41075   31146.619    1_S_0    3_P_1
    7     5     4   5.990E-01   343423.36644   31146.619    1_S_0    1_D_2
!NUMBER OF COLL PARTNERS
6
!COLLISIONS BETWEEN
2 C + p-H2 ! Schroeder et al. (1991, J. Phys. B, 24, 2487)
!NUMBER OF COLL TRANS
10
!NUMBER OF COLL TEMPS
28
!COLL TEMPS
                        10.0      20.0      30.0      40.0      50.0      60.0      70.0      80.0      90.0     100.0     120.0     140.0     160.0     180.0     200.0     250.0     300.0     350.0     400.0     450.0     500.0     600.0     700.0     800.0     900.0    1000.0    1100.0    1200.0
!TRANS + UP + LOW + COLLRATES(cm^3 s^-1)
    1     2     1   9.60E-11  1.00E-10  9.10E-11  8.30E-11  7.70E-11  7.30E-11  7.00E-11  6.90E-11  6.70E-11  6.70E-11  6.60E-11  6.60E-11  6.60E-11  6.70E-11  6.70E-11  6.90E-11  7.10E-11  7.20E-11  7.40E-11  7.50E-11  7.60E-11  7.80E-11  8.00E-11  8.10E-11  8.20E-11  8.10E-11  8.10E-11  8.00E-11
    2     3     1   9.60E-11  9.90E-11  9.70E-11  9.50E-11  9.20E-11  9.00E-11  8.90E-11  8.70E-11  8.60E-11  8.60E-11  8.50E-11  8.40E-11  8.40E-11  8.40E-11  8.50E-11  8.70E-11  8.80E-11  9.10E-11  9.30E-11  9.50E-11  9.60E-11  1.00E-10  1.02E-10  1.04E-10  1.04E-10  1.04E-10  1.04E-10  1.03E-10
    3     3     2   1.75E-10  1.84E-10  1.84E-10  1.81E-10  1.79E-10  1.77E-10  1.76E-10  1.75E-10  1.75E-10  1.75E-10  1.77E-10  1.79E-10  1.81E-10  1.84E-10  1.88E-10  1.96E-10  2.04E-10  2.12E-10  2.19E-10  2.26E-10  2.32E-10  2.43E-10  2.51E-10  2.57E-10  2.60E-10  2.62E-10  2.61E-10  2.60E-10
    4     4     1   0.00E+00  0.00E+00  0.00E+00  0.00E+00  0.00E+00  0.00E+00  0.00E+00  0.00E+00  0.00E+00  0.00E+00  0.00E+00  0.00E+00  0.00E+00  0.00E+00  0.00E+00  0.00E+00  0.00E+00  0.00E+00  0.00E+00  0.00E+00  0.00E+00  0.00E+00  0.00E+00  0.00E+00  0.00E+00  0.00E+00  0.00E+00  0.00E+00
    5     4     2   0.00E+00  0.00E+00  0.00E+00  0.00E+00  0.00E+00  0.00E+00  0.00E+00  0.00E+00  0.00E+00  0.00E+00  0.00E+00  0.00E+00  0.00E+00  0.00E+00  0.00E+00  0.00E+00  0.00E+00  0.00E+00  0.00E+00  0.00E+00  0.00E+00  0.00E+00  0.00E+00  0.00E+00  0.00E+00  0.00E+00  0.00E+00  0.00E+00
    6     4     3   0.00E+00  0.00E+00  0.00E+00  0.00E+00  0.00E+00  0.00E+00  0.00E+00  0.00E+00  0.00E+00  0.00E+00  0.00E+00  0.00E+00  0.00E+00  0.00E+00  0.00E+00  0.00E+00  0.00E+00  0.00E+00  0.00E+00  0.00E+00  0.00E+00  0.00E+00  0.00E+00  0.00E+00  0.00E+00  0.00E+00  0.00E+00  0.00E+00
    7     5     1   0.00E+00  0.00E+00  0.00E+00  0.00E+00  0.00E+00  0.00E+00  0.00E+00  0.00E+00  0.00E+00  0.00E+00  0.00E+00  0.00E+00  0.00E+00  0.00E+00  0.00E+00  0.00E+00  0.00E+00  0.00E+00  0.00E+00  0.00E+00  0.00E+00  0.00E+00  0.00E+00  0.00E+00  0.00E+00  0.00E+00  0.00E+00  0.00E+00
    8     5     2   0.00E+00  0.00E+00  0.00E+00  0.00E+00  0.00E+00  0.00E+00  0.00E+00  0.00E+00  0.00E+00  0.00E+00  0.00E+00  0.00E+00  0.00E+00  0.00E+00  0.00E+00  0.00E+00  0.00E+00  0.00E+00  0.00E+00  0.00E+00  0.00E+00  0.00E+00  0.00E+00  0.00E+00  0.00E+00  0.00E+00  0.00E+00  0.00E+00
    9     5     3   0.00E+00  0.00E+00  0.00E+00  0.00E+00  0.00E+00  0.00E+00  0.00E+00  0.00E+00  0.00E+00  0.00E+00  0.00E+00  0.00E+00  0.00E+00  0.00E+00  0.00E+00  0.00E+00  0.00E+00  0.00E+00  0.00E+00  0.00E+00  0.00E+00  0.00E+00  0.00E+00  0.00E+00  0.00E+00  0.00E+00  0.00E+00  0.00E+00
   10     5     4   0.00E+00  0.00E+00  0.00E+00  0.00E+00  0.00E+00  0.00E+00  0.00E+00  0.00E+00  0.00E+00  0.00E+00  0.00E+00  0.00E+00  0.00E+00  0.00E+00  0.00E+00  0.00E+00  0.00E+00  0.00E+00  0.00E+00  0.00E+00  0.00E+00  0.00E+00  0.00E+00  0.00E+00  0.00E+00  0.00E+00  0.00E+00  0.00E+00
!COLLISIONS BETWEEN
3 C + o-H2 ! Schroeder et al. (1991, J. Phys. B, 24, 2487)
!NUMBER OF COLL TRANS
10
!NUMBER OF COLL TEMPS
28
!COLL TEMPS
                        10.0      20.0      30.0      40.0      50.0      60.0      70.0      80.0      90.0     100.0     120.0     140.0     160.0     180.0     200.0     250.0     300.0     350.0     400.0     450.0     500.0     600.0     700.0     800.0     900.0    1000.0    1100.0    1200.0
!TRANS + UP + LOW + COLLRATES(cm^3 s^-1)
    1     2     1   7.30E-11  8.10E-11  8.00E-11  7.80E-11  7.60E-11  7.40E-11  7.30E-11  7.20E-11  7.10E-11  7.10E-11  7.10E-11  7.00E-11  7.10E-11  7.10E-11  7.10E-11  7.30E-11  7.40E-11  7.60E-11  7.70E-11  7.90E-11  8.00E-11  8.30E-11  8.40E-11  8.60E-11  8.60E-11  8.60E-11  8.60E-11  8.50E-11
    2     3     1   5.20E-11  5.80E-11  6.00E-11  6.20E-11  6.30E-11  6.40E-11  6.50E-11  6.70E-11  6.80E-11  6.90E-11  7.10E-11  7.30E-11  7.50E-11  7.70E-11  7.90E-11  8.30E-11  8.70E-11  9.10E-11  9.40E-11  9.70E-11  1.00E-10  1.04E-10  1.08E-10  1.10E-10  1.11E-10  1.12E-10  1.12E-10  1.11E-10
    3     3     2   9.20E-11  1.05E-10  1.13E-10  1.19E-10  1.25E-10  1.30E-10  1.35E-10  1.39E-10  1.43E-10  1.48E-10  1.55E-10  1.63E-10  1.70E-10  1.76E-10  1.82E-10  1.96E-10  2.08E-10  2.18E-10  2.28E-10  2.37E-10  2.45E-10  2.58E-10  2.69E-10  2.76E-10  2.81E-10  2.83E-10  2.84E-10  2.83E-10
    4     4     1   0.00E+00  0.00E+00  0.00E+00  0.00E+00  0.00E+00  0.00E+00  0.00E+00  0.00E+00  0.00E+00  0.00E+00  0.00E+00  0.00E+00  0.00E+00  0.00E+00  0.00E+00  0.00E+00  0.00E+00  0.00E+00  0.00E+00  0.00E+00  0.00E+00  0.00E+00  0.00E+00  0.00E+00  0.00E+00  0.00E+00  0.00E+00  0.00E+00
    5     4     2   0.00E+00  0.00E+00  0.00E+00  0.00E+00  0.00E+00  0.00E+00  0.00E+00  0.00E+00  0.00E+00  0.00E+00  0.00E+00  0.00E+00  0.00E+00  0.00E+00  0.00E+00  0.00E+00  0.00E+00  0.00E+00  0.00E+00  0.00E+00  0.00E+00  0.00E+00  0.00E+00  0.00E+00  0.00E+00  0.00E+00  0.00E+00  0.00E+00
    6     4     3   0.00E+00  0.00E+00  0.00E+00  0.00E+00  0.00E+00  0.00E+00  0.00E+00  0.00E+00  0.00E+00  0.00E+00  0.00E+00  0.00E+00  0.00E+00  0.00E+00  0.00E+00  0.00E+00  0.00E+00  0.00E+00  0.00E+00  0.00E+00  0.00E+00  0.00E+00  0.00E+00  0.00E+00  0.00E+00  0.00E+00  0.00E+00  0.00E+00
    7     5     1   0.00E+00  0.00E+00  0.00E+00  0.00E+00  0.00E+00  0.00E+00  0.00E+00  0.00E+00  0.00E+00  0.00E+00  0.00E+00  0.00E+00  0.00E+00  0.00E+00  0.00E+00  0.00E+00  0.00E+00  0.00E+00  0.00E+00  0.00E+00  0.00E+00  0.00E+00  0.00E+00  0.00E+00  0.00E+00  0.00E+00  0.00E+00  0.00E+00
    8     5     2   0.00E+00  0.00E+00  0.00E+00  0.00E+00  0.00E+00  0.00E+00  0.00E+00  0.00E+00  0.00E+00  0.00E+00  0.00E+00  0.00E+00  0.00E+00  0.00E+00  0.00E+00  0.00E+00  0.00E+00  0.00E+00  0.00E+00  0.00E+00  0.00E+00  0.00E+00  0.00E+00  0.00E+00  0.00E+00  0.00E+00  0.00E+00  0.00E+00
    9     5     3   0.00E+00  0.00E+00  0.00E+00  0.00E+00  0.00E+00  0.00E+00  0.00E+00  0.00E+00  0.00E+00  0.00E+00  0.00E+00  0.00E+00  0.00E+00  0.00E+00  0.00E+00  0.00E+00  0.00E+00  0.00E+00  0.00E+00  0.00E+00  0.00E+00  0.00E+00  0.00E+00  0.00E+00  0.00E+00  0.00E+00  0.00E+00  0.00E+00
   10     5     4   0.00E+00  0.00E+00  0.00E+00  0.00E+00  0.00E+00  0.00E+00  0.00E+00  0.00E+00  0.00E+00  0.00E+00  0.00E+00  0.00E+00  0.00E+00  0.00E+00  0.00E+00  0.00E+00  0.00E+00  0.00E+00  0.00E+00  0.00E+00  0.00E+00  0.00E+00  0.00E+00  0.00E+00  0.00E+00  0.00E+00  0.00E+00  0.00E+00
!COLLISIONS BETWEEN
4 C + e ! Johnson, Burke & Kingston (1987, J. Phys. B, 20, 2553) and Pequignot & Aldrovandi (1976, A&A, 50, 141) + extrapolation to lower temperatures
!NUMBER OF COLL TRANS
10
!NUMBER OF COLL TEMPS
27
!COLL TEMPS
                        10.0      20.0      30.0      50.0      70.0     100.0     200.0     300.0     500.0     700.0    1000.0    1500.0    2000.0    2500.0    3000.0    4000.0    5000.0    7000.0   10000.0   13000.0   15000.0   17000.0   20000.0   25000.0   30000.0   35000.0   40000.0
!TRANS + UP + LOW + COLLRATES(cm^3 s^-1)
    1     2     1   8.14E-11  9.83E-11  1.20E-10  1.65E-10  2.12E-10  2.83E-10  5.18E-10  7.43E-10  1.16E-09  1.52E-09  1.97E-09  3.27E-09  4.68E-09  6.02E-09  7.19E-09  8.90E-09  9.90E-09  1.06E-08  1.07E-08  1.07E-08  1.09E-08  1.14E-08  1.25E-08  1.57E-08  2.13E-08  3.07E-08  4.63E-08
    2     3     1   1.54E-10  1.62E-10  1.72E-10  1.92E-10  2.08E-10  2.29E-10  2.90E-10  3.49E-10  4.79E-10  6.33E-10  9.23E-10  1.67E-09  2.41E-09  3.05E-09  3.55E-09  4.17E-09  4.44E-09  4.47E-09  4.25E-09  4.17E-09  4.23E-09  4.39E-09  4.82E-09  6.15E-09  8.54E-09  1.26E-08  1.95E-08
    3     3     2   3.66E-10  3.97E-10  4.38E-10  5.18E-10  5.92E-10  6.97E-10  1.01E-09  1.31E-09  1.91E-09  2.53E-09  3.53E-09  6.19E-09  8.91E-09  1.14E-08  1.34E-08  1.61E-08  1.74E-08  1.80E-08  1.76E-08  1.75E-08  1.78E-08  1.85E-08  2.04E-08  2.60E-08  3.59E-08  5.27E-08  8.11E-08
    4     4     1   6.85E-10  9.68E-10  1.19E-09  1.53E-09  1.81E-09  2.16E-09  3.06E-09  3.74E-09  4.83E-09  5.70E-09  6.80E-09  8.30E-09  9.54E-09  1.06E-08  1.16E-08  1.33E-08  1.47E-08  1.71E-08  1.97E-08  2.16E-08  2.26E-08  2.33E-08  2.40E-08  2.41E-08  2.30E-08  2.23E-08  2.16E-08
    5     4     2   6.85E-10  9.68E-10  1.19E-09  1.53E-09  1.81E-09  2.16E-09  3.06E-09  3.74E-09  4.83E-09  5.70E-09  6.80E-09  8.30E-09  9.54E-09  1.06E-08  1.16E-08  1.33E-08  1.47E-08  1.71E-08  1.97E-08  2.16E-08  2.26E-08  2.33E-08  2.40E-08  2.41E-08  2.30E-08  2.23E-08  2.16E-08
    6     4     3   6.85E-10  9.68E-10  1.19E-09  1.53E-09  1.81E-09  2.16E-09  3.06E-09  3.74E-09  4.83E-09  5.70E-09  6.80E-09  8.30E-09  9.54E-09  1.06E-08  1.16E-08  1.33E-08  1.47E-08  1.71E-08  1.97E-08  2.16E-08  2.26E-08  2.33E-08  2.40E-08  2.41E-08  2.30E-08  2.23E-08  2.16E-08
    7     5     1   9.55E-10  1.35E-09  1.65E-09  2.13E-09  2.52E-09  3.01E-09  4.25E-09  5.18E-09  6.65E-09  7.82E-09  9.25E-09  1.11E-08  1.27E-08  1.39E-08  1.50E-08  1.68E-08  1.81E-08  2.01E-08  2.17E-08  2.24E-08  2.26E-08  2.25E-08  2.23E-08  2.17E-08  2.13E-08  2.15E-08  2.26E-08
    8     5     2   9.55E-10  1.35E-09  1.65E-09  2.13E-09  2.52E-09  3.01E-09  4.25E-09  5.18E-09  6.65E-09  7.82E-09  9.25E-09  1.11E-08  1.27E-08  1.39E-08  1.50E-08  1.68E-08  1.81E-08  2.01E-08  2.17E-08  2.24E-08  2.26E-08  2.25E-08  2.23E-08  2.17E-08  2.13E-08  2.15E-08  2.26E-08
    9     5     3   9.55E-10  1.35E-09  1.65E-09  2.13E-09  2.52E-09  3.01E-09  4.25E-09  5.18E-09  6.65E-09  7.82E-09  9.25E-09  1.11E-08  1.27E-08  1.39E-08  1.50E-08  1.68E-08  1.81E-08  2.01E-08  2.17E-08  2.24E-08  2.26E-08  2.25E-08  2.23E-08  2.17E-08  2.13E-08  2.15E-08  2.26E-08
   10     5     4   2.39E-08  2.39E-08  2.39E-08  2.39E-08  2.39E-08  2.39E-08  2.39E-08  2.39E-08  2.39E-08  2.39E-08  2.39E-08  2.39E-08  2.39E-08  2.39E-08  2.39E-08  2.39E-08  2.39E-08  2.39E-08  2.39E-08  2.39E-08  2.39E-08  2.39E-08  2.39E-08  2.39E-08  2.39E-08  2.39E-08  2.39E-08
!COLLISIONS BETWEEN
5 C + H ! Abrahamsson, Krems & Dalgarno (2007, ApJ, 654, 1171)
!NUMBER OF COLL TRANS
10
!NUMBER OF COLL TEMPS
29
!COLL TEMPS
                         5.0       7.0       8.0       9.0      10.0      12.0      14.0      20.0      30.0      40.0      70.0     100.0     200.0     250.0     300.0     400.0     500.0     700.0     800.0     900.0    1000.0    2000.0    3000.0    4000.0    5000.0    6000.0    7000.0    8000.0   10000.0
!TRANS + UP + LOW + COLLRATES(cm^3 s^-1)
    1     2     1   1.43E-10  1.36E-10  1.34E-10  1.32E-10  1.30E-10  1.27E-10  1.25E-10  1.20E-10  1.17E-10  1.17E-10  1.21E-10  1.26E-10  1.41E-10  1.48E-10  1.55E-10  1.67E-10  1.77E-10  1.95E-10  2.04E-10  2.11E-10  2.19E-10  2.76E-10  3.15E-10  3.44E-10  3.66E-10  3.85E-10  4.00E-10  4.13E-10  4.33E-10
    2     3     1   5.31E-11  6.88E-11  6.82E-11  6.74E-11  6.70E-11  6.55E-11  6.44E-11  6.31E-11  6.41E-11  6.70E-11  7.85E-11  8.90E-11  1.13E-10  1.21E-10  1.27E-10  1.39E-10  1.49E-10  1.67E-10  1.74E-10  1.82E-10  1.89E-10  2.63E-10  3.37E-10  4.10E-10  4.82E-10  5.54E-10  6.25E-10  6.95E-10  8.34E-10
    3     3     2   2.07E-10  2.04E-10  2.01E-10  2.00E-10  1.98E-10  1.96E-10  1.94E-10  1.93E-10  1.98E-10  2.06E-10  2.36E-10  2.64E-10  3.29E-10  3.53E-10  3.74E-10  4.10E-10  4.42E-10  4.96E-10  5.21E-10  5.43E-10  5.65E-10  7.70E-10  9.70E-10  1.17E-09  1.37E-09  1.58E-09  1.78E-09  1.99E-09  2.42E-09
    4     4     1   0.00E+00  0.00E+00  0.00E+00  0.00E+00  0.00E+00  0.00E+00  0.00E+00  0.00E+00  0.00E+00  0.00E+00  0.00E+00  0.00E+00  0.00E+00  0.00E+00  0.00E+00  0.00E+00  0.00E+00  0.00E+00  0.00E+00  0.00E+00  0.00E+00  0.00E+00  0.00E+00  0.00E+00  0.00E+00  0.00E+00  0.00E+00  0.00E+00  0.00E+00
    5     4     2   0.00E+00  0.00E+00  0.00E+00  0.00E+00  0.00E+00  0.00E+00  0.00E+00  0.00E+00  0.00E+00  0.00E+00  0.00E+00  0.00E+00  0.00E+00  0.00E+00  0.00E+00  0.00E+00  0.00E+00  0.00E+00  0.00E+00  0.00E+00  0.00E+00  0.00E+00  0.00E+00  0.00E+00  0.00E+00  0.00E+00  0.00E+00  0.00E+00  0.00E+00
    6     4     3   0.00E+00  0.00E+00  0.00E+00  0.00E+00  0.00E+00  0.00E+00  0.00E+00  0.00E+00  0.00E+00  0.00E+00  0.00E+00  0.00E+00  0.00E+00  0.00E+00  0.00E+00  0.00E+00  0.00E+00  0.00E+00  0.00E+00  0.00E+00  0.00E+00  0.00E+00  0.00E+00  0.00E+00  0.00E+00  0.00E+00  0.00E+00  0.00E+00  0.00E+00
    7     5     1   0.00E+00  0.00E+00  0.00E+00  0.00E+00  0.00E+00  0.00E+00  0.00E+00  0.00E+00  0.00E+00  0.00E+00  0.00E+00  0.00E+00  0.00E+00  0.00E+00  0.00E+00  0.00E+00  0.00E+00  0.00E+00  0.00E+00  0.00E+00  0.00E+00  0.00E+00  0.00E+00  0.00E+00  0.00E+00  0.00E+00  0.00E+00  0.00E+00  0.00E+00
    8     5     2   0.00E+00  0.00E+00  0.00E+00  0.00E+00  0.00E+00  0.00E+00  0.00E+00  0.00E+00  0.00E+00  0.00E+00  0.00E+00  0.00E+00  0.00E+00  0.00E+00  0.00E+00  0.00E+00  0.00E+00  0.00E+00  0.00E+00  0.00E+00  0.00E+00  0.00E+00  0.00E+00  0.00E+00  0.00E+00  0.00E+00  0.00E+00  0.00E+00  0.00E+00
    9     5     3   0.00E+00  0.00E+00  0.00E+00  0.00E+00  0.00E+00  0.00E+00  0.00E+00  0.00E+00  0.00E+00  0.00E+00  0.00E+00  0.00E+00  0.00E+00  0.00E+00  0.00E+00  0.00E+00  0.00E+00  0.00E+00  0.00E+00  0.00E+00  0.00E+00  0.00E+00  0.00E+00  0.00E+00  0.00E+00  0.00E+00  0.00E+00  0.00E+00  0.00E+00
   10     5     4   0.00E+00  0.00E+00  0.00E+00  0.00E+00  0.00E+00  0.00E+00  0.00E+00  0.00E+00  0.00E+00  0.00E+00  0.00E+00  0.00E+00  0.00E+00  0.00E+00  0.00E+00  0.00E+00  0.00E+00  0.00E+00  0.00E+00  0.00E+00  0.00E+00  0.00E+00  0.00E+00  0.00E+00  0.00E+00  0.00E+00  0.00E+00  0.00E+00  0.00E+00
!COLLISIONS BETWEEN
6 C + He ! Le Picard et al. (2002, J. Chem. Phys., 117, 10109)
!NUMBER OF COLL TRANS
10
!NUMBER OF COLL TEMPS
17
!COLL TEMPS
                        10.0      15.0      20.0      30.0      40.0      50.0      60.0      70.0      80.0      90.0     100.0     150.0     200.0     250.0     300.0     400.0     500.0
!TRANS + UP + LOW + COLLRATES(cm^3 s^-1)
    1     2     1   6.18E-12  8.85E-12  1.07E-11  1.27E-11  1.38E-11  1.45E-11  1.50E-11  1.55E-11  1.59E-11  1.63E-11  1.67E-11  1.85E-11  2.02E-11  2.18E-11  2.32E-11  2.60E-11  2.86E-11
    2     3     1   3.75E-11  3.86E-11  3.93E-11  4.04E-11  4.10E-11  4.14E-11  4.17E-11  4.20E-11  4.23E-11  4.26E-11  4.29E-11  4.52E-11  4.82E-11  5.12E-11  5.41E-11  5.95E-11  6.40E-11
    3     3     2   6.72E-11  6.90E-11  7.03E-11  7.23E-11  7.38E-11  7.50E-11  7.61E-11  7.73E-11  7.85E-11  7.98E-11  8.11E-11  8.90E-11  9.77E-11  1.06E-10  1.14E-10  1.29E-10  1.41E-10
    4     4     1   0.00E+00  0.00E+00  0.00E+00  0.00E+00  0.00E+00  0.00E+00  0.00E+00  0.00E+00  0.00E+00  0.00E+00  0.00E+00  0.00E+00  0.00E+00  0.00E+00  0.00E+00  0.00E+00  0.00E+00
    5     4     2   0.00E+00  0.00E+00  0.00E+00  0.00E+00  0.00E+00  0.00E+00  0.00E+00  0.00E+00  0.00E+00  0.00E+00  0.00E+00  0.00E+00  0.00E+00  0.00E+00  0.00E+00  0.00E+00  0.00E+00
    6     4     3   0.00E+00  0.00E+00  0.00E+00  0.00E+00  0.00E+00  0.00E+00  0.00E+00  0.00E+00  0.00E+00  0.00E+00  0.00E+00  0.00E+00  0.00E+00  0.00E+00  0.00E+00  0.00E+00  0.00E+00
    7     5     1   0.00E+00  0.00E+00  0.00E+00  0.00E+00  0.00E+00  0.00E+00  0.00E+00  0.00E+00  0.00E+00  0.00E+00  0.00E+00  0.00E+00  0.00E+00  0.00E+00  0.00E+00  0.00E+00  0.00E+00
    8     5     2   0.00E+00  0.00E+00  0.00E+00  0.00E+00  0.00E+00  0.00E+00  0.00E+00  0.00E+00  0.00E+00  0.00E+00  0.00E+00  0.00E+00  0.00E+00  0.00E+00  0.00E+00  0.00E+00  0.00E+00
    9     5     3   0.00E+00  0.00E+00  0.00E+00  0.00E+00  0.00E+00  0.00E+00  0.00E+00  0.00E+00  0.00E+00  0.00E+00  0.00E+00  0.00E+00  0.00E+00  0.00E+00  0.00E+00  0.00E+00  0.00E+00
   10     5     4   0.00E+00  0.00E+00  0.00E+00  0.00E+00  0.00E+00  0.00E+00  0.00E+00  0.00E+00  0.00E+00  0.00E+00  0.00E+00  0.00E+00  0.00E+00  0.00E+00  0.00E+00  0.00E+00  0.00E+00
!COLLISIONS BETWEEN
7 C + H+ ! Roueff & Le Bourlot (1990, A&A, 236, 515)
!NUMBER OF COLL TRANS
10
!NUMBER OF COLL TEMPS
12
!COLL TEMPS
                       100.0     200.0     300.0     500.0     700.0    1000.0    2000.0    3000.0    5000.0    7000.0   10000.0   20000.0
!TRANS + UP + LOW + COLLRATES(cm^3 s^-1)
    1     2     1   7.60E-10  1.01E-09  1.19E-09  1.43E-09  1.59E-09  1.77E-09  2.06E-09  2.22E-09  2.41E-09  2.54E-09  2.64E-09  2.84E-09
    2     3     1   3.03E-10  5.47E-10  8.62E-10  1.45E-09  1.99E-09  2.55E-09  3.92E-09  4.70E-09  5.27E-09  5.45E-09  5.64E-09  6.02E-09
    3     3     2   2.30E-09  3.93E-09  5.46E-09  7.78E-09  9.51E-09  1.06E-08  1.28E-08  1.40E-08  1.45E-08  1.51E-08  1.51E-08  1.56E-08
    4     4     1   0.00E+00  0.00E+00  0.00E+00  0.00E+00  0.00E+00  0.00E+00  0.00E+00  0.00E+00  0.00E+00  0.00E+00  0.00E+00  0.00E+00
    5     4     2   0.00E+00  0.00E+00  0.00E+00  0.00E+00  0.00E+00  0.00E+00  0.00E+00  0.00E+00  0.00E+00  0.00E+00  0.00E+00  0.00E+00
    6     4     3   0.00E+00  0.00E+00  0.00E+00  0.00E+00  0.00E+00  0.00E+00  0.00E+00  0.00E+00  0.00E+00  0.00E+00  0.00E+00  0.00E+00
    7     5     1   0.00E+00  0.00E+00  0.00E+00  0.00E+00  0.00E+00  0.00E+00  0.00E+00  0.00E+00  0.00E+00  0.00E+00  0.00E+00  0.00E+00
    8     5     2   0.00E+00  0.00E+00  0.00E+00  0.00E+00  0.00E+00  0.00E+00  0.00E+00  0.00E+00  0.00E+00  0.00E+00  0.00E+00  0.00E+00
    9     5     3   0.00E+00  0.00E+00  0.00E+00  0.00E+00  0.00E+00  0.00E+00  0.00E+00  0.00E+00  0.00E+00  0.00E+00  0.00E+00  0.00E+00
   10     5     4   0.00E+00  0.00E+00  0.00E+00  0.00E+00  0.00E+00  0.00E+00  0.00E+00  0.00E+00  0.00E+00  0.00E+00  0.00E+00  0.00E+00
! NOTES:
! A-values are taken from the NIST database.
! Accurate transition frequencies measured by Yamamoto & Saito 1991, ApJ, 370, L103
! for ^3P J=1-0 and by Klein et al. (1998, ApJ, 494, L125) for ^3P J=2-1, improving
! on the frequency previously measured by Cooksy et al. (1986, ApJ, 309, 828).
! The ^1D_2 and ^1S_0 transition wavelengths are taken from the NIST database.
