!MOLECULE
S [SI]
!MOLECULAR WEIGHT
32.0
!NUMBER OF ENERGY LEVELS
5
!LEVEL + ENERGIES(cm^-1) + WEIGHT + Qnum
   1       0.0000     5.0  3_P_2
   2     396.0587     3.0  3_P_1
   3     573.5980     1.0  3_P_0
   4     9238.609     5.0  1_D_2
   5    22179.954     1.0  1_S_0
!NUMBER OF RADIATIVE TRANSITIONS
9
!TRANS + UP + LOW + EINSTEINA(s^-1) + FREQ(GHz) + E_u(K) + Qnum_u + Qnum_l
    1     2     1   1.403E-03     11873.5410     569.839    3_P_1    3_P_2
    2     3     1   7.050E-08     17196.0340     825.278    3_P_0    3_P_2
    3     3     2   3.033E-04      5322.4929     825.278    3_P_0    3_P_1
    4     4     1   2.134E-02    276966.5301   13292.281    1_D_2    3_P_2
    5     4     2   6.219E-03    265092.9889   13292.281    1_D_2    3_P_1
    6     4     3   2.780E-06    259770.4960   13292.281    1_D_2    3_P_0
    7     5     1   4.870E-03    664938.3852   31911.967    1_S_0    3_P_2
    8     5     2   2.980E-01    653064.8540   31911.967    1_S_0    3_P_1
    9     5     4   1.380E+00    387971.7627   31911.967    1_S_0    1_D_2
!NUMBER OF COLL PARTNERS
6
!COLLISIONS BETWEEN
2 S + p-H2 ! Jaquet et al. (1992, J. Phys. B, 25, 285) values for O, scaled by the ratio of reduced masses (=0.972)
!NUMBER OF COLL TRANS
10
!NUMBER OF COLL TEMPS
26
!COLL TEMPS
                        20.0      40.0      60.0      80.0     100.0     120.0     140.0     160.0     180.0     200.0     250.0     300.0     350.0     400.0     450.0     500.0     600.0     700.0     800.0     900.0    1000.0    1100.0    1200.0    1300.0    1400.0    1500.0
!TRANS + UP + LOW + COLLRATES(cm^3 s^-1)
    1     2     1   8.65E-11  1.01E-10  1.18E-10  1.32E-10  1.45E-10  1.55E-10  1.64E-10  1.73E-10  1.81E-10  1.88E-10  2.01E-10  2.13E-10  2.23E-10  2.30E-10  2.38E-10  2.44E-10  2.57E-10  2.68E-10  2.79E-10  2.90E-10  2.99E-10  3.08E-10  3.17E-10  3.25E-10  3.31E-10  3.38E-10
    2     3     1   1.08E-10  1.85E-10  1.99E-10  2.15E-10  2.30E-10  2.45E-10  2.59E-10  2.71E-10  2.82E-10  2.93E-10  3.14E-10  3.31E-10  3.46E-10  3.58E-10  3.67E-10  3.76E-10  3.93E-10  4.06E-10  4.19E-10  4.31E-10  4.43E-10  4.54E-10  4.64E-10  4.73E-10  4.81E-10  4.88E-10
    3     3     2   3.89E-13  7.77E-13  1.17E-12  1.55E-12  2.04E-12  2.53E-12  3.11E-12  3.69E-12  4.37E-12  5.05E-12  6.90E-12  8.75E-12  1.08E-11  1.27E-11  1.48E-11  1.68E-11  2.08E-11  2.46E-11  2.82E-11  3.16E-11  3.47E-11  3.76E-11  4.02E-11  4.27E-11  4.48E-11  4.66E-11
    4     4     1   0.00E+00  0.00E+00  0.00E+00  0.00E+00  0.00E+00  0.00E+00  0.00E+00  0.00E+00  0.00E+00  0.00E+00  0.00E+00  0.00E+00  0.00E+00  0.00E+00  0.00E+00  0.00E+00  0.00E+00  0.00E+00  0.00E+00  0.00E+00  0.00E+00  0.00E+00  0.00E+00  0.00E+00  0.00E+00  0.00E+00
    5     4     2   0.00E+00  0.00E+00  0.00E+00  0.00E+00  0.00E+00  0.00E+00  0.00E+00  0.00E+00  0.00E+00  0.00E+00  0.00E+00  0.00E+00  0.00E+00  0.00E+00  0.00E+00  0.00E+00  0.00E+00  0.00E+00  0.00E+00  0.00E+00  0.00E+00  0.00E+00  0.00E+00  0.00E+00  0.00E+00  0.00E+00
    6     4     3   0.00E+00  0.00E+00  0.00E+00  0.00E+00  0.00E+00  0.00E+00  0.00E+00  0.00E+00  0.00E+00  0.00E+00  0.00E+00  0.00E+00  0.00E+00  0.00E+00  0.00E+00  0.00E+00  0.00E+00  0.00E+00  0.00E+00  0.00E+00  0.00E+00  0.00E+00  0.00E+00  0.00E+00  0.00E+00  0.00E+00
    7     5     1   0.00E+00  0.00E+00  0.00E+00  0.00E+00  0.00E+00  0.00E+00  0.00E+00  0.00E+00  0.00E+00  0.00E+00  0.00E+00  0.00E+00  0.00E+00  0.00E+00  0.00E+00  0.00E+00  0.00E+00  0.00E+00  0.00E+00  0.00E+00  0.00E+00  0.00E+00  0.00E+00  0.00E+00  0.00E+00  0.00E+00
    8     5     2   0.00E+00  0.00E+00  0.00E+00  0.00E+00  0.00E+00  0.00E+00  0.00E+00  0.00E+00  0.00E+00  0.00E+00  0.00E+00  0.00E+00  0.00E+00  0.00E+00  0.00E+00  0.00E+00  0.00E+00  0.00E+00  0.00E+00  0.00E+00  0.00E+00  0.00E+00  0.00E+00  0.00E+00  0.00E+00  0.00E+00
    9     5     3   0.00E+00  0.00E+00  0.00E+00  0.00E+00  0.00E+00  0.00E+00  0.00E+00  0.00E+00  0.00E+00  0.00E+00  0.00E+00  0.00E+00  0.00E+00  0.00E+00  0.00E+00  0.00E+00  0.00E+00  0.00E+00  0.00E+00  0.00E+00  0.00E+00  0.00E+00  0.00E+00  0.00E+00  0.00E+00  0.00E+00
   10     5     4   0.00E+00  0.00E+00  0.00E+00  0.00E+00  0.00E+00  0.00E+00  0.00E+00  0.00E+00  0.00E+00  0.00E+00  0.00E+00  0.00E+00  0.00E+00  0.00E+00  0.00E+00  0.00E+00  0.00E+00  0.00E+00  0.00E+00  0.00E+00  0.00E+00  0.00E+00  0.00E+00  0.00E+00  0.00E+00  0.00E+00
!COLLISIONS BETWEEN
3 S + o-H2 ! Jaquet et al. (1992, J. Phys. B, 25, 285) values for O, scaled by the ratio of reduced masses (=0.972)
!NUMBER OF COLL TRANS
10
!NUMBER OF COLL TEMPS
26
!COLL TEMPS
                        20.0      40.0      60.0      80.0     100.0     120.0     140.0     160.0     180.0     200.0     250.0     300.0     350.0     400.0     450.0     500.0     600.0     700.0     800.0     900.0    1000.0    1100.0    1200.0    1300.0    1400.0    1500.0
!TRANS + UP + LOW + COLLRATES(cm^3 s^-1)
    1     2     1   7.77E-11  9.23E-11  1.08E-10  1.21E-10  1.33E-10  1.44E-10  1.54E-10  1.62E-10  1.70E-10  1.78E-10  1.93E-10  2.08E-10  2.20E-10  2.30E-10  2.40E-10  2.50E-10  2.66E-10  2.82E-10  2.96E-10  3.10E-10  3.23E-10  3.34E-10  3.45E-10  3.55E-10  3.63E-10  3.71E-10
    2     3     1   9.14E-11  1.72E-10  1.85E-10  2.00E-10  2.17E-10  2.31E-10  2.47E-10  2.60E-10  2.73E-10  2.86E-10  3.12E-10  3.34E-10  3.54E-10  3.69E-10  3.84E-10  3.97E-10  4.19E-10  4.38E-10  4.56E-10  4.72E-10  4.88E-10  5.01E-10  5.14E-10  5.25E-10  5.35E-10  5.43E-10
    3     3     2   8.75E-13  1.65E-12  1.94E-12  2.43E-12  2.92E-12  3.50E-12  4.18E-12  4.86E-12  5.64E-12  6.41E-12  8.45E-12  1.07E-11  1.31E-11  1.55E-11  1.80E-11  2.04E-11  2.52E-11  2.97E-11  3.41E-11  3.83E-11  4.21E-11  4.57E-11  4.89E-11  5.18E-11  5.44E-11  5.68E-11
    4     4     1   0.00E+00  0.00E+00  0.00E+00  0.00E+00  0.00E+00  0.00E+00  0.00E+00  0.00E+00  0.00E+00  0.00E+00  0.00E+00  0.00E+00  0.00E+00  0.00E+00  0.00E+00  0.00E+00  0.00E+00  0.00E+00  0.00E+00  0.00E+00  0.00E+00  0.00E+00  0.00E+00  0.00E+00  0.00E+00  0.00E+00
    5     4     2   0.00E+00  0.00E+00  0.00E+00  0.00E+00  0.00E+00  0.00E+00  0.00E+00  0.00E+00  0.00E+00  0.00E+00  0.00E+00  0.00E+00  0.00E+00  0.00E+00  0.00E+00  0.00E+00  0.00E+00  0.00E+00  0.00E+00  0.00E+00  0.00E+00  0.00E+00  0.00E+00  0.00E+00  0.00E+00  0.00E+00
    6     4     3   0.00E+00  0.00E+00  0.00E+00  0.00E+00  0.00E+00  0.00E+00  0.00E+00  0.00E+00  0.00E+00  0.00E+00  0.00E+00  0.00E+00  0.00E+00  0.00E+00  0.00E+00  0.00E+00  0.00E+00  0.00E+00  0.00E+00  0.00E+00  0.00E+00  0.00E+00  0.00E+00  0.00E+00  0.00E+00  0.00E+00
    7     5     1   0.00E+00  0.00E+00  0.00E+00  0.00E+00  0.00E+00  0.00E+00  0.00E+00  0.00E+00  0.00E+00  0.00E+00  0.00E+00  0.00E+00  0.00E+00  0.00E+00  0.00E+00  0.00E+00  0.00E+00  0.00E+00  0.00E+00  0.00E+00  0.00E+00  0.00E+00  0.00E+00  0.00E+00  0.00E+00  0.00E+00
    8     5     2   0.00E+00  0.00E+00  0.00E+00  0.00E+00  0.00E+00  0.00E+00  0.00E+00  0.00E+00  0.00E+00  0.00E+00  0.00E+00  0.00E+00  0.00E+00  0.00E+00  0.00E+00  0.00E+00  0.00E+00  0.00E+00  0.00E+00  0.00E+00  0.00E+00  0.00E+00  0.00E+00  0.00E+00  0.00E+00  0.00E+00
    9     5     3   0.00E+00  0.00E+00  0.00E+00  0.00E+00  0.00E+00  0.00E+00  0.00E+00  0.00E+00  0.00E+00  0.00E+00  0.00E+00  0.00E+00  0.00E+00  0.00E+00  0.00E+00  0.00E+00  0.00E+00  0.00E+00  0.00E+00  0.00E+00  0.00E+00  0.00E+00  0.00E+00  0.00E+00  0.00E+00  0.00E+00
   10     5     4   0.00E+00  0.00E+00  0.00E+00  0.00E+00  0.00E+00  0.00E+00  0.00E+00  0.00E+00  0.00E+00  0.00E+00  0.00E+00  0.00E+00  0.00E+00  0.00E+00  0.00E+00  0.00E+00  0.00E+00  0.00E+00  0.00E+00  0.00E+00  0.00E+00  0.00E+00  0.00E+00  0.00E+00  0.00E+00  0.00E+00
!COLLISIONS BETWEEN
4 S + e ! Tayal (2004, ApJS, 153, 581)
!NUMBER OF COLL TRANS
10
!NUMBER OF COLL TEMPS
8
!COLL TEMPS
                      1995.3    2511.9    3162.3    3981.1    5011.9    7943.3   10000.0   19952.6
!TRANS + UP + LOW + COLLRATES(cm^3 s^-1)
    1     2     1   1.17E-08  1.41E-08  1.84E-08  3.27E-08  4.76E-08  8.08E-08  9.05E-08  8.55E-08
    2     3     1   2.13E-09  2.24E-09  2.46E-09  2.87E-09  3.29E-09  4.16E-09  4.66E-09  7.27E-09
    3     3     2   1.08E-08  1.21E-08  1.29E-08  1.53E-08  1.69E-08  2.17E-08  2.44E-08  3.68E-08
    4     4     1   0.00E+00  0.00E+00  6.14E-11  5.47E-11  7.31E-11  7.75E-11  1.04E-10  1.59E-10
    5     4     2   1.35E-09  1.52E-09  1.63E-09  1.94E-09  2.15E-09  2.61E-09  2.83E-09  3.65E-09
    6     4     3   2.24E-09  2.51E-09  2.70E-09  3.23E-09  3.56E-09  4.36E-09  4.71E-09  6.12E-09
    7     5     1   0.00E+00  0.00E+00  0.00E+00  0.00E+00  0.00E+00  9.68E-11  8.63E-11  1.22E-10
    8     5     2   7.73E-10  8.61E-10  9.21E-10  1.09E-09  1.22E-09  1.45E-09  1.64E-09  2.20E-09
    9     5     3   1.35E-09  1.55E-09  1.53E-09  1.91E-09  2.07E-09  2.52E-09  2.68E-09  3.67E-09
   10     5     4   0.00E+00  0.00E+00  5.83E-09  6.97E-09  7.80E-09  9.88E-09  1.10E-08  1.55E-08
!COLLISIONS BETWEEN
5 S + H ! Abrahamsson, Krems & Dalgarno (2007, ApJ, 654, 1171) and Krems, Jamieson & Dalgarno (2006, ApJ, 647, 1531) values for O, both scaled by the ratio of reduced masses (=0.985)
!NUMBER OF COLL TRANS
10
!NUMBER OF COLL TEMPS
27
!COLL TEMPS
                        20.0      30.0      40.0      50.0      70.0     100.0     150.0     200.0     250.0     300.0     350.0     400.0     450.0     500.0     600.0     700.0     800.0     900.0    1000.0    2000.0    3000.0    4000.0    5000.0    6000.0    7000.0    8000.0   10000.0
!TRANS + UP + LOW + COLLRATES(cm^3 s^-1)
    1     2     1   2.63E-10  2.70E-10  2.79E-10  2.95E-10  3.14E-10  3.52E-10  4.11E-10  4.64E-10  5.12E-10  5.55E-10  5.95E-10  6.31E-10  6.63E-10  6.94E-10  7.47E-10  7.94E-10  8.34E-10  8.70E-10  9.02E-10  1.09E-09  1.19E-09  1.26E-09  1.30E-09  1.33E-09  1.36E-09  1.38E-09  1.41E-09
    2     3     1   8.34E-11  2.51E-10  2.62E-10  2.71E-10  2.87E-10  3.14E-10  3.59E-10  4.01E-10  4.40E-10  4.74E-10  5.06E-10  5.35E-10  5.61E-10  5.85E-10  6.28E-10  6.65E-10  6.97E-10  7.26E-10  7.52E-10  9.09E-10  9.90E-10  1.04E-09  1.08E-09  1.10E-09  1.12E-09  1.14E-09  1.16E-09
    3     3     2   1.71E-10  1.92E-10  2.22E-10  2.35E-10  3.28E-10  4.27E-10  5.65E-10  6.69E-10  7.47E-10  8.07E-10  8.54E-10  8.91E-10  9.20E-10  9.44E-10  9.80E-10  1.00E-09  1.02E-09  1.03E-09  1.05E-09  1.09E-09  1.09E-09  1.08E-09  1.07E-09  1.06E-09  1.06E-09  1.05E-09  1.04E-09
    4     4     1   0.00E+00  0.00E+00  0.00E+00  0.00E+00  0.00E+00  2.79E-13  3.78E-13  4.78E-13  5.27E-13  5.75E-13  6.00E-13  6.25E-13  6.49E-13  6.74E-13  7.02E-13  7.30E-13  7.49E-13  7.69E-13  7.88E-13  9.24E-13  1.01E-12  1.07E-12  1.10E-12  1.11E-12  1.10E-12  1.08E-12  1.03E-12
    5     4     2   0.00E+00  0.00E+00  0.00E+00  0.00E+00  0.00E+00  2.79E-13  3.78E-13  4.78E-13  5.27E-13  5.75E-13  6.00E-13  6.25E-13  6.49E-13  6.74E-13  7.02E-13  7.30E-13  7.49E-13  7.69E-13  7.88E-13  9.24E-13  1.01E-12  1.07E-12  1.10E-12  1.11E-12  1.10E-12  1.08E-12  1.03E-12
    6     4     3   0.00E+00  0.00E+00  0.00E+00  0.00E+00  0.00E+00  2.79E-13  3.78E-13  4.78E-13  5.27E-13  5.75E-13  6.00E-13  6.25E-13  6.49E-13  6.74E-13  7.02E-13  7.30E-13  7.49E-13  7.69E-13  7.88E-13  9.24E-13  1.01E-12  1.07E-12  1.10E-12  1.11E-12  1.10E-12  1.08E-12  1.03E-12
    7     5     1   0.00E+00  0.00E+00  0.00E+00  0.00E+00  0.00E+00  0.00E+00  0.00E+00  0.00E+00  0.00E+00  0.00E+00  0.00E+00  0.00E+00  0.00E+00  0.00E+00  0.00E+00  0.00E+00  0.00E+00  0.00E+00  0.00E+00  0.00E+00  0.00E+00  0.00E+00  0.00E+00  0.00E+00  0.00E+00  0.00E+00  0.00E+00
    8     5     2   0.00E+00  0.00E+00  0.00E+00  0.00E+00  0.00E+00  0.00E+00  0.00E+00  0.00E+00  0.00E+00  0.00E+00  0.00E+00  0.00E+00  0.00E+00  0.00E+00  0.00E+00  0.00E+00  0.00E+00  0.00E+00  0.00E+00  0.00E+00  0.00E+00  0.00E+00  0.00E+00  0.00E+00  0.00E+00  0.00E+00  0.00E+00
    9     5     3   0.00E+00  0.00E+00  0.00E+00  0.00E+00  0.00E+00  0.00E+00  0.00E+00  0.00E+00  0.00E+00  0.00E+00  0.00E+00  0.00E+00  0.00E+00  0.00E+00  0.00E+00  0.00E+00  0.00E+00  0.00E+00  0.00E+00  0.00E+00  0.00E+00  0.00E+00  0.00E+00  0.00E+00  0.00E+00  0.00E+00  0.00E+00
   10     5     4   0.00E+00  0.00E+00  0.00E+00  0.00E+00  0.00E+00  0.00E+00  0.00E+00  0.00E+00  0.00E+00  0.00E+00  0.00E+00  0.00E+00  0.00E+00  0.00E+00  0.00E+00  0.00E+00  0.00E+00  0.00E+00  0.00E+00  0.00E+00  0.00E+00  0.00E+00  0.00E+00  0.00E+00  0.00E+00  0.00E+00  0.00E+00
!COLLISIONS BETWEEN
6 S + He ! Monteiro & Flower (1987, MNRAS, 228, 101) values for O + extrapolation from Pequignot (1990, A&A, 231, 499) values for O, both scaled by the ratio of reduced masses (=0.949)
!NUMBER OF COLL TRANS
10
!NUMBER OF COLL TEMPS
19
!COLL TEMPS
                        30.0      50.0      70.0     100.0     200.0     300.0     400.0     500.0     600.0     700.0     800.0     900.0    1000.0    2000.0    3000.0    5000.0    7000.0   10000.0   20000.0
!TRANS + UP + LOW + COLLRATES(cm^3 s^-1)
    1     2     1   1.53E-11  2.18E-11  2.76E-11  3.60E-11  5.83E-11  7.67E-11  9.45E-11  1.11E-10  1.24E-10  1.38E-10  1.52E-10  1.65E-10  1.78E-10  2.89E-10  3.84E-10  5.48E-10  6.94E-10  8.91E-10  1.45E-09
    2     3     1   2.03E-11  3.06E-11  4.00E-11  5.48E-11  9.41E-11  1.25E-10  1.52E-10  1.76E-10  1.95E-10  2.13E-10  2.32E-10  2.49E-10  2.63E-10  3.96E-10  5.05E-10  6.87E-10  8.40E-10  1.04E-09  1.58E-09
    3     3     2   1.80E-13  4.28E-13  7.59E-13  1.37E-12  4.36E-12  8.11E-12  1.21E-11  1.62E-11  2.04E-11  2.46E-11  2.86E-11  3.25E-11  3.66E-11  8.33E-11  1.35E-10  2.50E-10  3.74E-10  5.74E-10  1.32E-09
    4     4     1   0.00E+00  0.00E+00  0.00E+00  0.00E+00  0.00E+00  0.00E+00  0.00E+00  0.00E+00  0.00E+00  0.00E+00  0.00E+00  0.00E+00  0.00E+00  0.00E+00  0.00E+00  0.00E+00  0.00E+00  0.00E+00  0.00E+00
    5     4     2   0.00E+00  0.00E+00  0.00E+00  0.00E+00  0.00E+00  0.00E+00  0.00E+00  0.00E+00  0.00E+00  0.00E+00  0.00E+00  0.00E+00  0.00E+00  0.00E+00  0.00E+00  0.00E+00  0.00E+00  0.00E+00  0.00E+00
    6     4     3   0.00E+00  0.00E+00  0.00E+00  0.00E+00  0.00E+00  0.00E+00  0.00E+00  0.00E+00  0.00E+00  0.00E+00  0.00E+00  0.00E+00  0.00E+00  0.00E+00  0.00E+00  0.00E+00  0.00E+00  0.00E+00  0.00E+00
    7     5     1   0.00E+00  0.00E+00  0.00E+00  0.00E+00  0.00E+00  0.00E+00  0.00E+00  0.00E+00  0.00E+00  0.00E+00  0.00E+00  0.00E+00  0.00E+00  0.00E+00  0.00E+00  0.00E+00  0.00E+00  0.00E+00  0.00E+00
    8     5     2   0.00E+00  0.00E+00  0.00E+00  0.00E+00  0.00E+00  0.00E+00  0.00E+00  0.00E+00  0.00E+00  0.00E+00  0.00E+00  0.00E+00  0.00E+00  0.00E+00  0.00E+00  0.00E+00  0.00E+00  0.00E+00  0.00E+00
    9     5     3   0.00E+00  0.00E+00  0.00E+00  0.00E+00  0.00E+00  0.00E+00  0.00E+00  0.00E+00  0.00E+00  0.00E+00  0.00E+00  0.00E+00  0.00E+00  0.00E+00  0.00E+00  0.00E+00  0.00E+00  0.00E+00  0.00E+00
   10     5     4   0.00E+00  0.00E+00  0.00E+00  0.00E+00  0.00E+00  0.00E+00  0.00E+00  0.00E+00  0.00E+00  0.00E+00  0.00E+00  0.00E+00  0.00E+00  0.00E+00  0.00E+00  0.00E+00  0.00E+00  0.00E+00  0.00E+00
!COLLISIONS BETWEEN
7 S + H+ ! Chambaud et al. (1980, J. Phys. B, 13, 4205) values for O + extrapolation from Pequignot (1990, A&A, 231, 499) values for O, both scaled by the ratio of reduced masses (=0.985)
!NUMBER OF COLL TRANS
10
!NUMBER OF COLL TEMPS
16
!COLL TEMPS
                        30.0      50.0      70.0     100.0     150.0     200.0     250.0     300.0     500.0     700.0    1000.0    3000.0    5000.0    7000.0   10000.0   20000.0
!TRANS + UP + LOW + COLLRATES(cm^3 s^-1)
    1     2     1   2.45E-10  3.01E-10  3.44E-10  3.97E-10  4.67E-10  5.29E-10  6.33E-10  7.32E-10  1.10E-09  1.44E-09  1.92E-09  4.62E-09  6.10E-09  6.90E-09  7.88E-09  1.02E-08
    2     3     1   2.53E-11  4.44E-11  6.43E-11  9.52E-11  1.49E-10  2.04E-10  2.61E-10  3.19E-10  5.59E-10  7.61E-10  1.05E-09  2.82E-09  4.46E-09  6.04E-09  7.01E-09  8.63E-09
    3     3     2   1.34E-10  1.79E-10  2.16E-10  2.64E-10  3.31E-10  3.89E-10  4.40E-10  4.88E-10  6.49E-10  7.84E-10  9.57E-10  1.55E-09  1.71E-09  1.82E-09  1.95E-09  2.22E-09
    4     4     1   0.00E+00  0.00E+00  0.00E+00  0.00E+00  0.00E+00  0.00E+00  0.00E+00  0.00E+00  0.00E+00  0.00E+00  0.00E+00  0.00E+00  0.00E+00  0.00E+00  0.00E+00  0.00E+00
    5     4     2   0.00E+00  0.00E+00  0.00E+00  0.00E+00  0.00E+00  0.00E+00  0.00E+00  0.00E+00  0.00E+00  0.00E+00  0.00E+00  0.00E+00  0.00E+00  0.00E+00  0.00E+00  0.00E+00
    6     4     3   0.00E+00  0.00E+00  0.00E+00  0.00E+00  0.00E+00  0.00E+00  0.00E+00  0.00E+00  0.00E+00  0.00E+00  0.00E+00  0.00E+00  0.00E+00  0.00E+00  0.00E+00  0.00E+00
    7     5     1   0.00E+00  0.00E+00  0.00E+00  0.00E+00  0.00E+00  0.00E+00  0.00E+00  0.00E+00  0.00E+00  0.00E+00  0.00E+00  0.00E+00  0.00E+00  0.00E+00  0.00E+00  0.00E+00
    8     5     2   0.00E+00  0.00E+00  0.00E+00  0.00E+00  0.00E+00  0.00E+00  0.00E+00  0.00E+00  0.00E+00  0.00E+00  0.00E+00  0.00E+00  0.00E+00  0.00E+00  0.00E+00  0.00E+00
    9     5     3   0.00E+00  0.00E+00  0.00E+00  0.00E+00  0.00E+00  0.00E+00  0.00E+00  0.00E+00  0.00E+00  0.00E+00  0.00E+00  0.00E+00  0.00E+00  0.00E+00  0.00E+00  0.00E+00
   10     5     4   0.00E+00  0.00E+00  0.00E+00  0.00E+00  0.00E+00  0.00E+00  0.00E+00  0.00E+00  0.00E+00  0.00E+00  0.00E+00  0.00E+00  0.00E+00  0.00E+00  0.00E+00  0.00E+00
! NOTES:
! A-values and transition frequencies are taken from the CDMS and NIST databases.
! Most of the collisional rates have been taken from data for O, and then scaled
! by the root of the ratios of the reduced masses: (mu_O/mu_S)^0.5
