 0.225000004E+02 0.100000000E+04 0.618294746E-07
 0.600000015E+02 0.100000000E+04 0.123658949E-06
 0.122500003E+03 0.100000000E+04 0.185488424E-06
 0.210000006E+03 0.100000000E+04 0.247317898E-06
 0.322500009E+03 0.100000000E+04 0.309147373E-06
 0.460000013E+03 0.100000000E+04 0.370976848E-06
 0.622500018E+03 0.100000000E+04 0.432806322E-06
 0.810000024E+03 0.100000000E+04 0.494635797E-06
 0.102250003E+04 0.100000000E+04 0.556465271E-06
 0.126000004E+04 0.100000000E+04 0.618294746E-06
 0.152250005E+04 0.100000000E+04 0.680124221E-06
 0.181000005E+04 0.100000000E+04 0.741953695E-06
 0.212250006E+04 0.109850005E+04 0.803783170E-06
 0.246000007E+04 0.137200006E+04 0.865612645E-06
 0.282250008E+04 0.168750008E+04 0.927442119E-06
 0.321000010E+04 0.204800009E+04 0.989271594E-06
 0.362250011E+04 0.245650011E+04 0.105110107E-05
 0.406000012E+04 0.291600013E+04 0.111293054E-05
 0.452250013E+04 0.342950015E+04 0.117476002E-05
 0.499999996E+04 0.400000003E+04 0.123658949E-05
 0.499999996E+04 0.400000004E+04 0.136024847E-05
 0.499999995E+04 0.400000004E+04 0.149627335E-05
 0.499999995E+04 0.400000005E+04 0.164590072E-05
 0.499999994E+04 0.400000005E+04 0.181049083E-05
 0.499999994E+04 0.400000006E+04 0.199153996E-05
 0.499999993E+04 0.400000006E+04 0.219069400E-05
 0.499999992E+04 0.400000007E+04 0.240976345E-05
 0.499999992E+04 0.400000007E+04 0.265073986E-05
 0.499999991E+04 0.400000008E+04 0.291581391E-05
 0.499999990E+04 0.400000009E+04 0.320739537E-05
 0.499999989E+04 0.400000010E+04 0.352813498E-05
 0.499999988E+04 0.400000011E+04 0.388094856E-05
 0.499999987E+04 0.400000012E+04 0.426904351E-05
 0.499999985E+04 0.400000013E+04 0.469594796E-05
 0.499999984E+04 0.400000014E+04 0.516554287E-05
 0.499999982E+04 0.400000016E+04 0.568209728E-05
 0.499999981E+04 0.400000017E+04 0.625030715E-05
 0.499999979E+04 0.400000019E+04 0.687533801E-05
 0.499999976E+04 0.400000021E+04 0.756287197E-05
 0.499999974E+04 0.400000023E+04 0.831915935E-05
 0.499999972E+04 0.400000025E+04 0.915107549E-05
 0.499999969E+04 0.400000028E+04 0.100661833E-04
 0.499999966E+04 0.400000031E+04 0.110728018E-04
 0.499999962E+04 0.400000034E+04 0.121800823E-04
 0.499999958E+04 0.400000037E+04 0.133980908E-04
 0.499999954E+04 0.400000041E+04 0.147379002E-04
 0.499999950E+04 0.400000045E+04 0.162116905E-04
 0.499999944E+04 0.400000049E+04 0.178328600E-04
 0.499999939E+04 0.400000054E+04 0.196161464E-04
 0.499999933E+04 0.400000060E+04 0.215777615E-04
 0.499999926E+04 0.400000066E+04 0.237355382E-04
 0.499999919E+04 0.400000072E+04 0.261090926E-04
 0.499999911E+04 0.400000080E+04 0.287200025E-04
 0.499999902E+04 0.400000087E+04 0.315920034E-04
 0.499999892E+04 0.400000096E+04 0.347512045E-04
 0.499999881E+04 0.400000106E+04 0.382263257E-04
 0.499999869E+04 0.400000116E+04 0.420489592E-04
 0.499999856E+04 0.400000128E+04 0.462538562E-04
 0.499999842E+04 0.400000141E+04 0.508792429E-04
 0.499999826E+04 0.400000155E+04 0.559671684E-04
 0.499999808E+04 0.400000170E+04 0.615638866E-04
 0.499999789E+04 0.400000187E+04 0.677202767E-04
 0.499999768E+04 0.400000206E+04 0.744923060E-04
 0.499999745E+04 0.400000227E+04 0.819415383E-04
 0.499999719E+04 0.400000250E+04 0.901356941E-04
 0.499999691E+04 0.400000275E+04 0.991492657E-04
 0.499999660E+04 0.400000302E+04 0.109064195E-03
 0.499999626E+04 0.400000332E+04 0.119970617E-03
 0.499999589E+04 0.400000365E+04 0.131967681E-03
 0.499999548E+04 0.400000402E+04 0.145164452E-03
 0.499999503E+04 0.400000442E+04 0.159680901E-03
 0.499999453E+04 0.400000486E+04 0.175648995E-03
 0.499999398E+04 0.400000535E+04 0.193213899E-03
 0.499999338E+04 0.400000588E+04 0.212535293E-03
 0.499999272E+04 0.400000647E+04 0.233788828E-03
 0.499999199E+04 0.400000712E+04 0.257167716E-03
 0.499999119E+04 0.400000783E+04 0.282884494E-03
 0.499999031E+04 0.400000862E+04 0.311172950E-03
 0.499998934E+04 0.400000948E+04 0.342290252E-03
 0.499998828E+04 0.400001042E+04 0.376519286E-03
 0.499998710E+04 0.400001147E+04 0.414171223E-03
 0.499998581E+04 0.400001261E+04 0.455588355E-03
 0.499998440E+04 0.400001388E+04 0.501147202E-03
 0.499998284E+04 0.400001526E+04 0.551261934E-03
 0.499998112E+04 0.400001679E+04 0.606388140E-03
 0.499997923E+04 0.400001847E+04 0.667026969E-03
 0.499997715E+04 0.400002031E+04 0.733729682E-03
 0.499997487E+04 0.400002235E+04 0.807102667E-03
 0.499997236E+04 0.400002458E+04 0.887812953E-03
 0.499996959E+04 0.400002704E+04 0.976594270E-03
 0.499996655E+04 0.400002974E+04 0.107425372E-02
 0.499996321E+04 0.400003272E+04 0.118167912E-02
 0.499995953E+04 0.400003599E+04 0.129984706E-02
 0.499995548E+04 0.400003959E+04 0.142983179E-02
 0.499995103E+04 0.400004355E+04 0.157281501E-02
 0.499994613E+04 0.400004790E+04 0.173009655E-02
 0.499994075E+04 0.400005269E+04 0.190310624E-02
 0.499993482E+04 0.400005796E+04 0.209341691E-02
 0.499992830E+04 0.400006376E+04 0.230275865E-02
 0.499992113E+04 0.400007013E+04 0.253303457E-02
 0.499991325E+04 0.400007715E+04 0.278633809E-02
 0.499990457E+04 0.400008486E+04 0.306497197E-02
 0.499989503E+04 0.400009335E+04 0.337146924E-02
 0.499988453E+04 0.400010268E+04 0.370861624E-02
 0.499987298E+04 0.400011295E+04 0.407947795E-02
 0.499986028E+04 0.400012425E+04 0.448742585E-02
 0.499984631E+04 0.400013667E+04 0.493616854E-02
 0.499983094E+04 0.400015034E+04 0.542978551E-02
 0.499981403E+04 0.400016537E+04 0.597276419E-02
 0.499979544E+04 0.400018191E+04 0.657004075E-02
 0.499977498E+04 0.400020010E+04 0.722704498E-02
 0.499975248E+04 0.400022011E+04 0.794974965E-02
 0.499972773E+04 0.400024212E+04 0.874472481E-02
 0.499970050E+04 0.400026634E+04 0.961919750E-02
 0.499967056E+04 0.400029297E+04 0.105811175E-01
 0.499963761E+04 0.400032227E+04 0.116392295E-01
 0.499960138E+04 0.400035450E+04 0.128031527E-01
 0.499956151E+04 0.400038995E+04 0.140834683E-01
 0.499951767E+04 0.400042895E+04 0.154918154E-01
 0.499946944E+04 0.400047184E+04 0.170409974E-01
 0.499941638E+04 0.400051903E+04 0.187450975E-01
 0.499935803E+04 0.400057094E+04 0.206196077E-01
 0.499929383E+04 0.400062804E+04 0.226815689E-01
 0.499922322E+04 0.400069085E+04 0.249497264E-01
 0.499914555E+04 0.400075994E+04 0.274446996E-01
 0.499906012E+04 0.400083594E+04 0.301891702E-01
 0.499896614E+04 0.400091954E+04 0.332080880E-01
 0.499886276E+04 0.400101151E+04 0.365288976E-01
 0.499874905E+04 0.400111267E+04 0.401817882E-01
 0.499862397E+04 0.400122396E+04 0.441999680E-01
 0.499848639E+04 0.400134637E+04 0.486199658E-01
 0.499833506E+04 0.400148103E+04 0.534819636E-01
 0.499816859E+04 0.400162917E+04 0.588301612E-01
 0.499798549E+04 0.400179212E+04 0.647131787E-01
 0.499778408E+04 0.400197138E+04 0.711844981E-01
 0.499756255E+04 0.400216857E+04 0.783029496E-01
 0.499731887E+04 0.400238549E+04 0.861332465E-01
 0.499705083E+04 0.400262412E+04 0.947465732E-01
 0.499675601E+04 0.400288662E+04 0.104221233E+00
 0.499643173E+04 0.400317540E+04 0.114643359E+00
 0.499607504E+04 0.400349308E+04 0.126107697E+00
 0.499568271E+04 0.400384256E+04 0.138718470E+00
 0.499525119E+04 0.400422701E+04 0.152590320E+00
 0.499477656E+04 0.400464996E+04 0.167849356E+00
 0.499425451E+04 0.400511526E+04 0.184634295E+00
 0.499368033E+04 0.400562714E+04 0.203097729E+00
 0.499304880E+04 0.400619029E+04 0.223407507E+00
 0.499235421E+04 0.400680985E+04 0.245748263E+00
 0.499159027E+04 0.400749147E+04 0.270323095E+00
 0.499075008E+04 0.400824139E+04 0.297355411E+00
 0.498982603E+04 0.400906646E+04 0.327090959E+00
 0.498880977E+04 0.400997423E+04 0.359800063E+00
 0.498769212E+04 0.401097302E+04 0.395780078E+00
 0.498646300E+04 0.401207198E+04 0.435358095E+00
 0.498511132E+04 0.401328118E+04 0.478893915E+00
 0.498362489E+04 0.401461172E+04 0.526783318E+00
 0.498199034E+04 0.401607583E+04 0.579461662E+00
 0.498019294E+04 0.401768696E+04 0.637407843E+00
 0.497821656E+04 0.401945995E+04 0.701148642E+00
 0.497604344E+04 0.402141115E+04 0.771263523E+00
 0.497365410E+04 0.402355856E+04 0.848389894E+00
 0.497102716E+04 0.402592203E+04 0.933228903E+00
 0.496813912E+04 0.402852346E+04 0.102655182E+01
 0.496496422E+04 0.403138697E+04 0.112920702E+01
 0.496147418E+04 0.403453918E+04 0.124212775E+01
 0.495763796E+04 0.403800946E+04 0.136634056E+01
 0.495342154E+04 0.404183021E+04 0.150297464E+01
 0.494878763E+04 0.404603722E+04 0.165327214E+01
 0.494369533E+04 0.405066998E+04 0.181859940E+01
 0.493809985E+04 0.405577215E+04 0.200045938E+01
 0.493195214E+04 0.406139196E+04 0.220050537E+01
 0.492519850E+04 0.406758274E+04 0.242055596E+01
 0.491778017E+04 0.407440351E+04 0.266261161E+01
 0.490963292E+04 0.408191956E+04 0.292887283E+01
 0.490068652E+04 0.409020323E+04 0.322176019E+01
 0.489086432E+04 0.409933468E+04 0.354393628E+01
 0.488008264E+04 0.410940283E+04 0.389832999E+01
 0.486825023E+04 0.412050635E+04 0.428816309E+01
 0.485526772E+04 0.413275489E+04 0.471697950E+01
 0.484102693E+04 0.414627033E+04 0.518867756E+01
 0.482541031E+04 0.416118838E+04 0.570754544E+01
 0.480829021E+04 0.417766023E+04 0.627830012E+01
 0.478952824E+04 0.419585459E+04 0.690613028E+01
 0.476897462E+04 0.421595991E+04 0.759674347E+01
 0.474646750E+04 0.423818706E+04 0.835641800E+01
 0.472183233E+04 0.426277230E+04 0.919206000E+01
 0.469488131E+04 0.428998082E+04 0.101112662E+02
 0.466541281E+04 0.432011081E+04 0.111223931E+02
 0.463321106E+04 0.435349828E+04 0.122346327E+02
 0.459804579E+04 0.439052260E+04 0.134580962E+02
 0.455967217E+04 0.443161313E+04 0.148039062E+02
 0.451783099E+04 0.447725702E+04 0.162842971E+02
 0.447224901E+04 0.452800847E+04 0.179127272E+02
 0.442263983E+04 0.458449978E+04 0.197040004E+02
 0.436870508E+04 0.464745458E+04 0.216744009E+02
 0.431013625E+04 0.471770381E+04 0.238418415E+02
 0.424661703E+04 0.479620504E+04 0.262260262E+02
 0.417782654E+04 0.488406593E+04 0.288486295E+02
 0.410344335E+04 0.498257303E+04 0.317334931E+02
 0.402315055E+04 0.509322713E+04 0.349068432E+02
 0.393664189E+04 0.521778706E+04 0.383975283E+02
 0.384362932E+04 0.535832424E+04 0.422372820E+02
 0.374385176E+04 0.551729103E+04 0.464610113E+02
 0.363708546E+04 0.569760695E+04 0.511071135E+02
 0.352315583E+04 0.590276834E+04 0.562178261E+02
 0.340195084E+04 0.613698862E+04 0.618396100E+02
 0.327343584E+04 0.640537935E+04 0.680235725E+02
 0.313766961E+04 0.671418567E+04 0.748259314E+02
 0.299482140E+04 0.707109525E+04 0.823085263E+02
 0.284518830E+04 0.748564734E+04 0.905393809E+02
 0.268921243E+04 0.796977951E+04 0.995933211E+02
 0.252749679E+04 0.853856611E+04 0.109552656E+03
 0.236081887E+04 0.921122623E+04 0.120507924E+03
 0.219014025E+04 0.100125155E+05 0.132558719E+03
 0.201661090E+04 0.109746716E+05 0.145814594E+03
 0.184156609E+04 0.121401680E+05 0.160396057E+03
 0.166651425E+04 0.135656679E+05 0.176435666E+03
 0.149311384E+04 0.153277819E+05 0.194079237E+03
 0.132313818E+04 0.175315881E+05 0.213487166E+03
 0.115842710E+04 0.203234484E+05 0.234835887E+03
 0.100082596E+04 0.239106376E+05 0.258319482E+03
 0.852113413E+03 0.285919841E+05 0.284151436E+03
 0.713920944E+03 0.348066915E+05 0.312566586E+03
 0.587649153E+03 0.432138581E+05 0.343823252E+03
 0.474387136E+03 0.548250922E+05 0.378205586E+03
 0.374842796E+03 0.712313763E+05 0.416026154E+03
 0.289292423E+03 0.950019457E+05 0.457628779E+03
 0.217557337E+03 0.130406664E+06 0.503391668E+03
 0.159013529E+03 0.184766741E+06 0.553730846E+03
 0.112636837E+03 0.271069228E+06 0.609103944E+03
 0.770817297E+02 0.413220906E+06 0.670014353E+03
 0.507866484E+02 0.657044166E+06 0.737015804E+03
 0.320942669E+02 0.100000000E+07 0.810717402E+03
 0.193719417E+02 0.100000000E+07 0.891789162E+03
 0.111171486E+02 0.100000000E+07 0.980968100E+03
 0.100000000E+02 0.100000000E+07 0.107906493E+04
 0.100000000E+02 0.100000000E+07 0.117906493E+04
 0.100000000E+02 0.100000000E+07 0.127906493E+04
 0.100000000E+02 0.100000000E+07 0.137906493E+04
 0.100000000E+02 0.100000000E+07 0.147906493E+04
 0.100000000E+02 0.100000000E+07 0.157906493E+04
 0.100000000E+02 0.100000000E+07 0.167906493E+04
 0.100000000E+02 0.100000000E+07 0.177906493E+04
 0.100000000E+02 0.100000000E+07 0.187906493E+04
 0.100000000E+02 0.100000000E+07 0.197906493E+04
 0.100000000E+02 0.100000000E+07 0.207906493E+04
 0.100000000E+02 0.100000000E+07 0.217906493E+04
 0.100000000E+02 0.100000000E+07 0.227906493E+04
 0.100000000E+02 0.100000000E+07 0.237906493E+04
 0.100000000E+02 0.100000000E+07 0.247906493E+04
 0.100000000E+02 0.100000000E+07 0.257906493E+04
 0.100000000E+02 0.100000000E+07 0.267906493E+04
 0.100000000E+02 0.100000000E+07 0.277906493E+04
 0.100000000E+02 0.100000000E+07 0.287906493E+04
 0.100000000E+02 0.100000000E+07 0.297906493E+04
 0.100000000E+02 0.100000000E+07 0.307906493E+04
 0.100000000E+02 0.100000000E+07 0.317906493E+04
 0.100000000E+02 0.100000000E+07 0.327906493E+04
 0.100000000E+02 0.100000000E+07 0.337906493E+04
 0.100000000E+02 0.100000000E+07 0.347906493E+04
 0.100000000E+02 0.100000000E+07 0.357906493E+04
 0.100000000E+02 0.100000000E+07 0.367906493E+04
 0.100000000E+02 0.100000000E+07 0.377906493E+04
 0.100000000E+02 0.100000000E+07 0.387906493E+04
 0.100000000E+02 0.100000000E+07 0.397906493E+04
 0.100000000E+02 0.100000000E+07 0.407906493E+04
 0.100000000E+02 0.100000000E+07 0.417906493E+04
 0.100000000E+02 0.100000000E+07 0.427906493E+04
 0.100000000E+02 0.100000000E+07 0.437906493E+04
 0.100000000E+02 0.100000000E+07 0.447906493E+04
 0.100000000E+02 0.100000000E+07 0.457906493E+04
 0.100000000E+02 0.100000000E+07 0.467906493E+04
 0.100000000E+02 0.100000000E+07 0.477906493E+04
 0.100000000E+02 0.100000000E+07 0.487906493E+04
 0.100000000E+02 0.100000000E+07 0.497906493E+04
 0.100000000E+02 0.100000000E+07 0.507906493E+04
 0.100000000E+02 0.100000000E+07 0.517906493E+04
 0.100000000E+02 0.100000000E+07 0.527906493E+04
 0.100000000E+02 0.100000000E+07 0.537906493E+04
 0.100000000E+02 0.100000000E+07 0.547906493E+04
 0.100000000E+02 0.100000000E+07 0.557906493E+04
 0.100000000E+02 0.100000000E+07 0.567906493E+04
 0.100000000E+02 0.100000000E+07 0.577906493E+04
 0.100000000E+02 0.100000000E+07 0.587906493E+04
 0.100000000E+02 0.100000000E+07 0.597906493E+04
 0.100000000E+02 0.100000000E+07 0.607906493E+04
 0.100000000E+02 0.100000000E+07 0.617906493E+04
 0.100000000E+02 0.100000000E+07 0.627906493E+04
 0.100000000E+02 0.100000000E+07 0.637906493E+04
 0.100000000E+02 0.100000000E+07 0.647906493E+04
 0.100000000E+02 0.100000000E+07 0.657906493E+04
 0.100000000E+02 0.100000000E+07 0.667906493E+04
 0.100000000E+02 0.100000000E+07 0.677906493E+04
 0.100000000E+02 0.100000000E+07 0.687906493E+04
 0.100000000E+02 0.100000000E+07 0.697906493E+04
 0.100000000E+02 0.100000000E+07 0.707906493E+04
 0.100000000E+02 0.100000000E+07 0.717906493E+04
 0.100000000E+02 0.100000000E+07 0.727906493E+04
 0.100000000E+02 0.100000000E+07 0.737906493E+04
 0.100000000E+02 0.100000000E+07 0.747906493E+04
 0.100000000E+02 0.100000000E+07 0.757906493E+04
 0.100000000E+02 0.100000000E+07 0.767906493E+04
 0.100000000E+02 0.100000000E+07 0.777906493E+04
 0.100000000E+02 0.100000000E+07 0.787906493E+04
 0.100000000E+02 0.100000000E+07 0.797906493E+04
 0.100000000E+02 0.100000000E+07 0.807906493E+04
 0.100000000E+02 0.100000000E+07 0.817906493E+04
 0.100000000E+02 0.100000000E+07 0.827906493E+04
 0.100000000E+02 0.100000000E+07 0.837906493E+04
 0.100000000E+02 0.100000000E+07 0.847906493E+04
 0.100000000E+02 0.100000000E+07 0.857906493E+04
 0.100000000E+02 0.100000000E+07 0.867906493E+04
 0.100000000E+02 0.100000000E+07 0.877906493E+04
 0.100000000E+02 0.100000000E+07 0.887906493E+04
 0.100000000E+02 0.100000000E+07 0.897906493E+04
 0.100000000E+02 0.100000000E+07 0.907906493E+04
 0.100000000E+02 0.100000000E+07 0.917906493E+04
 0.100000000E+02 0.100000000E+07 0.927906493E+04
 0.100000000E+02 0.100000000E+07 0.937906493E+04
 0.100000000E+02 0.100000000E+07 0.947906493E+04
 0.100000000E+02 0.100000000E+07 0.957906493E+04
 0.100000000E+02 0.100000000E+07 0.967906493E+04
 0.100000000E+02 0.100000000E+07 0.977906493E+04
 0.100000000E+02 0.100000000E+07 0.987906493E+04
 0.100000000E+02 0.100000000E+07 0.997906493E+04
 0.100000000E+02 0.100000000E+07 0.100790649E+05
 0.100000000E+02 0.100000000E+07 0.110790649E+05
 0.100000000E+02 0.100000000E+07 0.120790649E+05
 0.100000000E+02 0.100000000E+07 0.130790649E+05
 0.100000000E+02 0.100000000E+07 0.140790649E+05
 0.100000000E+02 0.100000000E+07 0.150790649E+05
 0.100000000E+02 0.100000000E+07 0.160790649E+05
 0.100000000E+02 0.100000000E+07 0.170790649E+05
 0.100000000E+02 0.100000000E+07 0.180790649E+05
 0.100000000E+02 0.100000000E+07 0.190790649E+05
 0.100000000E+02 0.100000000E+07 0.200790649E+05
 0.100000000E+02 0.100000000E+07 0.210790649E+05
 0.100000000E+02 0.100000000E+07 0.220790649E+05
 0.100000000E+02 0.100000000E+07 0.230790649E+05
 0.100000000E+02 0.100000000E+07 0.240790649E+05
 0.100000000E+02 0.100000000E+07 0.250790649E+05
 0.100000000E+02 0.100000000E+07 0.260790649E+05
 0.100000000E+02 0.100000000E+07 0.270790649E+05
 0.100000000E+02 0.100000000E+07 0.280790649E+05
 0.100000000E+02 0.100000000E+07 0.290790649E+05
 0.100000000E+02 0.100000000E+07 0.300790649E+05
 0.100000000E+02 0.100000000E+07 0.310790649E+05
 0.100000000E+02 0.100000000E+07 0.320790649E+05
 0.100000000E+02 0.100000000E+07 0.330790649E+05
 0.100000000E+02 0.100000000E+07 0.340790649E+05
 0.100000000E+02 0.100000000E+07 0.350790649E+05
 0.100000000E+02 0.100000000E+07 0.360790649E+05
 0.100000000E+02 0.100000000E+07 0.370790649E+05
 0.100000000E+02 0.100000000E+07 0.380790649E+05
 0.100000000E+02 0.100000000E+07 0.390790649E+05
 0.100000000E+02 0.100000000E+07 0.400790649E+05
 0.100000000E+02 0.100000000E+07 0.410790649E+05
 0.100000000E+02 0.100000000E+07 0.420790649E+05
 0.100000000E+02 0.100000000E+07 0.430790649E+05
 0.100000000E+02 0.100000000E+07 0.440790649E+05
 0.100000000E+02 0.100000000E+07 0.450790649E+05
 0.100000000E+02 0.100000000E+07 0.460790649E+05
 0.100000000E+02 0.100000000E+07 0.470790649E+05
 0.100000000E+02 0.100000000E+07 0.480790649E+05
 0.100000000E+02 0.100000000E+07 0.490790649E+05
 0.100000000E+02 0.100000000E+07 0.500790649E+05
 0.100000000E+02 0.100000000E+07 0.510790649E+05
 0.100000000E+02 0.100000000E+07 0.520790649E+05
 0.100000000E+02 0.100000000E+07 0.530790649E+05
 0.100000000E+02 0.100000000E+07 0.540790649E+05
 0.100000000E+02 0.100000000E+07 0.550790649E+05
 0.100000000E+02 0.100000000E+07 0.560790649E+05
 0.100000000E+02 0.100000000E+07 0.570790649E+05
 0.100000000E+02 0.100000000E+07 0.580790649E+05
 0.100000000E+02 0.100000000E+07 0.590790649E+05
 0.100000000E+02 0.100000000E+07 0.600790649E+05
 0.100000000E+02 0.100000000E+07 0.610790649E+05
 0.100000000E+02 0.100000000E+07 0.620790649E+05
 0.100000000E+02 0.100000000E+07 0.630790649E+05
 0.100000000E+02 0.100000000E+07 0.640790649E+05
 0.100000000E+02 0.100000000E+07 0.650790649E+05
 0.100000000E+02 0.100000000E+07 0.660790649E+05
 0.100000000E+02 0.100000000E+07 0.670790649E+05
 0.100000000E+02 0.100000000E+07 0.680790649E+05
 0.100000000E+02 0.100000000E+07 0.690790649E+05
 0.100000000E+02 0.100000000E+07 0.700790649E+05
 0.100000000E+02 0.100000000E+07 0.710790649E+05
 0.100000000E+02 0.100000000E+07 0.720790649E+05
 0.100000000E+02 0.100000000E+07 0.730790649E+05
 0.100000000E+02 0.100000000E+07 0.740790649E+05
 0.100000000E+02 0.100000000E+07 0.750790649E+05
 0.100000000E+02 0.100000000E+07 0.760790649E+05
 0.100000000E+02 0.100000000E+07 0.770790649E+05
 0.100000000E+02 0.100000000E+07 0.780790649E+05
 0.100000000E+02 0.100000000E+07 0.790790649E+05
 0.100000000E+02 0.100000000E+07 0.800790649E+05
 0.100000000E+02 0.100000000E+07 0.810790649E+05
 0.100000000E+02 0.100000000E+07 0.820790649E+05
 0.100000000E+02 0.100000000E+07 0.830790649E+05
 0.100000000E+02 0.100000000E+07 0.840790649E+05
 0.100000000E+02 0.100000000E+07 0.850790649E+05
 0.100000000E+02 0.100000000E+07 0.860790649E+05
 0.100000000E+02 0.100000000E+07 0.870790649E+05
 0.100000000E+02 0.100000000E+07 0.880790649E+05
 0.100000000E+02 0.100000000E+07 0.890790649E+05
 0.100000000E+02 0.100000000E+07 0.900790649E+05
 0.100000000E+02 0.100000000E+07 0.910790649E+05
 0.100000000E+02 0.100000000E+07 0.920790649E+05
 0.100000000E+02 0.100000000E+07 0.930790649E+05
 0.100000000E+02 0.100000000E+07 0.940790649E+05
 0.100000000E+02 0.100000000E+07 0.950790649E+05
 0.100000000E+02 0.100000000E+07 0.960790649E+05
 0.100000000E+02 0.100000000E+07 0.970790649E+05
 0.100000000E+02 0.100000000E+07 0.980790649E+05
 0.100000000E+02 0.100000000E+07 0.990790649E+05
 0.100000000E+02 0.100000000E+07 0.100079065E+06
 0.100000000E+02 0.100000000E+07 0.101079065E+06
 0.100000000E+02 0.100000000E+07 0.102079065E+06
 0.100000000E+02 0.100000000E+07 0.103079065E+06
 0.100000000E+02 0.100000000E+07 0.104079065E+06
 0.100000000E+02 0.100000000E+07 0.105079065E+06
 0.100000000E+02 0.100000000E+07 0.106079065E+06
 0.100000000E+02 0.100000000E+07 0.107079065E+06
 0.100000000E+02 0.100000000E+07 0.108079065E+06
 0.100000000E+02 0.100000000E+07 0.109079065E+06
 0.100000000E+02 0.100000000E+07 0.110079065E+06
 0.100000000E+02 0.100000000E+07 0.111079065E+06
 0.100000000E+02 0.100000000E+07 0.112079065E+06
 0.100000000E+02 0.100000000E+07 0.113079065E+06
 0.100000000E+02 0.100000000E+07 0.114079065E+06
 0.100000000E+02 0.100000000E+07 0.115079065E+06
 0.100000000E+02 0.100000000E+07 0.116079065E+06
 0.100000000E+02 0.100000000E+07 0.117079065E+06
 0.100000000E+02 0.100000000E+07 0.118079065E+06
 0.100000000E+02 0.100000000E+07 0.119079065E+06
 0.100000000E+02 0.100000000E+07 0.120079065E+06
 0.100000000E+02 0.100000000E+07 0.121079065E+06
 0.100000000E+02 0.100000000E+07 0.122079065E+06
 0.100000000E+02 0.100000000E+07 0.123079065E+06
 0.100000000E+02 0.100000000E+07 0.124079065E+06
 0.100000000E+02 0.100000000E+07 0.125079065E+06
 0.100000000E+02 0.100000000E+07 0.126079065E+06
 0.100000000E+02 0.100000000E+07 0.127079065E+06
 0.100000000E+02 0.100000000E+07 0.128079065E+06
 0.100000000E+02 0.100000000E+07 0.129079065E+06
 0.100000000E+02 0.100000000E+07 0.130079065E+06
 0.100000000E+02 0.100000000E+07 0.131079065E+06
 0.100000000E+02 0.100000000E+07 0.132079065E+06
 0.100000000E+02 0.100000000E+07 0.133079065E+06
 0.100000000E+02 0.100000000E+07 0.134079065E+06
 0.100000000E+02 0.100000000E+07 0.135079065E+06
 0.100000000E+02 0.100000000E+07 0.136079065E+06
 0.100000000E+02 0.100000000E+07 0.137079065E+06
 0.100000000E+02 0.100000000E+07 0.138079065E+06
 0.100000000E+02 0.100000000E+07 0.139079065E+06
 0.100000000E+02 0.100000000E+07 0.140079065E+06
 0.100000000E+02 0.100000000E+07 0.141079065E+06
 0.100000000E+02 0.100000000E+07 0.142079065E+06
 0.100000000E+02 0.100000000E+07 0.143079065E+06
 0.100000000E+02 0.100000000E+07 0.144079065E+06
 0.100000000E+02 0.100000000E+07 0.145079065E+06
 0.100000000E+02 0.100000000E+07 0.146079065E+06
 0.100000000E+02 0.100000000E+07 0.147079065E+06
 0.100000000E+02 0.100000000E+07 0.148079065E+06
 0.100000000E+02 0.100000000E+07 0.149079065E+06
 0.100000000E+02 0.100000000E+07 0.150079065E+06
 0.100000000E+02 0.100000000E+07 0.151079065E+06
 0.100000000E+02 0.100000000E+07 0.152079065E+06
 0.100000000E+02 0.100000000E+07 0.153079065E+06
 0.100000000E+02 0.100000000E+07 0.154079065E+06
 0.100000000E+02 0.100000000E+07 0.155079065E+06
 0.100000000E+02 0.100000000E+07 0.156079065E+06
 0.100000000E+02 0.100000000E+07 0.157079065E+06
 0.100000000E+02 0.100000000E+07 0.158079065E+06
 0.100000000E+02 0.100000000E+07 0.159079065E+06
 0.100000000E+02 0.100000000E+07 0.160079065E+06
 0.100000000E+02 0.100000000E+07 0.161079065E+06
 0.100000000E+02 0.100000000E+07 0.162079065E+06
 0.100000000E+02 0.100000000E+07 0.163079065E+06
 0.100000000E+02 0.100000000E+07 0.164079065E+06
 0.100000000E+02 0.100000000E+07 0.165079065E+06
 0.100000000E+02 0.100000000E+07 0.166079065E+06
 0.100000000E+02 0.100000000E+07 0.167079065E+06
 0.100000000E+02 0.100000000E+07 0.168079065E+06
 0.100000000E+02 0.100000000E+07 0.169079065E+06
 0.100000000E+02 0.100000000E+07 0.170079065E+06
 0.100000000E+02 0.100000000E+07 0.171079065E+06
 0.100000000E+02 0.100000000E+07 0.172079065E+06
 0.100000000E+02 0.100000000E+07 0.173079065E+06
 0.100000000E+02 0.100000000E+07 0.174079065E+06
 0.100000000E+02 0.100000000E+07 0.175079065E+06
 0.100000000E+02 0.100000000E+07 0.176079065E+06
 0.100000000E+02 0.100000000E+07 0.177079065E+06
 0.100000000E+02 0.100000000E+07 0.178079065E+06
 0.100000000E+02 0.100000000E+07 0.179079065E+06
 0.100000000E+02 0.100000000E+07 0.180079065E+06
 0.100000000E+02 0.100000000E+07 0.181079065E+06
 0.100000000E+02 0.100000000E+07 0.182079065E+06
 0.100000000E+02 0.100000000E+07 0.183079065E+06
 0.100000000E+02 0.100000000E+07 0.184079065E+06
 0.100000000E+02 0.100000000E+07 0.185079065E+06
 0.100000000E+02 0.100000000E+07 0.186079065E+06
 0.100000000E+02 0.100000000E+07 0.187079065E+06
 0.100000000E+02 0.100000000E+07 0.188079065E+06
 0.100000000E+02 0.100000000E+07 0.189079065E+06
 0.100000000E+02 0.100000000E+07 0.190079065E+06
 0.100000000E+02 0.100000000E+07 0.191079065E+06
 0.100000000E+02 0.100000000E+07 0.192079065E+06
 0.100000000E+02 0.100000000E+07 0.193079065E+06
 0.100000000E+02 0.100000000E+07 0.194079065E+06
 0.100000000E+02 0.100000000E+07 0.195079065E+06
 0.100000000E+02 0.100000000E+07 0.196079065E+06
 0.100000000E+02 0.100000000E+07 0.197079065E+06
 0.100000000E+02 0.100000000E+07 0.198079065E+06
 0.100000000E+02 0.100000000E+07 0.199079065E+06
 0.100000000E+02 0.100000000E+07 0.200079065E+06
 0.100000000E+02 0.100000000E+07 0.201079065E+06
 0.100000000E+02 0.100000000E+07 0.202079065E+06
 0.100000000E+02 0.100000000E+07 0.203079065E+06
 0.100000000E+02 0.100000000E+07 0.204079065E+06
 0.100000000E+02 0.100000000E+07 0.205079065E+06
 0.100000000E+02 0.100000000E+07 0.206079065E+06
 0.100000000E+02 0.100000000E+07 0.207079065E+06
 0.100000000E+02 0.100000000E+07 0.208079065E+06
 0.100000000E+02 0.100000000E+07 0.209079065E+06
 0.100000000E+02 0.100000000E+07 0.210079065E+06
 0.100000000E+02 0.100000000E+07 0.211079065E+06
 0.100000000E+02 0.100000000E+07 0.212079065E+06
 0.100000000E+02 0.100000000E+07 0.213079065E+06
 0.100000000E+02 0.100000000E+07 0.214079065E+06
 0.100000000E+02 0.100000000E+07 0.215079065E+06
 0.100000000E+02 0.100000000E+07 0.216079065E+06
 0.100000000E+02 0.100000000E+07 0.217079065E+06
 0.100000000E+02 0.100000000E+07 0.218079065E+06
 0.100000000E+02 0.100000000E+07 0.219079065E+06
 0.100000000E+02 0.100000000E+07 0.220079065E+06
 0.100000000E+02 0.100000000E+07 0.221079065E+06
 0.100000000E+02 0.100000000E+07 0.222079065E+06
 0.100000000E+02 0.100000000E+07 0.223079065E+06
 0.100000000E+02 0.100000000E+07 0.224079065E+06
 0.100000000E+02 0.100000000E+07 0.225079065E+06
 0.100000000E+02 0.100000000E+07 0.226079065E+06
 0.100000000E+02 0.100000000E+07 0.227079065E+06
 0.100000000E+02 0.100000000E+07 0.228079065E+06
 0.100000000E+02 0.100000000E+07 0.229079065E+06
 0.100000000E+02 0.100000000E+07 0.230079065E+06
 0.100000000E+02 0.100000000E+07 0.231079065E+06
 0.100000000E+02 0.100000000E+07 0.232079065E+06
 0.100000000E+02 0.100000000E+07 0.233079065E+06
 0.100000000E+02 0.100000000E+07 0.234079065E+06
 0.100000000E+02 0.100000000E+07 0.235079065E+06
 0.100000000E+02 0.100000000E+07 0.236079065E+06
 0.100000000E+02 0.100000000E+07 0.237079065E+06
 0.100000000E+02 0.100000000E+07 0.238079065E+06
 0.100000000E+02 0.100000000E+07 0.239079065E+06
 0.100000000E+02 0.100000000E+07 0.240079065E+06
 0.100000000E+02 0.100000000E+07 0.241079065E+06
 0.100000000E+02 0.100000000E+07 0.242079065E+06
 0.100000000E+02 0.100000000E+07 0.243079065E+06
 0.100000000E+02 0.100000000E+07 0.244079065E+06
 0.100000000E+02 0.100000000E+07 0.245079065E+06
 0.100000000E+02 0.100000000E+07 0.246079065E+06
 0.100000000E+02 0.100000000E+07 0.247079065E+06
 0.100000000E+02 0.100000000E+07 0.248079065E+06
 0.100000000E+02 0.100000000E+07 0.249079065E+06
 0.100000000E+02 0.100000000E+07 0.250079065E+06
 0.100000000E+02 0.100000000E+07 0.251079065E+06
 0.100000000E+02 0.100000000E+07 0.252079065E+06
 0.100000000E+02 0.100000000E+07 0.253079065E+06
 0.100000000E+02 0.100000000E+07 0.254079065E+06
 0.100000000E+02 0.100000000E+07 0.255079065E+06
 0.100000000E+02 0.100000000E+07 0.256079065E+06
 0.100000000E+02 0.100000000E+07 0.257079065E+06
 0.100000000E+02 0.100000000E+07 0.258079065E+06
 0.100000000E+02 0.100000000E+07 0.259079065E+06
 0.100000000E+02 0.100000000E+07 0.260079065E+06
 0.100000000E+02 0.100000000E+07 0.261079065E+06
 0.100000000E+02 0.100000000E+07 0.262079065E+06
 0.100000000E+02 0.100000000E+07 0.263079065E+06
 0.100000000E+02 0.100000000E+07 0.264079065E+06
 0.100000000E+02 0.100000000E+07 0.265079065E+06
 0.100000000E+02 0.100000000E+07 0.266079065E+06
 0.100000000E+02 0.100000000E+07 0.267079065E+06
 0.100000000E+02 0.100000000E+07 0.268079065E+06
 0.100000000E+02 0.100000000E+07 0.269079065E+06
 0.100000000E+02 0.100000000E+07 0.270079065E+06
 0.100000000E+02 0.100000000E+07 0.271079065E+06
 0.100000000E+02 0.100000000E+07 0.272079065E+06
 0.100000000E+02 0.100000000E+07 0.273079065E+06
 0.100000000E+02 0.100000000E+07 0.274079065E+06
 0.100000000E+02 0.100000000E+07 0.275079065E+06
 0.100000000E+02 0.100000000E+07 0.276079065E+06
 0.100000000E+02 0.100000000E+07 0.277079065E+06
 0.100000000E+02 0.100000000E+07 0.278079065E+06
 0.100000000E+02 0.100000000E+07 0.279079065E+06
 0.100000000E+02 0.100000000E+07 0.280079065E+06
 0.100000000E+02 0.100000000E+07 0.281079065E+06
 0.100000000E+02 0.100000000E+07 0.282079065E+06
 0.100000000E+02 0.100000000E+07 0.283079065E+06
 0.100000000E+02 0.100000000E+07 0.284079065E+06
 0.100000000E+02 0.100000000E+07 0.285079065E+06
 0.100000000E+02 0.100000000E+07 0.286079065E+06
 0.100000000E+02 0.100000000E+07 0.287079065E+06
 0.100000000E+02 0.100000000E+07 0.288079065E+06
 0.100000000E+02 0.100000000E+07 0.289079065E+06
 0.100000000E+02 0.100000000E+07 0.290079065E+06
 0.100000000E+02 0.100000000E+07 0.291079065E+06
 0.100000000E+02 0.100000000E+07 0.292079065E+06
 0.100000000E+02 0.100000000E+07 0.293079065E+06
 0.100000000E+02 0.100000000E+07 0.294079065E+06
 0.100000000E+02 0.100000000E+07 0.295079065E+06
 0.100000000E+02 0.100000000E+07 0.296079065E+06
 0.100000000E+02 0.100000000E+07 0.297079065E+06
 0.100000000E+02 0.100000000E+07 0.298079065E+06
 0.100000000E+02 0.100000000E+07 0.299079065E+06
 0.100000000E+02 0.100000000E+07 0.300079065E+06
 0.100000000E+02 0.100000000E+07 0.301079065E+06
 0.100000000E+02 0.100000000E+07 0.302079065E+06
 0.100000000E+02 0.100000000E+07 0.303079065E+06
 0.100000000E+02 0.100000000E+07 0.304079065E+06
 0.100000000E+02 0.100000000E+07 0.305079065E+06
 0.100000000E+02 0.100000000E+07 0.306079065E+06
 0.100000000E+02 0.100000000E+07 0.307079065E+06
 0.100000000E+02 0.100000000E+07 0.308079065E+06
 0.100000000E+02 0.100000000E+07 0.309079065E+06
 0.100000000E+02 0.100000000E+07 0.310079065E+06
 0.100000000E+02 0.100000000E+07 0.311079065E+06
 0.100000000E+02 0.100000000E+07 0.312079065E+06
 0.100000000E+02 0.100000000E+07 0.313079065E+06
 0.100000000E+02 0.100000000E+07 0.314079065E+06
 0.100000000E+02 0.100000000E+07 0.315079065E+06
 0.100000000E+02 0.100000000E+07 0.316079065E+06
 0.100000000E+02 0.100000000E+07 0.317079065E+06
 0.100000000E+02 0.100000000E+07 0.318079065E+06
 0.100000000E+02 0.100000000E+07 0.319079065E+06
 0.100000000E+02 0.100000000E+07 0.320079065E+06
 0.100000000E+02 0.100000000E+07 0.321079065E+06
 0.100000000E+02 0.100000000E+07 0.322079065E+06
 0.100000000E+02 0.100000000E+07 0.323079065E+06
 0.100000000E+02 0.100000000E+07 0.324079065E+06
 0.100000000E+02 0.100000000E+07 0.325079065E+06
 0.100000000E+02 0.100000000E+07 0.326079065E+06
 0.100000000E+02 0.100000000E+07 0.327079065E+06
 0.100000000E+02 0.100000000E+07 0.328079065E+06
 0.100000000E+02 0.100000000E+07 0.329079065E+06
 0.100000000E+02 0.100000000E+07 0.330079065E+06
 0.100000000E+02 0.100000000E+07 0.331079065E+06
 0.100000000E+02 0.100000000E+07 0.332079065E+06
 0.100000000E+02 0.100000000E+07 0.333079065E+06
 0.100000000E+02 0.100000000E+07 0.334079065E+06
 0.100000000E+02 0.100000000E+07 0.335079065E+06
 0.100000000E+02 0.100000000E+07 0.336079065E+06
 0.100000000E+02 0.100000000E+07 0.337079065E+06
 0.100000000E+02 0.100000000E+07 0.338079065E+06
 0.100000000E+02 0.100000000E+07 0.339079065E+06
 0.100000000E+02 0.100000000E+07 0.340079065E+06
 0.100000000E+02 0.100000000E+07 0.341079065E+06
 0.100000000E+02 0.100000000E+07 0.342079065E+06
 0.100000000E+02 0.100000000E+07 0.343079065E+06
 0.100000000E+02 0.100000000E+07 0.344079065E+06
 0.100000000E+02 0.100000000E+07 0.345079065E+06
 0.100000000E+02 0.100000000E+07 0.346079065E+06
 0.100000000E+02 0.100000000E+07 0.347079065E+06
 0.100000000E+02 0.100000000E+07 0.348079065E+06
 0.100000000E+02 0.100000000E+07 0.349079065E+06
 0.100000000E+02 0.100000000E+07 0.350079065E+06
 0.100000000E+02 0.100000000E+07 0.351079065E+06
 0.100000000E+02 0.100000000E+07 0.352079065E+06
 0.100000000E+02 0.100000000E+07 0.353079065E+06
 0.100000000E+02 0.100000000E+07 0.354079065E+06
 0.100000000E+02 0.100000000E+07 0.355079065E+06
 0.100000000E+02 0.100000000E+07 0.356079065E+06
 0.100000000E+02 0.100000000E+07 0.357079065E+06
 0.100000000E+02 0.100000000E+07 0.358079065E+06
 0.100000000E+02 0.100000000E+07 0.359079065E+06
 0.100000000E+02 0.100000000E+07 0.360079065E+06
 0.100000000E+02 0.100000000E+07 0.361079065E+06
 0.100000000E+02 0.100000000E+07 0.362079065E+06
 0.100000000E+02 0.100000000E+07 0.363079065E+06
 0.100000000E+02 0.100000000E+07 0.364079065E+06
 0.100000000E+02 0.100000000E+07 0.365079065E+06
 0.100000000E+02 0.100000000E+07 0.366079065E+06
 0.100000000E+02 0.100000000E+07 0.367079065E+06
 0.100000000E+02 0.100000000E+07 0.368079065E+06
 0.100000000E+02 0.100000000E+07 0.369079065E+06
 0.100000000E+02 0.100000000E+07 0.370079065E+06
 0.100000000E+02 0.100000000E+07 0.371079065E+06
 0.100000000E+02 0.100000000E+07 0.372079065E+06
 0.100000000E+02 0.100000000E+07 0.373079065E+06
 0.100000000E+02 0.100000000E+07 0.374079065E+06
 0.100000000E+02 0.100000000E+07 0.375079065E+06
 0.100000000E+02 0.100000000E+07 0.376079065E+06
 0.100000000E+02 0.100000000E+07 0.377079065E+06
 0.100000000E+02 0.100000000E+07 0.378079065E+06
 0.100000000E+02 0.100000000E+07 0.379079065E+06
 0.100000000E+02 0.100000000E+07 0.380079065E+06
 0.100000000E+02 0.100000000E+07 0.381079065E+06
 0.100000000E+02 0.100000000E+07 0.382079065E+06
 0.100000000E+02 0.100000000E+07 0.383079065E+06
 0.100000000E+02 0.100000000E+07 0.384079065E+06
 0.100000000E+02 0.100000000E+07 0.385079065E+06
 0.100000000E+02 0.100000000E+07 0.386079065E+06
 0.100000000E+02 0.100000000E+07 0.387079065E+06
 0.100000000E+02 0.100000000E+07 0.388079065E+06
 0.100000000E+02 0.100000000E+07 0.389079065E+06
 0.100000000E+02 0.100000000E+07 0.390079065E+06
 0.100000000E+02 0.100000000E+07 0.391079065E+06
 0.100000000E+02 0.100000000E+07 0.392079065E+06
 0.100000000E+02 0.100000000E+07 0.393079065E+06
 0.100000000E+02 0.100000000E+07 0.394079065E+06
 0.100000000E+02 0.100000000E+07 0.395079065E+06
 0.100000000E+02 0.100000000E+07 0.396079065E+06
 0.100000000E+02 0.100000000E+07 0.397079065E+06
 0.100000000E+02 0.100000000E+07 0.398079065E+06
 0.100000000E+02 0.100000000E+07 0.399079065E+06
 0.100000000E+02 0.100000000E+07 0.400079065E+06
 0.100000000E+02 0.100000000E+07 0.401079065E+06
 0.100000000E+02 0.100000000E+07 0.402079065E+06
 0.100000000E+02 0.100000000E+07 0.403079065E+06
 0.100000000E+02 0.100000000E+07 0.404079065E+06
 0.100000000E+02 0.100000000E+07 0.405079065E+06
 0.100000000E+02 0.100000000E+07 0.406079065E+06
 0.100000000E+02 0.100000000E+07 0.407079065E+06
 0.100000000E+02 0.100000000E+07 0.408079065E+06
 0.100000000E+02 0.100000000E+07 0.409079065E+06
 0.100000000E+02 0.100000000E+07 0.410079065E+06
 0.100000000E+02 0.100000000E+07 0.411079065E+06
 0.100000000E+02 0.100000000E+07 0.412079065E+06
 0.100000000E+02 0.100000000E+07 0.413079065E+06
 0.100000000E+02 0.100000000E+07 0.414079065E+06
 0.100000000E+02 0.100000000E+07 0.415079065E+06
 0.100000000E+02 0.100000000E+07 0.416079065E+06
 0.100000000E+02 0.100000000E+07 0.417079065E+06
 0.100000000E+02 0.100000000E+07 0.418079065E+06
 0.100000000E+02 0.100000000E+07 0.419079065E+06
 0.100000000E+02 0.100000000E+07 0.420079065E+06
 0.100000000E+02 0.100000000E+07 0.421079065E+06
 0.100000000E+02 0.100000000E+07 0.422079065E+06
 0.100000000E+02 0.100000000E+07 0.423079065E+06
 0.100000000E+02 0.100000000E+07 0.424079065E+06
 0.100000000E+02 0.100000000E+07 0.425079065E+06
 0.100000000E+02 0.100000000E+07 0.426079065E+06
 0.100000000E+02 0.100000000E+07 0.427079065E+06
 0.100000000E+02 0.100000000E+07 0.428079065E+06
 0.100000000E+02 0.100000000E+07 0.429079065E+06
 0.100000000E+02 0.100000000E+07 0.430079065E+06
 0.100000000E+02 0.100000000E+07 0.431079065E+06
 0.100000000E+02 0.100000000E+07 0.432079065E+06
 0.100000000E+02 0.100000000E+07 0.433079065E+06
 0.100000000E+02 0.100000000E+07 0.434079065E+06
 0.100000000E+02 0.100000000E+07 0.435079065E+06
 0.100000000E+02 0.100000000E+07 0.436079065E+06
 0.100000000E+02 0.100000000E+07 0.437079065E+06
 0.100000000E+02 0.100000000E+07 0.438079065E+06
 0.100000000E+02 0.100000000E+07 0.439079065E+06
 0.100000000E+02 0.100000000E+07 0.440079065E+06
 0.100000000E+02 0.100000000E+07 0.441079065E+06
 0.100000000E+02 0.100000000E+07 0.442079065E+06
 0.100000000E+02 0.100000000E+07 0.443079065E+06
 0.100000000E+02 0.100000000E+07 0.444079065E+06
 0.100000000E+02 0.100000000E+07 0.445079065E+06
 0.100000000E+02 0.100000000E+07 0.446079065E+06
 0.100000000E+02 0.100000000E+07 0.447079065E+06
 0.100000000E+02 0.100000000E+07 0.448079065E+06
 0.100000000E+02 0.100000000E+07 0.449079065E+06
 0.100000000E+02 0.100000000E+07 0.450079065E+06
 0.100000000E+02 0.100000000E+07 0.451079065E+06
 0.100000000E+02 0.100000000E+07 0.452079065E+06
 0.100000000E+02 0.100000000E+07 0.453079065E+06
 0.100000000E+02 0.100000000E+07 0.454079065E+06
 0.100000000E+02 0.100000000E+07 0.455079065E+06
 0.100000000E+02 0.100000000E+07 0.456079065E+06
 0.100000000E+02 0.100000000E+07 0.457079065E+06
 0.100000000E+02 0.100000000E+07 0.458079065E+06
 0.100000000E+02 0.100000000E+07 0.459079065E+06
 0.100000000E+02 0.100000000E+07 0.460079065E+06
 0.100000000E+02 0.100000000E+07 0.461079065E+06
 0.100000000E+02 0.100000000E+07 0.462079065E+06
 0.100000000E+02 0.100000000E+07 0.463079065E+06
 0.100000000E+02 0.100000000E+07 0.464079065E+06
 0.100000000E+02 0.100000000E+07 0.465079065E+06
 0.100000000E+02 0.100000000E+07 0.466079065E+06
 0.100000000E+02 0.100000000E+07 0.467079065E+06
 0.100000000E+02 0.100000000E+07 0.468079065E+06
 0.100000000E+02 0.100000000E+07 0.469079065E+06
 0.100000000E+02 0.100000000E+07 0.470079065E+06
 0.100000000E+02 0.100000000E+07 0.471079065E+06
 0.100000000E+02 0.100000000E+07 0.472079065E+06
 0.100000000E+02 0.100000000E+07 0.473079065E+06
 0.100000000E+02 0.100000000E+07 0.474079065E+06
 0.100000000E+02 0.100000000E+07 0.475079065E+06
 0.100000000E+02 0.100000000E+07 0.476079065E+06
 0.100000000E+02 0.100000000E+07 0.477079065E+06
 0.100000000E+02 0.100000000E+07 0.478079065E+06
 0.100000000E+02 0.100000000E+07 0.479079065E+06
 0.100000000E+02 0.100000000E+07 0.480079065E+06
 0.100000000E+02 0.100000000E+07 0.481079065E+06
 0.100000000E+02 0.100000000E+07 0.482079065E+06
 0.100000000E+02 0.100000000E+07 0.483079065E+06
 0.100000000E+02 0.100000000E+07 0.484079065E+06
 0.100000000E+02 0.100000000E+07 0.485079065E+06
 0.100000000E+02 0.100000000E+07 0.486079065E+06
 0.100000000E+02 0.100000000E+07 0.487079065E+06
 0.100000000E+02 0.100000000E+07 0.488079065E+06
 0.100000000E+02 0.100000000E+07 0.489079065E+06
 0.100000000E+02 0.100000000E+07 0.490079065E+06
 0.100000000E+02 0.100000000E+07 0.491079065E+06
 0.100000000E+02 0.100000000E+07 0.492079065E+06
 0.100000000E+02 0.100000000E+07 0.493079065E+06
 0.100000000E+02 0.100000000E+07 0.494079065E+06
 0.100000000E+02 0.100000000E+07 0.495079065E+06
 0.100000000E+02 0.100000000E+07 0.496079065E+06
 0.100000000E+02 0.100000000E+07 0.497079065E+06
 0.100000000E+02 0.100000000E+07 0.498079065E+06
 0.100000000E+02 0.100000000E+07 0.499079065E+06
 0.100000000E+02 0.100000000E+07 0.500079065E+06
 0.100000000E+02 0.100000000E+07 0.501079065E+06
 0.100000000E+02 0.100000000E+07 0.502079065E+06
 0.100000000E+02 0.100000000E+07 0.503079065E+06
 0.100000000E+02 0.100000000E+07 0.504079065E+06
 0.100000000E+02 0.100000000E+07 0.505079065E+06
 0.100000000E+02 0.100000000E+07 0.506079065E+06
 0.100000000E+02 0.100000000E+07 0.507079065E+06
 0.100000000E+02 0.100000000E+07 0.508079065E+06
 0.100000000E+02 0.100000000E+07 0.509079065E+06
 0.100000000E+02 0.100000000E+07 0.510079065E+06
 0.100000000E+02 0.100000000E+07 0.511079065E+06
 0.100000000E+02 0.100000000E+07 0.512079065E+06
 0.100000000E+02 0.100000000E+07 0.513079065E+06
 0.100000000E+02 0.100000000E+07 0.514079065E+06
 0.100000000E+02 0.100000000E+07 0.515079065E+06
 0.100000000E+02 0.100000000E+07 0.516079065E+06
 0.100000000E+02 0.100000000E+07 0.517079065E+06
 0.100000000E+02 0.100000000E+07 0.518079065E+06
 0.100000000E+02 0.100000000E+07 0.519079065E+06
 0.100000000E+02 0.100000000E+07 0.520079065E+06
 0.100000000E+02 0.100000000E+07 0.521079065E+06
 0.100000000E+02 0.100000000E+07 0.522079065E+06
 0.100000000E+02 0.100000000E+07 0.523079065E+06
 0.100000000E+02 0.100000000E+07 0.524079065E+06
 0.100000000E+02 0.100000000E+07 0.525079065E+06
 0.100000000E+02 0.100000000E+07 0.526079065E+06
 0.100000000E+02 0.100000000E+07 0.527079065E+06
 0.100000000E+02 0.100000000E+07 0.528079065E+06
 0.100000000E+02 0.100000000E+07 0.529079065E+06
 0.100000000E+02 0.100000000E+07 0.530079065E+06
 0.100000000E+02 0.100000000E+07 0.531079065E+06
 0.100000000E+02 0.100000000E+07 0.532079065E+06
 0.100000000E+02 0.100000000E+07 0.533079065E+06
 0.100000000E+02 0.100000000E+07 0.534079065E+06
 0.100000000E+02 0.100000000E+07 0.535079065E+06
 0.100000000E+02 0.100000000E+07 0.536079065E+06
 0.100000000E+02 0.100000000E+07 0.537079065E+06
 0.100000000E+02 0.100000000E+07 0.538079065E+06
 0.100000000E+02 0.100000000E+07 0.539079065E+06
 0.100000000E+02 0.100000000E+07 0.540079065E+06
 0.100000000E+02 0.100000000E+07 0.541079065E+06
 0.100000000E+02 0.100000000E+07 0.542079065E+06
 0.100000000E+02 0.100000000E+07 0.543079065E+06
 0.100000000E+02 0.100000000E+07 0.544079065E+06
 0.100000000E+02 0.100000000E+07 0.545079065E+06
 0.100000000E+02 0.100000000E+07 0.546079065E+06
 0.100000000E+02 0.100000000E+07 0.547079065E+06
 0.100000000E+02 0.100000000E+07 0.548079065E+06
 0.100000000E+02 0.100000000E+07 0.549079065E+06
 0.100000000E+02 0.100000000E+07 0.550079065E+06
 0.100000000E+02 0.100000000E+07 0.551079065E+06
 0.100000000E+02 0.100000000E+07 0.552079065E+06
 0.100000000E+02 0.100000000E+07 0.553079065E+06
 0.100000000E+02 0.100000000E+07 0.554079065E+06
 0.100000000E+02 0.100000000E+07 0.555079065E+06
 0.100000000E+02 0.100000000E+07 0.556079065E+06
 0.100000000E+02 0.100000000E+07 0.557079065E+06
 0.100000000E+02 0.100000000E+07 0.558079065E+06
 0.100000000E+02 0.100000000E+07 0.559079065E+06
 0.100000000E+02 0.100000000E+07 0.560079065E+06
 0.100000000E+02 0.100000000E+07 0.561079065E+06
 0.100000000E+02 0.100000000E+07 0.562079065E+06
 0.100000000E+02 0.100000000E+07 0.563079065E+06
 0.100000000E+02 0.100000000E+07 0.564079065E+06
 0.100000000E+02 0.100000000E+07 0.565079065E+06
 0.100000000E+02 0.100000000E+07 0.566079065E+06
 0.100000000E+02 0.100000000E+07 0.567079065E+06
 0.100000000E+02 0.100000000E+07 0.568079065E+06
 0.100000000E+02 0.100000000E+07 0.569079065E+06
 0.100000000E+02 0.100000000E+07 0.570079065E+06
 0.100000000E+02 0.100000000E+07 0.571079065E+06
 0.100000000E+02 0.100000000E+07 0.572079065E+06
 0.100000000E+02 0.100000000E+07 0.573079065E+06
 0.100000000E+02 0.100000000E+07 0.574079065E+06
 0.100000000E+02 0.100000000E+07 0.575079065E+06
 0.100000000E+02 0.100000000E+07 0.576079065E+06
 0.100000000E+02 0.100000000E+07 0.577079065E+06
 0.100000000E+02 0.100000000E+07 0.578079065E+06
 0.100000000E+02 0.100000000E+07 0.579079065E+06
 0.100000000E+02 0.100000000E+07 0.580079065E+06
 0.100000000E+02 0.100000000E+07 0.581079065E+06
 0.100000000E+02 0.100000000E+07 0.582079065E+06
 0.100000000E+02 0.100000000E+07 0.583079065E+06
 0.100000000E+02 0.100000000E+07 0.584079065E+06
 0.100000000E+02 0.100000000E+07 0.585079065E+06
 0.100000000E+02 0.100000000E+07 0.586079065E+06
 0.100000000E+02 0.100000000E+07 0.587079065E+06
 0.100000000E+02 0.100000000E+07 0.588079065E+06
 0.100000000E+02 0.100000000E+07 0.589079065E+06
 0.100000000E+02 0.100000000E+07 0.590079065E+06
 0.100000000E+02 0.100000000E+07 0.591079065E+06
 0.100000000E+02 0.100000000E+07 0.592079065E+06
 0.100000000E+02 0.100000000E+07 0.593079065E+06
 0.100000000E+02 0.100000000E+07 0.594079065E+06
 0.100000000E+02 0.100000000E+07 0.595079065E+06
 0.100000000E+02 0.100000000E+07 0.596079065E+06
 0.100000000E+02 0.100000000E+07 0.597079065E+06
 0.100000000E+02 0.100000000E+07 0.598079065E+06
 0.100000000E+02 0.100000000E+07 0.599079065E+06
 0.100000000E+02 0.100000000E+07 0.600079065E+06
 0.100000000E+02 0.100000000E+07 0.601079065E+06
 0.100000000E+02 0.100000000E+07 0.602079065E+06
 0.100000000E+02 0.100000000E+07 0.603079065E+06
 0.100000000E+02 0.100000000E+07 0.604079065E+06
 0.100000000E+02 0.100000000E+07 0.605079065E+06
 0.100000000E+02 0.100000000E+07 0.606079065E+06
 0.100000000E+02 0.100000000E+07 0.607079065E+06
 0.100000000E+02 0.100000000E+07 0.608079065E+06
 0.100000000E+02 0.100000000E+07 0.609079065E+06
 0.100000000E+02 0.100000000E+07 0.610079065E+06
 0.100000000E+02 0.100000000E+07 0.611079065E+06
 0.100000000E+02 0.100000000E+07 0.612079065E+06
 0.100000000E+02 0.100000000E+07 0.613079065E+06
 0.100000000E+02 0.100000000E+07 0.614079065E+06
 0.100000000E+02 0.100000000E+07 0.615079065E+06
 0.100000000E+02 0.100000000E+07 0.616079065E+06
 0.100000000E+02 0.100000000E+07 0.617079065E+06
 0.100000000E+02 0.100000000E+07 0.618079065E+06
 0.100000000E+02 0.100000000E+07 0.619079065E+06
 0.100000000E+02 0.100000000E+07 0.620079065E+06
 0.100000000E+02 0.100000000E+07 0.621079065E+06
 0.100000000E+02 0.100000000E+07 0.622079065E+06
 0.100000000E+02 0.100000000E+07 0.623079065E+06
 0.100000000E+02 0.100000000E+07 0.624079065E+06
 0.100000000E+02 0.100000000E+07 0.625079065E+06
 0.100000000E+02 0.100000000E+07 0.626079065E+06
 0.100000000E+02 0.100000000E+07 0.627079065E+06
 0.100000000E+02 0.100000000E+07 0.628079065E+06
 0.100000000E+02 0.100000000E+07 0.629079065E+06
 0.100000000E+02 0.100000000E+07 0.630079065E+06
 0.100000000E+02 0.100000000E+07 0.631079065E+06
 0.100000000E+02 0.100000000E+07 0.632079065E+06
 0.100000000E+02 0.100000000E+07 0.633079065E+06
 0.100000000E+02 0.100000000E+07 0.634079065E+06
 0.100000000E+02 0.100000000E+07 0.635079065E+06
 0.100000000E+02 0.100000000E+07 0.636079065E+06
 0.100000000E+02 0.100000000E+07 0.637079065E+06
 0.100000000E+02 0.100000000E+07 0.638079065E+06
 0.100000000E+02 0.100000000E+07 0.639079065E+06
 0.100000000E+02 0.100000000E+07 0.640079065E+06
 0.100000000E+02 0.100000000E+07 0.641079065E+06
 0.100000000E+02 0.100000000E+07 0.642079065E+06
 0.100000000E+02 0.100000000E+07 0.643079065E+06
 0.100000000E+02 0.100000000E+07 0.644079065E+06
 0.100000000E+02 0.100000000E+07 0.645079065E+06
 0.100000000E+02 0.100000000E+07 0.646079065E+06
 0.100000000E+02 0.100000000E+07 0.647079065E+06
 0.100000000E+02 0.100000000E+07 0.648079065E+06
 0.100000000E+02 0.100000000E+07 0.649079065E+06
 0.100000000E+02 0.100000000E+07 0.650079065E+06
 0.100000000E+02 0.100000000E+07 0.651079065E+06
 0.100000000E+02 0.100000000E+07 0.652079065E+06
 0.100000000E+02 0.100000000E+07 0.653079065E+06
 0.100000000E+02 0.100000000E+07 0.654079065E+06
 0.100000000E+02 0.100000000E+07 0.655079065E+06
 0.100000000E+02 0.100000000E+07 0.656079065E+06
 0.100000000E+02 0.100000000E+07 0.657079065E+06
 0.100000000E+02 0.100000000E+07 0.658079065E+06
 0.100000000E+02 0.100000000E+07 0.659079065E+06
 0.100000000E+02 0.100000000E+07 0.660079065E+06
 0.100000000E+02 0.100000000E+07 0.661079065E+06
 0.100000000E+02 0.100000000E+07 0.662079065E+06
 0.100000000E+02 0.100000000E+07 0.663079065E+06
 0.100000000E+02 0.100000000E+07 0.664079065E+06
 0.100000000E+02 0.100000000E+07 0.665079065E+06
 0.100000000E+02 0.100000000E+07 0.666079065E+06
 0.100000000E+02 0.100000000E+07 0.667079065E+06
 0.100000000E+02 0.100000000E+07 0.668079065E+06
 0.100000000E+02 0.100000000E+07 0.669079065E+06
 0.100000000E+02 0.100000000E+07 0.670079065E+06
 0.100000000E+02 0.100000000E+07 0.671079065E+06
 0.100000000E+02 0.100000000E+07 0.672079065E+06
 0.100000000E+02 0.100000000E+07 0.673079065E+06
 0.100000000E+02 0.100000000E+07 0.674079065E+06
 0.100000000E+02 0.100000000E+07 0.675079065E+06
 0.100000000E+02 0.100000000E+07 0.676079065E+06
 0.100000000E+02 0.100000000E+07 0.677079065E+06
 0.100000000E+02 0.100000000E+07 0.678079065E+06
 0.100000000E+02 0.100000000E+07 0.679079065E+06
 0.100000000E+02 0.100000000E+07 0.680079065E+06
 0.100000000E+02 0.100000000E+07 0.681079065E+06
 0.100000000E+02 0.100000000E+07 0.682079065E+06
 0.100000000E+02 0.100000000E+07 0.683079065E+06
 0.100000000E+02 0.100000000E+07 0.684079065E+06
 0.100000000E+02 0.100000000E+07 0.685079065E+06
 0.100000000E+02 0.100000000E+07 0.686079065E+06
 0.100000000E+02 0.100000000E+07 0.687079065E+06
 0.100000000E+02 0.100000000E+07 0.688079065E+06
 0.100000000E+02 0.100000000E+07 0.689079065E+06
 0.100000000E+02 0.100000000E+07 0.690079065E+06
 0.100000000E+02 0.100000000E+07 0.691079065E+06
 0.100000000E+02 0.100000000E+07 0.692079065E+06
 0.100000000E+02 0.100000000E+07 0.693079065E+06
 0.100000000E+02 0.100000000E+07 0.694079065E+06
 0.100000000E+02 0.100000000E+07 0.695079065E+06
 0.100000000E+02 0.100000000E+07 0.696079065E+06
 0.100000000E+02 0.100000000E+07 0.697079065E+06
 0.100000000E+02 0.100000000E+07 0.698079065E+06
 0.100000000E+02 0.100000000E+07 0.699079065E+06
 0.100000000E+02 0.100000000E+07 0.700079065E+06
 0.100000000E+02 0.100000000E+07 0.701079065E+06
 0.100000000E+02 0.100000000E+07 0.702079065E+06
 0.100000000E+02 0.100000000E+07 0.703079065E+06
 0.100000000E+02 0.100000000E+07 0.704079065E+06
 0.100000000E+02 0.100000000E+07 0.705079065E+06
 0.100000000E+02 0.100000000E+07 0.706079065E+06
 0.100000000E+02 0.100000000E+07 0.707079065E+06
 0.100000000E+02 0.100000000E+07 0.708079065E+06
 0.100000000E+02 0.100000000E+07 0.709079065E+06
 0.100000000E+02 0.100000000E+07 0.710079065E+06
 0.100000000E+02 0.100000000E+07 0.711079065E+06
 0.100000000E+02 0.100000000E+07 0.712079065E+06
 0.100000000E+02 0.100000000E+07 0.713079065E+06
 0.100000000E+02 0.100000000E+07 0.714079065E+06
 0.100000000E+02 0.100000000E+07 0.715079065E+06
 0.100000000E+02 0.100000000E+07 0.716079065E+06
 0.100000000E+02 0.100000000E+07 0.717079065E+06
 0.100000000E+02 0.100000000E+07 0.718079065E+06
 0.100000000E+02 0.100000000E+07 0.719079065E+06
 0.100000000E+02 0.100000000E+07 0.720079065E+06
 0.100000000E+02 0.100000000E+07 0.721079065E+06
 0.100000000E+02 0.100000000E+07 0.722079065E+06
 0.100000000E+02 0.100000000E+07 0.723079065E+06
 0.100000000E+02 0.100000000E+07 0.724079065E+06
 0.100000000E+02 0.100000000E+07 0.725079065E+06
 0.100000000E+02 0.100000000E+07 0.726079065E+06
 0.100000000E+02 0.100000000E+07 0.727079065E+06
 0.100000000E+02 0.100000000E+07 0.728079065E+06
 0.100000000E+02 0.100000000E+07 0.729079065E+06
 0.100000000E+02 0.100000000E+07 0.730079065E+06
 0.100000000E+02 0.100000000E+07 0.731079065E+06
 0.100000000E+02 0.100000000E+07 0.732079065E+06
 0.100000000E+02 0.100000000E+07 0.733079065E+06
 0.100000000E+02 0.100000000E+07 0.734079065E+06
 0.100000000E+02 0.100000000E+07 0.735079065E+06
 0.100000000E+02 0.100000000E+07 0.736079065E+06
 0.100000000E+02 0.100000000E+07 0.737079065E+06
 0.100000000E+02 0.100000000E+07 0.738079065E+06
 0.100000000E+02 0.100000000E+07 0.739079065E+06
 0.100000000E+02 0.100000000E+07 0.740079065E+06
 0.100000000E+02 0.100000000E+07 0.741079065E+06
 0.100000000E+02 0.100000000E+07 0.742079065E+06
 0.100000000E+02 0.100000000E+07 0.743079065E+06
 0.100000000E+02 0.100000000E+07 0.744079065E+06
 0.100000000E+02 0.100000000E+07 0.745079065E+06
 0.100000000E+02 0.100000000E+07 0.746079065E+06
 0.100000000E+02 0.100000000E+07 0.747079065E+06
 0.100000000E+02 0.100000000E+07 0.748079065E+06
 0.100000000E+02 0.100000000E+07 0.749079065E+06
 0.100000000E+02 0.100000000E+07 0.750079065E+06
 0.100000000E+02 0.100000000E+07 0.751079065E+06
 0.100000000E+02 0.100000000E+07 0.752079065E+06
 0.100000000E+02 0.100000000E+07 0.753079065E+06
 0.100000000E+02 0.100000000E+07 0.754079065E+06
 0.100000000E+02 0.100000000E+07 0.755079065E+06
 0.100000000E+02 0.100000000E+07 0.756079065E+06
 0.100000000E+02 0.100000000E+07 0.757079065E+06
 0.100000000E+02 0.100000000E+07 0.758079065E+06
 0.100000000E+02 0.100000000E+07 0.759079065E+06
 0.100000000E+02 0.100000000E+07 0.760079065E+06
 0.100000000E+02 0.100000000E+07 0.761079065E+06
 0.100000000E+02 0.100000000E+07 0.762079065E+06
 0.100000000E+02 0.100000000E+07 0.763079065E+06
 0.100000000E+02 0.100000000E+07 0.764079065E+06
 0.100000000E+02 0.100000000E+07 0.765079065E+06
 0.100000000E+02 0.100000000E+07 0.766079065E+06
 0.100000000E+02 0.100000000E+07 0.767079065E+06
 0.100000000E+02 0.100000000E+07 0.768079065E+06
 0.100000000E+02 0.100000000E+07 0.769079065E+06
 0.100000000E+02 0.100000000E+07 0.770079065E+06
 0.100000000E+02 0.100000000E+07 0.771079065E+06
 0.100000000E+02 0.100000000E+07 0.772079065E+06
 0.100000000E+02 0.100000000E+07 0.773079065E+06
 0.100000000E+02 0.100000000E+07 0.774079065E+06
 0.100000000E+02 0.100000000E+07 0.775079065E+06
 0.100000000E+02 0.100000000E+07 0.776079065E+06
 0.100000000E+02 0.100000000E+07 0.777079065E+06
 0.100000000E+02 0.100000000E+07 0.778079065E+06
 0.100000000E+02 0.100000000E+07 0.779079065E+06
 0.100000000E+02 0.100000000E+07 0.780079065E+06
 0.100000000E+02 0.100000000E+07 0.781079065E+06
 0.100000000E+02 0.100000000E+07 0.782079065E+06
 0.100000000E+02 0.100000000E+07 0.783079065E+06
 0.100000000E+02 0.100000000E+07 0.784079065E+06
 0.100000000E+02 0.100000000E+07 0.785079065E+06
 0.100000000E+02 0.100000000E+07 0.786079065E+06
 0.100000000E+02 0.100000000E+07 0.787079065E+06
 0.100000000E+02 0.100000000E+07 0.788079065E+06
 0.100000000E+02 0.100000000E+07 0.789079065E+06
 0.100000000E+02 0.100000000E+07 0.790079065E+06
 0.100000000E+02 0.100000000E+07 0.791079065E+06
 0.100000000E+02 0.100000000E+07 0.792079065E+06
 0.100000000E+02 0.100000000E+07 0.793079065E+06
 0.100000000E+02 0.100000000E+07 0.794079065E+06
 0.100000000E+02 0.100000000E+07 0.795079065E+06
 0.100000000E+02 0.100000000E+07 0.796079065E+06
 0.100000000E+02 0.100000000E+07 0.797079065E+06
 0.100000000E+02 0.100000000E+07 0.798079065E+06
 0.100000000E+02 0.100000000E+07 0.799079065E+06
 0.100000000E+02 0.100000000E+07 0.800079065E+06
 0.100000000E+02 0.100000000E+07 0.801079065E+06
 0.100000000E+02 0.100000000E+07 0.802079065E+06
 0.100000000E+02 0.100000000E+07 0.803079065E+06
 0.100000000E+02 0.100000000E+07 0.804079065E+06
 0.100000000E+02 0.100000000E+07 0.805079065E+06
 0.100000000E+02 0.100000000E+07 0.806079065E+06
 0.100000000E+02 0.100000000E+07 0.807079065E+06
 0.100000000E+02 0.100000000E+07 0.808079065E+06
 0.100000000E+02 0.100000000E+07 0.809079065E+06
 0.100000000E+02 0.100000000E+07 0.810079065E+06
 0.100000000E+02 0.100000000E+07 0.811079065E+06
 0.100000000E+02 0.100000000E+07 0.812079065E+06
 0.100000000E+02 0.100000000E+07 0.813079065E+06
 0.100000000E+02 0.100000000E+07 0.814079065E+06
 0.100000000E+02 0.100000000E+07 0.815079065E+06
 0.100000000E+02 0.100000000E+07 0.816079065E+06
 0.100000000E+02 0.100000000E+07 0.817079065E+06
 0.100000000E+02 0.100000000E+07 0.818079065E+06
 0.100000000E+02 0.100000000E+07 0.819079065E+06
 0.100000000E+02 0.100000000E+07 0.820079065E+06
 0.100000000E+02 0.100000000E+07 0.821079065E+06
 0.100000000E+02 0.100000000E+07 0.822079065E+06
 0.100000000E+02 0.100000000E+07 0.823079065E+06
 0.100000000E+02 0.100000000E+07 0.824079065E+06
 0.100000000E+02 0.100000000E+07 0.825079065E+06
 0.100000000E+02 0.100000000E+07 0.826079065E+06
 0.100000000E+02 0.100000000E+07 0.827079065E+06
 0.100000000E+02 0.100000000E+07 0.828079065E+06
 0.100000000E+02 0.100000000E+07 0.829079065E+06
 0.100000000E+02 0.100000000E+07 0.830079065E+06
 0.100000000E+02 0.100000000E+07 0.831079065E+06
 0.100000000E+02 0.100000000E+07 0.832079065E+06
 0.100000000E+02 0.100000000E+07 0.833079065E+06
 0.100000000E+02 0.100000000E+07 0.834079065E+06
 0.100000000E+02 0.100000000E+07 0.835079065E+06
 0.100000000E+02 0.100000000E+07 0.836079065E+06
 0.100000000E+02 0.100000000E+07 0.837079065E+06
 0.100000000E+02 0.100000000E+07 0.838079065E+06
 0.100000000E+02 0.100000000E+07 0.839079065E+06
 0.100000000E+02 0.100000000E+07 0.840079065E+06
 0.100000000E+02 0.100000000E+07 0.841079065E+06
 0.100000000E+02 0.100000000E+07 0.842079065E+06
 0.100000000E+02 0.100000000E+07 0.843079065E+06
 0.100000000E+02 0.100000000E+07 0.844079065E+06
 0.100000000E+02 0.100000000E+07 0.845079065E+06
 0.100000000E+02 0.100000000E+07 0.846079065E+06
 0.100000000E+02 0.100000000E+07 0.847079065E+06
 0.100000000E+02 0.100000000E+07 0.848079065E+06
 0.100000000E+02 0.100000000E+07 0.849079065E+06
 0.100000000E+02 0.100000000E+07 0.850079065E+06
 0.100000000E+02 0.100000000E+07 0.851079065E+06
 0.100000000E+02 0.100000000E+07 0.852079065E+06
 0.100000000E+02 0.100000000E+07 0.853079065E+06
 0.100000000E+02 0.100000000E+07 0.854079065E+06
 0.100000000E+02 0.100000000E+07 0.855079065E+06
 0.100000000E+02 0.100000000E+07 0.856079065E+06
 0.100000000E+02 0.100000000E+07 0.857079065E+06
 0.100000000E+02 0.100000000E+07 0.858079065E+06
 0.100000000E+02 0.100000000E+07 0.859079065E+06
 0.100000000E+02 0.100000000E+07 0.860079065E+06
 0.100000000E+02 0.100000000E+07 0.861079065E+06
 0.100000000E+02 0.100000000E+07 0.862079065E+06
 0.100000000E+02 0.100000000E+07 0.863079065E+06
 0.100000000E+02 0.100000000E+07 0.864079065E+06
 0.100000000E+02 0.100000000E+07 0.865079065E+06
 0.100000000E+02 0.100000000E+07 0.866079065E+06
 0.100000000E+02 0.100000000E+07 0.867079065E+06
 0.100000000E+02 0.100000000E+07 0.868079065E+06
 0.100000000E+02 0.100000000E+07 0.869079065E+06
 0.100000000E+02 0.100000000E+07 0.870079065E+06
 0.100000000E+02 0.100000000E+07 0.871079065E+06
 0.100000000E+02 0.100000000E+07 0.872079065E+06
 0.100000000E+02 0.100000000E+07 0.873079065E+06
 0.100000000E+02 0.100000000E+07 0.874079065E+06
 0.100000000E+02 0.100000000E+07 0.875079065E+06
 0.100000000E+02 0.100000000E+07 0.876079065E+06
 0.100000000E+02 0.100000000E+07 0.877079065E+06
 0.100000000E+02 0.100000000E+07 0.878079065E+06
 0.100000000E+02 0.100000000E+07 0.879079065E+06
 0.100000000E+02 0.100000000E+07 0.880079065E+06
 0.100000000E+02 0.100000000E+07 0.881079065E+06
 0.100000000E+02 0.100000000E+07 0.882079065E+06
 0.100000000E+02 0.100000000E+07 0.883079065E+06
 0.100000000E+02 0.100000000E+07 0.884079065E+06
 0.100000000E+02 0.100000000E+07 0.885079065E+06
 0.100000000E+02 0.100000000E+07 0.886079065E+06
 0.100000000E+02 0.100000000E+07 0.887079065E+06
 0.100000000E+02 0.100000000E+07 0.888079065E+06
 0.100000000E+02 0.100000000E+07 0.889079065E+06
 0.100000000E+02 0.100000000E+07 0.890079065E+06
 0.100000000E+02 0.100000000E+07 0.891079065E+06
 0.100000000E+02 0.100000000E+07 0.892079065E+06
 0.100000000E+02 0.100000000E+07 0.893079065E+06
 0.100000000E+02 0.100000000E+07 0.894079065E+06
 0.100000000E+02 0.100000000E+07 0.895079065E+06
 0.100000000E+02 0.100000000E+07 0.896079065E+06
 0.100000000E+02 0.100000000E+07 0.897079065E+06
 0.100000000E+02 0.100000000E+07 0.898079065E+06
 0.100000000E+02 0.100000000E+07 0.899079065E+06
 0.100000000E+02 0.100000000E+07 0.900079065E+06
 0.100000000E+02 0.100000000E+07 0.901079065E+06
 0.100000000E+02 0.100000000E+07 0.902079065E+06
 0.100000000E+02 0.100000000E+07 0.903079065E+06
 0.100000000E+02 0.100000000E+07 0.904079065E+06
 0.100000000E+02 0.100000000E+07 0.905079065E+06
 0.100000000E+02 0.100000000E+07 0.906079065E+06
 0.100000000E+02 0.100000000E+07 0.907079065E+06
 0.100000000E+02 0.100000000E+07 0.908079065E+06
 0.100000000E+02 0.100000000E+07 0.909079065E+06
 0.100000000E+02 0.100000000E+07 0.910079065E+06
 0.100000000E+02 0.100000000E+07 0.911079065E+06
 0.100000000E+02 0.100000000E+07 0.912079065E+06
 0.100000000E+02 0.100000000E+07 0.913079065E+06
 0.100000000E+02 0.100000000E+07 0.914079065E+06
 0.100000000E+02 0.100000000E+07 0.915079065E+06
 0.100000000E+02 0.100000000E+07 0.916079065E+06
 0.100000000E+02 0.100000000E+07 0.917079065E+06
 0.100000000E+02 0.100000000E+07 0.918079065E+06
 0.100000000E+02 0.100000000E+07 0.919079065E+06
 0.100000000E+02 0.100000000E+07 0.920079065E+06
 0.100000000E+02 0.100000000E+07 0.921079065E+06
 0.100000000E+02 0.100000000E+07 0.922079065E+06
 0.100000000E+02 0.100000000E+07 0.923079065E+06
 0.100000000E+02 0.100000000E+07 0.924079065E+06
 0.100000000E+02 0.100000000E+07 0.925079065E+06
 0.100000000E+02 0.100000000E+07 0.926079065E+06
 0.100000000E+02 0.100000000E+07 0.927079065E+06
 0.100000000E+02 0.100000000E+07 0.928079065E+06
 0.100000000E+02 0.100000000E+07 0.929079065E+06
 0.100000000E+02 0.100000000E+07 0.930079065E+06
 0.100000000E+02 0.100000000E+07 0.931079065E+06
 0.100000000E+02 0.100000000E+07 0.932079065E+06
 0.100000000E+02 0.100000000E+07 0.933079065E+06
 0.100000000E+02 0.100000000E+07 0.934079065E+06
 0.100000000E+02 0.100000000E+07 0.935079065E+06
 0.100000000E+02 0.100000000E+07 0.936079065E+06
 0.100000000E+02 0.100000000E+07 0.937079065E+06
 0.100000000E+02 0.100000000E+07 0.938079065E+06
 0.100000000E+02 0.100000000E+07 0.939079065E+06
 0.100000000E+02 0.100000000E+07 0.940079065E+06
 0.100000000E+02 0.100000000E+07 0.941079065E+06
 0.100000000E+02 0.100000000E+07 0.942079065E+06
 0.100000000E+02 0.100000000E+07 0.943079065E+06
 0.100000000E+02 0.100000000E+07 0.944079065E+06
 0.100000000E+02 0.100000000E+07 0.945079065E+06
