!MOLECULE
O [OI]
!MOLECULAR WEIGHT
16.0
!NUMBER OF ENERGY LEVELS
5
!LEVEL + ENERGIES(cm^-1) + WEIGHT + Qnum
   1    0.0000000     5.0  3_P_2
   2  158.2687410     3.0  3_P_1
   3  226.9852492     1.0  3_P_0
   4    15867.862     5.0  1_D_2
   5    33792.583     1.0  1_S_0
!NUMBER OF RADIATIVE TRANSITIONS
7
!TRANS + UP + LOW + EINSTEINA(s^-1) + FREQ(GHz) + E_u(K) + Qnum_u + Qnum_l
    1     2     1   8.910E-05     4744.77749     227.713    3_P_1    3_P_2
    2     3     1   1.340E-10     6804.84658     326.581    3_P_0    3_P_2
    3     3     2   1.750E-05     2060.06909     326.581    3_P_0    3_P_1
    4     4     1   5.651E-03   475706.55308   22830.286    1_D_2    3_P_2
    5     4     2   1.823E-03   470961.91915   22830.286    1_D_2    3_P_1
    6     5     2   7.540E-02  1008331.41506   48619.929    1_S_0    3_P_1
    7     5     4   1.260E+00   537369.55823   48619.929    1_S_0    1_D_2
!NUMBER OF COLL PARTNERS
6
!COLLISIONS BETWEEN
2 O + p-H2 ! Jaquet et al. (1992, J. Phys. B, 25, 285)
!NUMBER OF COLL TRANS
10
!NUMBER OF COLL TEMPS
26
!COLL TEMPS
                        20.0      40.0      60.0      80.0     100.0     120.0     140.0     160.0     180.0     200.0     250.0     300.0     350.0     400.0     450.0     500.0     600.0     700.0     800.0     900.0    1000.0    1100.0    1200.0    1300.0    1400.0    1500.0
!TRANS + UP + LOW + COLLRATES(cm^3 s^-1)
    1     2     1   8.90E-11  1.04E-10  1.21E-10  1.36E-10  1.49E-10  1.60E-10  1.69E-10  1.78E-10  1.86E-10  1.93E-10  2.07E-10  2.19E-10  2.29E-10  2.37E-10  2.45E-10  2.51E-10  2.64E-10  2.76E-10  2.87E-10  2.98E-10  3.08E-10  3.17E-10  3.26E-10  3.34E-10  3.41E-10  3.48E-10
    2     3     1   1.11E-10  1.90E-10  2.05E-10  2.21E-10  2.37E-10  2.52E-10  2.66E-10  2.79E-10  2.90E-10  3.01E-10  3.23E-10  3.41E-10  3.56E-10  3.68E-10  3.78E-10  3.87E-10  4.04E-10  4.18E-10  4.31E-10  4.44E-10  4.56E-10  4.67E-10  4.77E-10  4.87E-10  4.95E-10  5.02E-10
    3     3     2   4.00E-13  8.00E-13  1.20E-12  1.60E-12  2.10E-12  2.60E-12  3.20E-12  3.80E-12  4.50E-12  5.20E-12  7.10E-12  9.00E-12  1.11E-11  1.31E-11  1.52E-11  1.73E-11  2.14E-11  2.53E-11  2.90E-11  3.25E-11  3.57E-11  3.87E-11  4.14E-11  4.39E-11  4.61E-11  4.80E-11
    4     4     1   0.00E+00  0.00E+00  0.00E+00  0.00E+00  0.00E+00  0.00E+00  0.00E+00  0.00E+00  0.00E+00  0.00E+00  0.00E+00  0.00E+00  0.00E+00  0.00E+00  0.00E+00  0.00E+00  0.00E+00  0.00E+00  0.00E+00  0.00E+00  0.00E+00  0.00E+00  0.00E+00  0.00E+00  0.00E+00  0.00E+00
    5     4     2   0.00E+00  0.00E+00  0.00E+00  0.00E+00  0.00E+00  0.00E+00  0.00E+00  0.00E+00  0.00E+00  0.00E+00  0.00E+00  0.00E+00  0.00E+00  0.00E+00  0.00E+00  0.00E+00  0.00E+00  0.00E+00  0.00E+00  0.00E+00  0.00E+00  0.00E+00  0.00E+00  0.00E+00  0.00E+00  0.00E+00
    6     4     3   0.00E+00  0.00E+00  0.00E+00  0.00E+00  0.00E+00  0.00E+00  0.00E+00  0.00E+00  0.00E+00  0.00E+00  0.00E+00  0.00E+00  0.00E+00  0.00E+00  0.00E+00  0.00E+00  0.00E+00  0.00E+00  0.00E+00  0.00E+00  0.00E+00  0.00E+00  0.00E+00  0.00E+00  0.00E+00  0.00E+00
    7     5     1   0.00E+00  0.00E+00  0.00E+00  0.00E+00  0.00E+00  0.00E+00  0.00E+00  0.00E+00  0.00E+00  0.00E+00  0.00E+00  0.00E+00  0.00E+00  0.00E+00  0.00E+00  0.00E+00  0.00E+00  0.00E+00  0.00E+00  0.00E+00  0.00E+00  0.00E+00  0.00E+00  0.00E+00  0.00E+00  0.00E+00
    8     5     2   0.00E+00  0.00E+00  0.00E+00  0.00E+00  0.00E+00  0.00E+00  0.00E+00  0.00E+00  0.00E+00  0.00E+00  0.00E+00  0.00E+00  0.00E+00  0.00E+00  0.00E+00  0.00E+00  0.00E+00  0.00E+00  0.00E+00  0.00E+00  0.00E+00  0.00E+00  0.00E+00  0.00E+00  0.00E+00  0.00E+00
    9     5     3   0.00E+00  0.00E+00  0.00E+00  0.00E+00  0.00E+00  0.00E+00  0.00E+00  0.00E+00  0.00E+00  0.00E+00  0.00E+00  0.00E+00  0.00E+00  0.00E+00  0.00E+00  0.00E+00  0.00E+00  0.00E+00  0.00E+00  0.00E+00  0.00E+00  0.00E+00  0.00E+00  0.00E+00  0.00E+00  0.00E+00
   10     5     4   0.00E+00  0.00E+00  0.00E+00  0.00E+00  0.00E+00  0.00E+00  0.00E+00  0.00E+00  0.00E+00  0.00E+00  0.00E+00  0.00E+00  0.00E+00  0.00E+00  0.00E+00  0.00E+00  0.00E+00  0.00E+00  0.00E+00  0.00E+00  0.00E+00  0.00E+00  0.00E+00  0.00E+00  0.00E+00  0.00E+00
!COLLISIONS BETWEEN
3 O + o-H2 ! Jaquet et al. (1992, J. Phys. B, 25, 285)
!NUMBER OF COLL TRANS
10
!NUMBER OF COLL TEMPS
26
!COLL TEMPS
                        20.0      40.0      60.0      80.0     100.0     120.0     140.0     160.0     180.0     200.0     250.0     300.0     350.0     400.0     450.0     500.0     600.0     700.0     800.0     900.0    1000.0    1100.0    1200.0    1300.0    1400.0    1500.0
!TRANS + UP + LOW + COLLRATES(cm^3 s^-1)
    1     2     1   8.00E-11  9.50E-11  1.11E-10  1.25E-10  1.37E-10  1.48E-10  1.58E-10  1.67E-10  1.75E-10  1.83E-10  1.99E-10  2.14E-10  2.26E-10  2.37E-10  2.47E-10  2.57E-10  2.74E-10  2.90E-10  3.05E-10  3.19E-10  3.32E-10  3.44E-10  3.55E-10  3.65E-10  3.74E-10  3.82E-10
    2     3     1   9.40E-11  1.77E-10  1.90E-10  2.06E-10  2.23E-10  2.38E-10  2.54E-10  2.68E-10  2.81E-10  2.94E-10  3.21E-10  3.44E-10  3.64E-10  3.80E-10  3.95E-10  4.08E-10  4.31E-10  4.51E-10  4.69E-10  4.86E-10  5.02E-10  5.16E-10  5.29E-10  5.40E-10  5.50E-10  5.59E-10
    3     3     2   9.00E-13  1.70E-12  2.00E-12  2.50E-12  3.00E-12  3.60E-12  4.30E-12  5.00E-12  5.80E-12  6.60E-12  8.70E-12  1.10E-11  1.35E-11  1.59E-11  1.85E-11  2.10E-11  2.59E-11  3.06E-11  3.51E-11  3.94E-11  4.33E-11  4.70E-11  5.03E-11  5.33E-11  5.60E-11  5.84E-11
    4     4     1   0.00E+00  0.00E+00  0.00E+00  0.00E+00  0.00E+00  0.00E+00  0.00E+00  0.00E+00  0.00E+00  0.00E+00  0.00E+00  0.00E+00  0.00E+00  0.00E+00  0.00E+00  0.00E+00  0.00E+00  0.00E+00  0.00E+00  0.00E+00  0.00E+00  0.00E+00  0.00E+00  0.00E+00  0.00E+00  0.00E+00
    5     4     2   0.00E+00  0.00E+00  0.00E+00  0.00E+00  0.00E+00  0.00E+00  0.00E+00  0.00E+00  0.00E+00  0.00E+00  0.00E+00  0.00E+00  0.00E+00  0.00E+00  0.00E+00  0.00E+00  0.00E+00  0.00E+00  0.00E+00  0.00E+00  0.00E+00  0.00E+00  0.00E+00  0.00E+00  0.00E+00  0.00E+00
    6     4     3   0.00E+00  0.00E+00  0.00E+00  0.00E+00  0.00E+00  0.00E+00  0.00E+00  0.00E+00  0.00E+00  0.00E+00  0.00E+00  0.00E+00  0.00E+00  0.00E+00  0.00E+00  0.00E+00  0.00E+00  0.00E+00  0.00E+00  0.00E+00  0.00E+00  0.00E+00  0.00E+00  0.00E+00  0.00E+00  0.00E+00
    7     5     1   0.00E+00  0.00E+00  0.00E+00  0.00E+00  0.00E+00  0.00E+00  0.00E+00  0.00E+00  0.00E+00  0.00E+00  0.00E+00  0.00E+00  0.00E+00  0.00E+00  0.00E+00  0.00E+00  0.00E+00  0.00E+00  0.00E+00  0.00E+00  0.00E+00  0.00E+00  0.00E+00  0.00E+00  0.00E+00  0.00E+00
    8     5     2   0.00E+00  0.00E+00  0.00E+00  0.00E+00  0.00E+00  0.00E+00  0.00E+00  0.00E+00  0.00E+00  0.00E+00  0.00E+00  0.00E+00  0.00E+00  0.00E+00  0.00E+00  0.00E+00  0.00E+00  0.00E+00  0.00E+00  0.00E+00  0.00E+00  0.00E+00  0.00E+00  0.00E+00  0.00E+00  0.00E+00
    9     5     3   0.00E+00  0.00E+00  0.00E+00  0.00E+00  0.00E+00  0.00E+00  0.00E+00  0.00E+00  0.00E+00  0.00E+00  0.00E+00  0.00E+00  0.00E+00  0.00E+00  0.00E+00  0.00E+00  0.00E+00  0.00E+00  0.00E+00  0.00E+00  0.00E+00  0.00E+00  0.00E+00  0.00E+00  0.00E+00  0.00E+00
   10     5     4   0.00E+00  0.00E+00  0.00E+00  0.00E+00  0.00E+00  0.00E+00  0.00E+00  0.00E+00  0.00E+00  0.00E+00  0.00E+00  0.00E+00  0.00E+00  0.00E+00  0.00E+00  0.00E+00  0.00E+00  0.00E+00  0.00E+00  0.00E+00  0.00E+00  0.00E+00  0.00E+00  0.00E+00  0.00E+00  0.00E+00
!COLLISIONS BETWEEN
4 O + e ! Bell, Berrington & Thomas (1998, MNRAS, 293, L83) and Zatsarinny & Tayal (2003, ApJS, 148, 575) + extrapolation to lower temperatures
!NUMBER OF COLL TRANS
10
!NUMBER OF COLL TEMPS
18
!COLL TEMPS
                        50.0     100.0     200.0     500.0    1000.0    2000.0    3000.0    4000.0    5000.0    6000.0    8000.0   10000.0   20000.0   25000.0   30000.0   35000.0   40000.0   50000.0
!TRANS + UP + LOW + COLLRATES(cm^3 s^-1)
    1     2     1   3.39E-10  3.62E-10  3.64E-10  3.32E-10  3.05E-10  2.97E-10  3.11E-10  3.11E-10  3.11E-10  3.11E-10  3.11E-10  3.11E-10  3.11E-10  3.11E-10  3.11E-10  3.11E-10  3.11E-10  3.11E-10
    2     3     1   3.94E-10  4.31E-10  4.48E-10  4.32E-10  4.07E-10  4.01E-10  4.16E-10  4.16E-10  4.16E-10  4.16E-10  4.16E-10  4.16E-10  4.16E-10  4.16E-10  4.16E-10  4.16E-10  4.16E-10  4.16E-10
    3     3     2   3.34E-13  7.70E-13  1.70E-12  4.05E-12  6.49E-12  8.91E-12  1.10E-11  1.10E-11  1.10E-11  1.10E-11  1.10E-11  1.10E-11  1.10E-11  1.10E-11  1.10E-11  1.10E-11  1.10E-11  1.10E-11
    4     4     1   5.40E-10  7.07E-10  9.25E-10  1.32E-09  1.73E-09  2.27E-09  2.75E-09  3.19E-09  3.56E-09  3.92E-09  4.53E-09  5.06E-09  6.60E-09  7.00E-09  7.23E-09  7.38E-09  7.46E-09  7.53E-09
    5     4     2   5.40E-10  7.07E-10  9.25E-10  1.32E-09  1.73E-09  2.27E-09  2.75E-09  3.19E-09  3.56E-09  3.92E-09  4.53E-09  5.06E-09  6.60E-09  7.00E-09  7.23E-09  7.38E-09  7.46E-09  7.53E-09
    6     4     3   5.40E-10  7.07E-10  9.25E-10  1.32E-09  1.73E-09  2.27E-09  2.75E-09  3.19E-09  3.56E-09  3.92E-09  4.53E-09  5.06E-09  6.60E-09  7.00E-09  7.23E-09  7.38E-09  7.46E-09  7.53E-09
    7     5     1   8.17E-10  8.26E-10  8.35E-10  8.47E-10  8.57E-10  8.66E-10  1.14E-09  1.45E-09  1.75E-09  2.01E-09  2.44E-09  2.79E-09  3.70E-09  3.91E-09  4.04E-09  4.11E-09  4.15E-09  4.17E-09
    8     5     2   8.17E-10  8.26E-10  8.35E-10  8.47E-10  8.57E-10  8.66E-10  1.14E-09  1.45E-09  1.75E-09  2.01E-09  2.44E-09  2.79E-09  3.70E-09  3.91E-09  4.04E-09  4.11E-09  4.15E-09  4.17E-09
    9     5     3   8.17E-10  8.26E-10  8.35E-10  8.47E-10  8.57E-10  8.66E-10  1.14E-09  1.45E-09  1.75E-09  2.01E-09  2.44E-09  2.79E-09  3.70E-09  3.91E-09  4.04E-09  4.11E-09  4.15E-09  4.17E-09
   10     5     4   2.72E-10  4.65E-10  7.95E-10  1.61E-09  2.76E-09  4.71E-09  5.78E-09  6.40E-09  6.79E-09  7.05E-09  7.40E-09  7.62E-09  8.05E-09  8.19E-09  8.27E-09  8.35E-09  8.41E-09  8.53E-09
!COLLISIONS BETWEEN
5 O + H ! Abrahamsson, Krems & Dalgarno (2007, ApJ, 654, 1171) and Krems, Jamieson & Dalgarno (2006, ApJ, 647, 1531) + extrapolation to lower temperatures
!NUMBER OF COLL TRANS
10
!NUMBER OF COLL TEMPS
27
!COLL TEMPS
                        20.0      30.0      40.0      50.0      70.0     100.0     150.0     200.0     250.0     300.0     350.0     400.0     450.0     500.0     600.0     700.0     800.0     900.0    1000.0    2000.0    3000.0    4000.0    5000.0    6000.0    7000.0    8000.0   10000.0
!TRANS + UP + LOW + COLLRATES(cm^3 s^-1)
    1     2     1   2.67E-10  2.74E-10  2.83E-10  2.99E-10  3.19E-10  3.57E-10  4.18E-10  4.71E-10  5.20E-10  5.64E-10  6.04E-10  6.40E-10  6.73E-10  7.04E-10  7.59E-10  8.06E-10  8.47E-10  8.83E-10  9.16E-10  1.11E-09  1.21E-09  1.28E-09  1.32E-09  1.35E-09  1.38E-09  1.40E-09  1.43E-09
    2     3     1   8.46E-11  2.55E-10  2.66E-10  2.75E-10  2.91E-10  3.18E-10  3.65E-10  4.07E-10  4.47E-10  4.81E-10  5.14E-10  5.43E-10  5.69E-10  5.94E-10  6.38E-10  6.75E-10  7.08E-10  7.37E-10  7.63E-10  9.23E-10  1.00E-09  1.06E-09  1.09E-09  1.12E-09  1.14E-09  1.16E-09  1.18E-09
    3     3     2   1.73E-10  1.95E-10  2.25E-10  2.38E-10  3.33E-10  4.34E-10  5.74E-10  6.79E-10  7.58E-10  8.20E-10  8.67E-10  9.05E-10  9.34E-10  9.58E-10  9.94E-10  1.02E-09  1.04E-09  1.05E-09  1.06E-09  1.10E-09  1.10E-09  1.09E-09  1.09E-09  1.08E-09  1.07E-09  1.07E-09  1.06E-09
    4     4     1   8.43E-14  1.14E-13  1.42E-13  1.68E-13  2.16E-13  2.83E-13  3.84E-13  4.85E-13  5.35E-13  5.84E-13  6.09E-13  6.34E-13  6.59E-13  6.84E-13  7.13E-13  7.41E-13  7.61E-13  7.80E-13  8.00E-13  9.38E-13  1.03E-12  1.09E-12  1.12E-12  1.13E-12  1.12E-12  1.10E-12  1.05E-12
    5     4     2   8.43E-14  1.14E-13  1.42E-13  1.68E-13  2.16E-13  2.83E-13  3.84E-13  4.85E-13  5.35E-13  5.84E-13  6.09E-13  6.34E-13  6.59E-13  6.84E-13  7.13E-13  7.41E-13  7.61E-13  7.80E-13  8.00E-13  9.38E-13  1.03E-12  1.09E-12  1.12E-12  1.13E-12  1.12E-12  1.10E-12  1.05E-12
    6     4     3   8.43E-14  1.14E-13  1.42E-13  1.68E-13  2.16E-13  2.83E-13  3.84E-13  4.85E-13  5.35E-13  5.84E-13  6.09E-13  6.34E-13  6.59E-13  6.84E-13  7.13E-13  7.41E-13  7.61E-13  7.80E-13  8.00E-13  9.38E-13  1.03E-12  1.09E-12  1.12E-12  1.13E-12  1.12E-12  1.10E-12  1.05E-12
    7     5     1   0.00E+00  0.00E+00  0.00E+00  0.00E+00  0.00E+00  0.00E+00  0.00E+00  0.00E+00  0.00E+00  0.00E+00  0.00E+00  0.00E+00  0.00E+00  0.00E+00  0.00E+00  0.00E+00  0.00E+00  0.00E+00  0.00E+00  0.00E+00  0.00E+00  0.00E+00  0.00E+00  0.00E+00  0.00E+00  0.00E+00  0.00E+00
    8     5     2   0.00E+00  0.00E+00  0.00E+00  0.00E+00  0.00E+00  0.00E+00  0.00E+00  0.00E+00  0.00E+00  0.00E+00  0.00E+00  0.00E+00  0.00E+00  0.00E+00  0.00E+00  0.00E+00  0.00E+00  0.00E+00  0.00E+00  0.00E+00  0.00E+00  0.00E+00  0.00E+00  0.00E+00  0.00E+00  0.00E+00  0.00E+00
    9     5     3   0.00E+00  0.00E+00  0.00E+00  0.00E+00  0.00E+00  0.00E+00  0.00E+00  0.00E+00  0.00E+00  0.00E+00  0.00E+00  0.00E+00  0.00E+00  0.00E+00  0.00E+00  0.00E+00  0.00E+00  0.00E+00  0.00E+00  0.00E+00  0.00E+00  0.00E+00  0.00E+00  0.00E+00  0.00E+00  0.00E+00  0.00E+00
   10     5     4   0.00E+00  0.00E+00  0.00E+00  0.00E+00  0.00E+00  0.00E+00  0.00E+00  0.00E+00  0.00E+00  0.00E+00  0.00E+00  0.00E+00  0.00E+00  0.00E+00  0.00E+00  0.00E+00  0.00E+00  0.00E+00  0.00E+00  0.00E+00  0.00E+00  0.00E+00  0.00E+00  0.00E+00  0.00E+00  0.00E+00  0.00E+00
!COLLISIONS BETWEEN
6 O + He ! Monteiro & Flower (1987, MNRAS, 228, 101) + extrapolation from Pequignot (1990, A&A, 231, 499)
!NUMBER OF COLL TRANS
10
!NUMBER OF COLL TEMPS
19
!COLL TEMPS
                        30.0      50.0      70.0     100.0     200.0     300.0     400.0     500.0     600.0     700.0     800.0     900.0    1000.0    2000.0    3000.0    5000.0    7000.0   10000.0   20000.0
!TRANS + UP + LOW + COLLRATES(cm^3 s^-1)
    1     2     1   1.61E-11  2.30E-11  2.91E-11  3.80E-11  6.15E-11  8.09E-11  9.96E-11  1.17E-10  1.31E-10  1.45E-10  1.60E-10  1.74E-10  1.88E-10  3.04E-10  4.04E-10  5.78E-10  7.32E-10  9.39E-10  1.53E-09
    2     3     1   2.14E-11  3.22E-11  4.22E-11  5.78E-11  9.92E-11  1.32E-10  1.60E-10  1.85E-10  2.06E-10  2.25E-10  2.45E-10  2.62E-10  2.77E-10  4.18E-10  5.33E-10  7.24E-10  8.86E-10  1.10E-09  1.66E-09
    3     3     2   1.89E-13  4.52E-13  8.00E-13  1.44E-12  4.60E-12  8.55E-12  1.28E-11  1.71E-11  2.15E-11  2.59E-11  3.01E-11  3.43E-11  3.86E-11  8.78E-11  1.43E-10  2.64E-10  3.95E-10  6.05E-10  1.39E-09
    4     4     1   0.00E+00  0.00E+00  0.00E+00  0.00E+00  0.00E+00  0.00E+00  0.00E+00  0.00E+00  0.00E+00  0.00E+00  0.00E+00  0.00E+00  0.00E+00  0.00E+00  0.00E+00  0.00E+00  0.00E+00  0.00E+00  0.00E+00
    5     4     2   0.00E+00  0.00E+00  0.00E+00  0.00E+00  0.00E+00  0.00E+00  0.00E+00  0.00E+00  0.00E+00  0.00E+00  0.00E+00  0.00E+00  0.00E+00  0.00E+00  0.00E+00  0.00E+00  0.00E+00  0.00E+00  0.00E+00
    6     4     3   0.00E+00  0.00E+00  0.00E+00  0.00E+00  0.00E+00  0.00E+00  0.00E+00  0.00E+00  0.00E+00  0.00E+00  0.00E+00  0.00E+00  0.00E+00  0.00E+00  0.00E+00  0.00E+00  0.00E+00  0.00E+00  0.00E+00
    7     5     1   0.00E+00  0.00E+00  0.00E+00  0.00E+00  0.00E+00  0.00E+00  0.00E+00  0.00E+00  0.00E+00  0.00E+00  0.00E+00  0.00E+00  0.00E+00  0.00E+00  0.00E+00  0.00E+00  0.00E+00  0.00E+00  0.00E+00
    8     5     2   0.00E+00  0.00E+00  0.00E+00  0.00E+00  0.00E+00  0.00E+00  0.00E+00  0.00E+00  0.00E+00  0.00E+00  0.00E+00  0.00E+00  0.00E+00  0.00E+00  0.00E+00  0.00E+00  0.00E+00  0.00E+00  0.00E+00
    9     5     3   0.00E+00  0.00E+00  0.00E+00  0.00E+00  0.00E+00  0.00E+00  0.00E+00  0.00E+00  0.00E+00  0.00E+00  0.00E+00  0.00E+00  0.00E+00  0.00E+00  0.00E+00  0.00E+00  0.00E+00  0.00E+00  0.00E+00
   10     5     4   0.00E+00  0.00E+00  0.00E+00  0.00E+00  0.00E+00  0.00E+00  0.00E+00  0.00E+00  0.00E+00  0.00E+00  0.00E+00  0.00E+00  0.00E+00  0.00E+00  0.00E+00  0.00E+00  0.00E+00  0.00E+00  0.00E+00
!COLLISIONS BETWEEN
7 O + H+ ! Chambaud et al. (1980, J. Phys. B, 13, 4205) + extrapolation from Pequignot (1990, A&A, 231, 499)
!NUMBER OF COLL TRANS
10
!NUMBER OF COLL TEMPS
16
!COLL TEMPS
                        30.0      50.0      70.0     100.0     150.0     200.0     250.0     300.0     500.0     700.0    1000.0    3000.0    5000.0    7000.0   10000.0   20000.0
!TRANS + UP + LOW + COLLRATES(cm^3 s^-1)
    1     2     1   2.49E-10  3.05E-10  3.49E-10  4.03E-10  4.74E-10  5.37E-10  6.42E-10  7.43E-10  1.12E-09  1.46E-09  1.95E-09  4.69E-09  6.19E-09  7.01E-09  8.00E-09  1.03E-08
    2     3     1   2.57E-11  4.51E-11  6.53E-11  9.66E-11  1.51E-10  2.07E-10  2.65E-10  3.24E-10  5.68E-10  7.72E-10  1.06E-09  2.86E-09  4.53E-09  6.13E-09  7.12E-09  8.76E-09
    3     3     2   1.36E-10  1.81E-10  2.19E-10  2.68E-10  3.36E-10  3.94E-10  4.47E-10  4.95E-10  6.59E-10  7.95E-10  9.71E-10  1.57E-09  1.73E-09  1.85E-09  1.98E-09  2.25E-09
    4     4     1   0.00E+00  0.00E+00  0.00E+00  0.00E+00  0.00E+00  0.00E+00  0.00E+00  0.00E+00  0.00E+00  0.00E+00  0.00E+00  0.00E+00  0.00E+00  0.00E+00  0.00E+00  0.00E+00
    5     4     2   0.00E+00  0.00E+00  0.00E+00  0.00E+00  0.00E+00  0.00E+00  0.00E+00  0.00E+00  0.00E+00  0.00E+00  0.00E+00  0.00E+00  0.00E+00  0.00E+00  0.00E+00  0.00E+00
    6     4     3   0.00E+00  0.00E+00  0.00E+00  0.00E+00  0.00E+00  0.00E+00  0.00E+00  0.00E+00  0.00E+00  0.00E+00  0.00E+00  0.00E+00  0.00E+00  0.00E+00  0.00E+00  0.00E+00
    7     5     1   0.00E+00  0.00E+00  0.00E+00  0.00E+00  0.00E+00  0.00E+00  0.00E+00  0.00E+00  0.00E+00  0.00E+00  0.00E+00  0.00E+00  0.00E+00  0.00E+00  0.00E+00  0.00E+00
    8     5     2   0.00E+00  0.00E+00  0.00E+00  0.00E+00  0.00E+00  0.00E+00  0.00E+00  0.00E+00  0.00E+00  0.00E+00  0.00E+00  0.00E+00  0.00E+00  0.00E+00  0.00E+00  0.00E+00
    9     5     3   0.00E+00  0.00E+00  0.00E+00  0.00E+00  0.00E+00  0.00E+00  0.00E+00  0.00E+00  0.00E+00  0.00E+00  0.00E+00  0.00E+00  0.00E+00  0.00E+00  0.00E+00  0.00E+00
   10     5     4   0.00E+00  0.00E+00  0.00E+00  0.00E+00  0.00E+00  0.00E+00  0.00E+00  0.00E+00  0.00E+00  0.00E+00  0.00E+00  0.00E+00  0.00E+00  0.00E+00  0.00E+00  0.00E+00
! NOTES:
! A-values are taken from the NIST database.
! Accurate transition frequencies measured by Zink et al. 1991, ApJ, 371, L85.
! The ^1D_2 and ^1S_0 transition wavelengths are taken from the NIST database.
! See Monteiro & Flower (1987, MNRAS, 228, 101) for an explanation of why the
! rates for He and H2 are surprisingly low for the ^3P_0 - ^3P_1 transition.
! Transition frequencies for the 17O and 18O isotopes can be found in
! Brown, Evenson & Zink (1993, Phys. Rev. A, 48, 3761) and in 
! DeNatale et al. (1993, Phys. Rev. A, 48, 3757).
! The latter reference presents more precise values.
