! MOLECULE
CH+  rotation spectrum from CDMS, version April 2010
! MOLECULAR WEIGHT
13.0
! NUMBER OF ENERGY LEVELS
14 
! LEVEL | ENERGY [CM-1] | WEIGHT | J
      1        0.000000      1.0   0
      2       27.857189      3.0   1
      3       83.538419      5.0   2
      4      166.977491      7.0   3
      5      278.075338      9.0   4
      6      416.700305     11.0   5
      7      582.688516     13.0   6
      8      775.844335     15.0   7
      9      995.940901     17.0   8
     10     1242.720760     19.0   9
     11     1515.896562     21.0   10
     12     1815.151843     23.0   11
     13     2140.141867     25.0   12
     14     2490.494538     27.0   13
! NUMBER OF RADIATIVE TRANSITIONS
13
! TRANS | UP  | LOW | A_ul [s-1] |   FREQ [GHz]  |  E_up [K]
      1    2      1    6.363e-03     835.1375040     40.080
      2    3      2    6.098e-02    1669.2812909    120.193
      3    4      3    2.199e-01    2501.4404523    240.243
      4    5      4    5.383e-01    3330.6296656    400.088
      5    6      5    1.069e+00    4155.8719545    599.539
      6    7      6    1.864e+00    4976.2013942    838.359
      7    8      7    2.970e+00    5790.6657535   1116.267
      8    9      8    4.431e+00    6598.3290559   1432.937
      9   10      9    6.287e+00    7398.2740442   1787.998
     10   11     10    8.573e+00    8189.6045320   2181.037
     11   12     11    1.132e+01    8971.4476267   2611.599
     12   13     12    1.455e+01    9742.9558064   3079.187
     13   14     13    1.829e+01   10503.3088364   3583.266
! NUMBER OF COLLISION PARTNERS
3
!COLLISION PARTNER
1  H2   scaled from He-CH+ rates by Turpin et al (2010)
!NUMBER OF COLL TRANS
15
!NUMBER OF COLL TEMPS
6
!COLL TEMPS
10.0 30.0 50.0 80.0 100.0 200.0
!TRANS+ UP+ LOW+ COLL.RATES(cm^3 s^-1)
1       2   1    8.59e-11  1.02e-10  1.05e-10  1.10e-10  1.14e-10  1.28e-10
2       3   1    4.26e-11  5.17e-11  5.80e-11  6.39e-11  6.38e-11  7.19e-11
3       3   2    1.42e-10  1.26e-10  1.21e-10  1.17e-10  1.17e-10  1.28e-10
4       4   1    1.22e-11  1.39e-11  1.58e-11  1.80e-11  1.91e-11  2.26e-11
5       4   2    7.97e-11  8.75e-11  9.26e-11  9.75e-11  1.00e-10  1.10e-10
6       4   3    7.84e-11  7.17e-11  7.04e-11  7.07e-11  7.18e-11  8.17e-11
7       5   1    1.45e-11  1.19e-11  1.12e-11  1.07e-11  1.06e-11  1.16e-11
8       5   2    1.97e-11  1.74e-11  1.72e-11  1.77e-11  1.81e-11  2.08e-11
9       5   3    1.28e-10  1.18e-10  1.16e-10  1.16e-10  1.17e-10  1.27e-10
10      5   4    3.80e-11  3.55e-11  3.57e-11  3.69e-11  3.81e-11  7.35e-11
11      6   1    1.24e-12  1.08e-12  1.12e-12  1.20e-12  1.26e-12  1.67e-12
12      6   2    3.44e-11  2.83e-11  2.70e-11  2.66e-11  2.67e-11  2.87e-11
13      6   3    7.30e-12  7.05e-12  7.27e-12  7.79e-12  8.19e-12  1.06e-11
14      6   4    1.20e-10  1.09e-10  1.05e-10  1.03e-10  1.04e-10  1.14e-10
15      6   5    2.51e-11  2.14e-11  2.10e-11  2.15e-11  2.21e-11  2.75e-11
! COLLISION PARTNER
5   H   (Faure et al 2017)
! NUMBER OF COLLISIONAL TRANSITIONS
91
! NUMBER OF TEMPERATURES
12
! TEMPERATURES
10.0      20.0      30.0      50.0     100.0     150.0     200.0     300.0     500.0    1000.0    2000.0    3000.0
! TRANS | UP  | LOW | RATE COEFFICIENT [cm^3/s]
      1     2     1   3.74e-11  3.74e-11  3.76e-11  3.81e-11  4.29e-11  4.87e-11  5.37e-11  6.18e-11  7.22e-11  8.63e-11  1.02e-10  1.11e-10
      2     3     1   2.59e-11  2.93e-11  3.08e-11  3.29e-11  3.40e-11  3.29e-11  3.18e-11  3.16e-11  3.14e-11  3.18e-11  3.55e-11  3.91e-11
      3     3     2   2.49e-10  2.33e-10  2.25e-10  2.25e-10  2.46e-10  2.65e-10  2.80e-10  3.06e-10  3.49e-10  4.25e-10  4.90e-10  5.11e-10
      4     4     1   2.10e-11  1.95e-11  1.86e-11  1.76e-11  1.69e-11  1.68e-11  1.69e-11  1.70e-11  1.70e-11  1.72e-11  1.99e-11  2.14e-11
      5     4     2   1.83e-10  1.79e-10  1.75e-10  1.70e-10  1.61e-10  1.56e-10  1.55e-10  1.49e-10  1.46e-10  1.50e-10  1.69e-10  1.88e-10
      6     4     3   1.21e-10  1.23e-10  1.21e-10  1.17e-10  1.14e-10  1.15e-10  1.18e-10  1.24e-10  1.45e-10  1.82e-10  2.14e-10  2.27e-10
      7     5     1   1.18e-11  1.19e-11  1.26e-11  1.40e-11  1.53e-11  1.53e-11  1.50e-11  1.38e-11  1.23e-11  1.15e-11  1.19e-11  1.24e-11
      8     5     2   1.44e-10  1.44e-10  1.45e-10  1.45e-10  1.42e-10  1.41e-10  1.41e-10  1.32e-10  1.17e-10  1.09e-10  1.13e-10  1.19e-10
      9     5     3   9.72e-11  1.00e-10  9.94e-11  9.74e-11  9.31e-11  9.01e-11  8.83e-11  8.37e-11  7.79e-11  7.53e-11  8.02e-11  8.64e-11
     10     5     4   4.60e-10  4.38e-10  4.23e-10  4.07e-10  3.91e-10  3.86e-10  3.88e-10  4.00e-10  4.51e-10  5.68e-10  6.81e-10  7.30e-10
     11     6     1   1.53e-11  1.46e-11  1.39e-11  1.30e-11  1.14e-11  1.01e-11  9.17e-12  7.74e-12  6.70e-12  5.51e-12  4.87e-12  4.74e-12
     12     6     2   8.13e-11  8.92e-11  9.12e-11  9.12e-11  8.61e-11  8.01e-11  7.44e-11  6.51e-11  5.68e-11  4.85e-11  4.39e-11  4.27e-11
     13     6     3   5.46e-11  5.83e-11  5.91e-11  5.85e-11  5.50e-11  5.09e-11  4.72e-11  4.10e-11  3.59e-11  3.11e-11  2.85e-11  2.81e-11
     14     6     4   2.66e-10  2.73e-10  2.74e-10  2.67e-10  2.43e-10  2.22e-10  2.03e-10  1.74e-10  1.55e-10  1.38e-10  1.31e-10  1.32e-10
     15     6     5   1.10e-10  1.10e-10  1.10e-10  1.07e-10  9.92e-11  9.12e-11  8.42e-11  7.31e-11  7.52e-11  9.07e-11  1.08e-10  1.17e-10
     16     7     1   8.19e-12  8.05e-12  7.87e-12  7.44e-12  6.90e-12  6.82e-12  6.88e-12  6.99e-12  6.41e-12  5.56e-12  4.69e-12  4.22e-12
     17     7     2   8.99e-11  8.97e-11  8.79e-11  8.47e-11  7.99e-11  7.77e-11  7.69e-11  7.66e-11  6.80e-11  5.81e-11  4.89e-11  4.44e-11
     18     7     3   4.43e-11  4.33e-11  4.27e-11  4.15e-11  3.93e-11  3.83e-11  3.79e-11  3.77e-11  3.61e-11  3.07e-11  2.50e-11  2.23e-11
     19     7     4   1.77e-10  1.76e-10  1.73e-10  1.69e-10  1.69e-10  1.71e-10  1.74e-10  1.80e-10  1.66e-10  1.46e-10  1.26e-10  1.16e-10
     20     7     5   5.56e-11  5.99e-11  6.16e-11  6.34e-11  6.65e-11  6.84e-11  6.95e-11  7.00e-11  6.62e-11  6.00e-11  5.47e-11  5.28e-11
     21     7     6   2.08e-10  2.09e-10  2.08e-10  2.10e-10  2.13e-10  2.17e-10  2.21e-10  2.32e-10  2.53e-10  2.77e-10  3.31e-10  3.68e-10
     22     8     1   7.41e-12  7.97e-12  8.12e-12  7.95e-12  7.24e-12  6.79e-12  6.53e-12  6.31e-12  5.99e-12  5.23e-12  4.31e-12  3.81e-12
     23     8     2   4.93e-11  4.92e-11  4.91e-11  4.92e-11  5.00e-11  5.10e-11  5.19e-11  5.30e-11  5.09e-11  4.43e-11  3.61e-11  3.19e-11
     24     8     3   2.71e-11  2.77e-11  2.80e-11  2.83e-11  2.95e-11  3.10e-11  3.21e-11  3.29e-11  3.03e-11  2.57e-11  2.12e-11  1.90e-11
     25     8     4   1.30e-10  1.35e-10  1.39e-10  1.43e-10  1.44e-10  1.43e-10  1.42e-10  1.41e-10  1.32e-10  1.15e-10  9.78e-11  8.80e-11
     26     8     5   5.06e-11  5.56e-11  5.76e-11  5.89e-11  5.98e-11  6.00e-11  5.98e-11  5.94e-11  5.66e-11  5.11e-11  4.44e-11  4.05e-11
     27     8     6   2.11e-10  1.97e-10  1.87e-10  1.79e-10  1.78e-10  1.79e-10  1.80e-10  1.79e-10  1.75e-10  1.60e-10  1.47e-10  1.40e-10
     28     8     7   5.54e-11  5.46e-11  5.43e-11  5.39e-11  5.37e-11  5.40e-11  5.49e-11  5.78e-11  6.21e-11  6.83e-11  8.10e-11  9.11e-11
     29     9     1   4.34e-12  6.44e-12  7.17e-12  7.72e-12  7.81e-12  7.55e-12  7.30e-12  7.01e-12  6.84e-12  6.56e-12  5.68e-12  5.08e-12
     30     9     2   1.43e-11  2.33e-11  2.68e-11  2.90e-11  2.89e-11  2.83e-11  2.79e-11  2.76e-11  2.70e-11  2.47e-11  2.03e-11  1.74e-11
     31     9     3   2.31e-11  3.64e-11  4.21e-11  4.68e-11  4.90e-11  4.87e-11  4.79e-11  4.62e-11  4.32e-11  3.85e-11  3.23e-11  2.84e-11
     32     9     4   3.65e-11  5.54e-11  6.18e-11  6.59e-11  6.78e-11  6.82e-11  6.80e-11  6.65e-11  6.28e-11  5.55e-11  4.62e-11  4.09e-11
     33     9     5   4.58e-11  6.82e-11  7.62e-11  8.24e-11  8.59e-11  8.57e-11  8.47e-11  8.24e-11  7.87e-11  7.15e-11  6.17e-11  5.54e-11
     34     9     6   5.03e-11  7.85e-11  8.94e-11  9.68e-11  9.80e-11  9.63e-11  9.50e-11  9.31e-11  9.05e-11  8.50e-11  7.65e-11  7.07e-11
     35     9     7   6.44e-11  9.43e-11  1.03e-10  1.07e-10  1.08e-10  1.07e-10  1.07e-10  1.06e-10  1.05e-10  1.01e-10  9.69e-11  9.37e-11
     36     9     8   4.40e-11  6.85e-11  7.94e-11  9.06e-11  1.01e-10  1.05e-10  1.08e-10  1.11e-10  1.19e-10  1.34e-10  1.60e-10  1.81e-10
     37    10     1   4.27e-12  6.04e-12  6.53e-12  6.79e-12  6.82e-12  6.73e-12  6.63e-12  6.47e-12  6.16e-12  5.33e-12  4.33e-12  3.85e-12
     38    10     2   1.42e-11  2.06e-11  2.24e-11  2.33e-11  2.35e-11  2.34e-11  2.33e-11  2.30e-11  2.25e-11  2.08e-11  1.81e-11  1.62e-11
     39    10     3   1.91e-11  2.94e-11  3.35e-11  3.70e-11  3.81e-11  3.77e-11  3.72e-11  3.66e-11  3.58e-11  3.41e-11  3.01e-11  2.68e-11
     40    10     4   2.84e-11  4.44e-11  5.06e-11  5.51e-11  5.62e-11  5.52e-11  5.43e-11  5.30e-11  5.14e-11  4.76e-11  4.17e-11  3.74e-11
     41    10     5   3.82e-11  5.68e-11  6.30e-11  6.71e-11  6.91e-11  6.93e-11  6.91e-11  6.82e-11  6.61e-11  6.14e-11  5.40e-11  4.93e-11
     42    10     6   4.44e-11  6.77e-11  7.65e-11  8.31e-11  8.61e-11  8.57e-11  8.49e-11  8.31e-11  8.00e-11  7.37e-11  6.43e-11  5.84e-11
     43    10     7   5.37e-11  8.00e-11  8.93e-11  9.61e-11  9.90e-11  9.83e-11  9.70e-11  9.47e-11  9.14e-11  8.68e-11  7.89e-11  7.26e-11
     44    10     8   5.95e-11  8.76e-11  9.68e-11  1.03e-10  1.06e-10  1.06e-10  1.05e-10  1.03e-10  1.00e-10  9.70e-11  9.32e-11  8.98e-11
     45    10     9   2.98e-11  4.74e-11  5.60e-11  6.58e-11  7.76e-11  8.34e-11  8.72e-11  9.27e-11  1.01e-10  1.18e-10  1.47e-10  1.69e-10
     46    11     1   1.25e-12  2.17e-12  2.59e-12  2.96e-12  3.34e-12  3.55e-12  3.66e-12  3.78e-12  3.94e-12  4.00e-12  3.48e-12  3.09e-12
     47    11     2   9.12e-12  1.44e-11  1.65e-11  1.81e-11  1.89e-11  1.92e-11  1.95e-11  1.98e-11  1.97e-11  1.86e-11  1.66e-11  1.50e-11
     48    11     3   1.59e-11  2.50e-11  2.84e-11  3.08e-11  3.18e-11  3.20e-11  3.21e-11  3.20e-11  3.16e-11  3.02e-11  2.71e-11  2.43e-11
     49    11     4   2.46e-11  3.72e-11  4.19e-11  4.53e-11  4.62e-11  4.57e-11  4.54e-11  4.53e-11  4.58e-11  4.45e-11  3.85e-11  3.37e-11
     50    11     5   3.19e-11  4.71e-11  5.20e-11  5.52e-11  5.80e-11  5.91e-11  5.94e-11  5.92e-11  5.83e-11  5.55e-11  4.89e-11  4.36e-11
     51    11     6   3.62e-11  5.43e-11  6.11e-11  6.66e-11  7.02e-11  7.08e-11  7.07e-11  7.02e-11  6.89e-11  6.53e-11  5.78e-11  5.18e-11
     52    11     7   4.19e-11  6.47e-11  7.41e-11  8.18e-11  8.62e-11  8.62e-11  8.53e-11  8.33e-11  8.05e-11  7.55e-11  6.82e-11  6.27e-11
     53    11     8   4.88e-11  7.26e-11  8.13e-11  8.82e-11  9.25e-11  9.32e-11  9.30e-11  9.17e-11  8.88e-11  8.27e-11  7.46e-11  6.92e-11
     54    11     9   5.27e-11  8.00e-11  8.94e-11  9.55e-11  9.75e-11  9.75e-11  9.73e-11  9.66e-11  9.48e-11  9.18e-11  8.90e-11  8.73e-11
     55    11    10   2.64e-11  4.16e-11  4.89e-11  5.75e-11  6.84e-11  7.41e-11  7.78e-11  8.32e-11  9.21e-11  1.13e-10  1.45e-10  1.66e-10
     56    12     1   2.78e-12  4.26e-12  4.74e-12  4.93e-12  4.75e-12  4.55e-12  4.37e-12  4.07e-12  3.67e-12  3.27e-12  2.94e-12  2.67e-12
     57    12     2   8.84e-12  1.28e-11  1.42e-11  1.53e-11  1.60e-11  1.60e-11  1.58e-11  1.56e-11  1.58e-11  1.60e-11  1.47e-11  1.33e-11
     58    12     3   1.60e-11  2.37e-11  2.62e-11  2.75e-11  2.72e-11  2.65e-11  2.60e-11  2.56e-11  2.55e-11  2.53e-11  2.34e-11  2.12e-11
     59    12     4   1.86e-11  2.97e-11  3.42e-11  3.72e-11  3.77e-11  3.73e-11  3.73e-11  3.77e-11  3.82e-11  3.73e-11  3.34e-11  3.03e-11
     60    12     5   2.30e-11  3.51e-11  3.99e-11  4.37e-11  4.69e-11  4.87e-11  4.98e-11  5.07e-11  5.04e-11  4.75e-11  4.22e-11  3.83e-11
     61    12     6   3.00e-11  4.63e-11  5.27e-11  5.75e-11  6.05e-11  6.16e-11  6.21e-11  6.22e-11  6.14e-11  5.84e-11  5.20e-11  4.67e-11
     62    12     7   3.57e-11  5.49e-11  6.27e-11  6.90e-11  7.21e-11  7.20e-11  7.14e-11  7.02e-11  6.84e-11  6.51e-11  5.93e-11  5.46e-11
     63    12     8   4.42e-11  6.82e-11  7.72e-11  8.35e-11  8.62e-11  8.61e-11  8.56e-11  8.43e-11  8.19e-11  7.76e-11  7.02e-11  6.44e-11
     64    12     9   4.30e-11  6.59e-11  7.48e-11  8.21e-11  8.68e-11  8.75e-11  8.73e-11  8.60e-11  8.30e-11  7.73e-11  7.12e-11  6.73e-11
     65    12    10   4.69e-11  7.11e-11  8.02e-11  8.69e-11  9.02e-11  9.08e-11  9.09e-11  9.11e-11  9.12e-11  8.95e-11  8.78e-11  8.81e-11
     66    12    11   1.73e-11  2.79e-11  3.36e-11  4.11e-11  5.22e-11  5.87e-11  6.33e-11  7.01e-11  8.09e-11  1.05e-10  1.39e-10  1.60e-10
     67    13     1   1.96e-12  2.91e-12  3.18e-12  3.30e-12  3.22e-12  3.07e-12  2.98e-12  2.92e-12  3.05e-12  3.31e-12  3.25e-12  3.08e-12
     68    13     2   6.67e-12  1.05e-11  1.20e-11  1.32e-11  1.37e-11  1.37e-11  1.37e-11  1.38e-11  1.40e-11  1.35e-11  1.25e-11  1.17e-11
     69    13     3   1.32e-11  2.02e-11  2.26e-11  2.39e-11  2.38e-11  2.32e-11  2.28e-11  2.24e-11  2.23e-11  2.18e-11  1.96e-11  1.77e-11
     70    13     4   1.59e-11  2.44e-11  2.76e-11  3.01e-11  3.21e-11  3.30e-11  3.34e-11  3.37e-11  3.39e-11  3.36e-11  3.14e-11  2.85e-11
     71    13     5   2.18e-11  3.24e-11  3.61e-11  3.88e-11  4.15e-11  4.31e-11  4.41e-11  4.53e-11  4.55e-11  4.29e-11  3.76e-11  3.36e-11
     72    13     6   2.77e-11  4.12e-11  4.63e-11  5.03e-11  5.16e-11  5.15e-11  5.17e-11  5.24e-11  5.28e-11  5.07e-11  4.58e-11  4.17e-11
     73    13     7   2.95e-11  4.52e-11  5.10e-11  5.58e-11  6.03e-11  6.22e-11  6.31e-11  6.36e-11  6.34e-11  6.06e-11  5.41e-11  4.90e-11
     74    13     8   3.49e-11  5.52e-11  6.34e-11  6.94e-11  7.11e-11  7.06e-11  7.01e-11  6.98e-11  6.95e-11  6.68e-11  6.12e-11  5.70e-11
     75    13     9   4.11e-11  6.25e-11  7.00e-11  7.51e-11  7.77e-11  7.78e-11  7.74e-11  7.62e-11  7.41e-11  7.09e-11  6.64e-11  6.23e-11
     76    13    10   4.17e-11  6.26e-11  7.07e-11  7.81e-11  8.43e-11  8.59e-11  8.63e-11  8.57e-11  8.38e-11  8.08e-11  7.66e-11  7.31e-11
     77    13    11   4.21e-11  6.40e-11  7.24e-11  7.91e-11  8.35e-11  8.46e-11  8.51e-11  8.56e-11  8.53e-11  8.38e-11  8.28e-11  8.21e-11
     78    13    12   1.22e-11  2.00e-11  2.45e-11  3.08e-11  4.09e-11  4.78e-11  5.32e-11  6.10e-11  7.26e-11  9.65e-11  1.29e-10  1.47e-10
     79    14     1   1.36e-12  2.24e-12  2.68e-12  3.08e-12  3.16e-12  2.95e-12  2.77e-12  2.62e-12  2.76e-12  3.13e-12  2.94e-12  2.58e-12
     80    14     2   6.12e-12  9.13e-12  1.02e-11  1.10e-11  1.13e-11  1.13e-11  1.13e-11  1.14e-11  1.13e-11  1.11e-11  1.02e-11  9.31e-12
     81    14     3   9.80e-12  1.42e-11  1.59e-11  1.74e-11  1.86e-11  1.91e-11  1.97e-11  2.06e-11  2.16e-11  2.15e-11  1.91e-11  1.69e-11
     82    14     4   1.32e-11  2.08e-11  2.40e-11  2.68e-11  2.83e-11  2.84e-11  2.86e-11  2.92e-11  3.02e-11  2.97e-11  2.64e-11  2.36e-11
     83    14     5   1.84e-11  2.71e-11  2.98e-11  3.13e-11  3.20e-11  3.26e-11  3.32e-11  3.44e-11  3.61e-11  3.74e-11  3.51e-11  3.18e-11
     84    14     6   2.23e-11  3.33e-11  3.70e-11  3.96e-11  4.19e-11  4.34e-11  4.48e-11  4.68e-11  4.83e-11  4.75e-11  4.34e-11  3.95e-11
     85    14     7   2.45e-11  3.76e-11  4.27e-11  4.71e-11  5.05e-11  5.19e-11  5.29e-11  5.40e-11  5.43e-11  5.22e-11  4.72e-11  4.29e-11
     86    14     8   2.83e-11  4.33e-11  4.92e-11  5.43e-11  5.84e-11  6.04e-11  6.16e-11  6.26e-11  6.22e-11  5.90e-11  5.42e-11  5.05e-11
     87    14     9   3.22e-11  5.00e-11  5.71e-11  6.29e-11  6.69e-11  6.75e-11  6.73e-11  6.66e-11  6.53e-11  6.30e-11  5.91e-11  5.51e-11
     88    14    10   4.01e-11  6.02e-11  6.71e-11  7.20e-11  7.50e-11  7.58e-11  7.60e-11  7.56e-11  7.37e-11  6.99e-11  6.47e-11  6.07e-11
     89    14    11   4.08e-11  6.31e-11  7.19e-11  7.86e-11  8.16e-11  8.11e-11  8.02e-11  7.85e-11  7.58e-11  7.22e-11  6.93e-11  6.72e-11
     90    14    12   3.97e-11  5.95e-11  6.69e-11  7.36e-11  7.94e-11  8.11e-11  8.14e-11  8.06e-11  7.84e-11  7.62e-11  7.61e-11  7.64e-11
     91    14    13   1.14e-11  1.82e-11  2.21e-11  2.74e-11  3.63e-11  4.27e-11  4.77e-11  5.59e-11  6.95e-11  9.58e-11  1.27e-10  1.44e-10
! COLLISION PARTNER
4   electrons   (Faure et al 2017) 
! NUMBER OF COLLISIONAL TRANSITIONS
76
! NUMBER OF TEMPERATURES
12
! TEMPERATURES
10.0      20.0      30.0      50.0     100.0     150.0     200.0     300.0     500.0    1000.0    2000.0    3000.0
! TRANS | UP  | LOW | RATE COEFFICIENT [cm^3/s]
      1     2     1   3.59e-06  2.54e-06  2.07e-06  1.61e-06  1.14e-06  9.35e-07  8.13e-07  6.74e-07  5.43e-07  4.13e-07  3.16e-07  2.72e-07
      2     3     1   8.34e-07  5.90e-07  4.82e-07  3.76e-07  2.67e-07  2.17e-07  1.87e-07  1.53e-07  1.20e-07  8.70e-08  6.36e-08  5.35e-08
      3     3     2   4.62e-06  3.26e-06  2.67e-06  2.07e-06  1.47e-06  1.20e-06  1.04e-06  8.61e-07  6.85e-07  5.10e-07  3.80e-07  3.23e-07
      4     4     1   2.74e-07  1.94e-07  1.58e-07  1.23e-07  8.70e-08  7.09e-08  6.12e-08  4.95e-08  3.75e-08  2.53e-08  1.73e-08  1.42e-08
      5     4     2   1.39e-06  9.86e-07  8.13e-07  6.45e-07  4.52e-07  3.64e-07  3.13e-07  2.55e-07  2.00e-07  1.45e-07  1.07e-07  9.12e-08
      6     4     3   4.66e-06  3.30e-06  2.69e-06  2.10e-06  1.49e-06  1.22e-06  1.06e-06  8.70e-07  6.92e-07  5.13e-07  3.80e-07  3.21e-07
      7     5     1   1.88e-07  1.33e-07  1.09e-07  8.55e-08  6.05e-08  4.89e-08  4.21e-08  3.40e-08  2.62e-08  1.92e-08  1.49e-08  1.31e-08
      8     5     2   3.66e-07  2.59e-07  2.11e-07  1.65e-07  1.17e-07  9.48e-08  8.15e-08  6.57e-08  4.97e-08  3.35e-08  2.30e-08  1.90e-08
      9     5     3   1.43e-06  1.01e-06  8.28e-07  6.42e-07  4.56e-07  3.72e-07  3.22e-07  2.64e-07  2.07e-07  1.50e-07  1.11e-07  9.38e-08
     10     5     4   4.72e-06  3.34e-06  2.73e-06  2.14e-06  1.52e-06  1.24e-06  1.07e-06  8.81e-07  7.00e-07  5.16e-07  3.80e-07  3.20e-07
     11     6     1   2.35e-10  1.66e-10  1.36e-10  1.06e-10  7.52e-11  6.09e-11  5.44e-11  5.45e-11  6.60e-11  7.28e-11  8.82e-11  1.34e-10
     12     6     2   2.57e-07  1.81e-07  1.48e-07  1.15e-07  8.19e-08  6.65e-08  5.72e-08  4.62e-08  3.56e-08  2.64e-08  2.06e-08  1.81e-08
     13     6     3   4.03e-07  2.85e-07  2.33e-07  1.80e-07  1.28e-07  1.04e-07  8.99e-08  7.28e-08  5.52e-08  3.73e-08  2.59e-08  2.14e-08
     14     6     4   1.50e-06  1.06e-06  8.66e-07  6.76e-07  4.81e-07  3.90e-07  3.37e-07  2.76e-07  2.17e-07  1.58e-07  1.16e-07  9.83e-08
     15     6     5   4.74e-06  3.36e-06  2.77e-06  2.20e-06  1.54e-06  1.25e-06  1.08e-06  8.87e-07  7.04e-07  5.17e-07  3.78e-07  3.17e-07
     16     7     1   1.30e-11  9.16e-12  7.50e-12  5.87e-12  4.18e-12  3.55e-12  3.39e-12  3.54e-12  3.69e-12  3.20e-12  5.07e-12  1.01e-11
     17     7     2   2.91e-10  2.06e-10  1.68e-10  1.31e-10  9.26e-11  7.76e-11  7.57e-11  8.89e-11  1.14e-10  1.17e-10  1.33e-10  1.98e-10
     18     7     3   2.93e-07  2.07e-07  1.69e-07  1.31e-07  9.31e-08  7.57e-08  6.50e-08  5.24e-08  4.06e-08  3.05e-08  2.39e-08  2.10e-08
     19     7     4   4.34e-07  3.07e-07  2.51e-07  1.96e-07  1.39e-07  1.13e-07  9.67e-08  7.80e-08  5.89e-08  3.98e-08  2.77e-08  2.30e-08
     20     7     5   1.55e-06  1.10e-06  9.08e-07  7.22e-07  5.05e-07  4.06e-07  3.49e-07  2.86e-07  2.25e-07  1.63e-07  1.20e-07  1.02e-07
     21     7     6   4.85e-06  3.43e-06  2.80e-06  2.17e-06  1.54e-06  1.26e-06  1.09e-06  8.98e-07  7.11e-07  5.19e-07  3.77e-07  3.15e-07
     22     8     1   1.84e-14  1.30e-14  1.07e-14  8.56e-15  1.05e-14  2.31e-14  3.75e-14  5.57e-14  6.15e-14  4.58e-14  9.59e-14  3.36e-13
     23     8     2   1.88e-11  1.33e-11  1.09e-11  8.51e-12  6.28e-12  5.94e-12  6.22e-12  6.71e-12  6.44e-12  4.97e-12  7.73e-12  1.51e-11
     24     8     3   2.49e-10  1.76e-10  1.44e-10  1.12e-10  8.10e-11  7.91e-11  9.29e-11  1.27e-10  1.60e-10  1.49e-10  1.64e-10  2.43e-10
     25     8     4   3.19e-07  2.26e-07  1.86e-07  1.47e-07  1.03e-07  8.24e-08  7.02e-08  5.62e-08  4.38e-08  3.34e-08  2.63e-08  2.31e-08
     26     8     5   4.45e-07  3.14e-07  2.57e-07  1.99e-07  1.41e-07  1.15e-07  9.93e-08  8.02e-08  6.06e-08  4.11e-08  2.88e-08  2.40e-08
     27     8     6   1.60e-06  1.13e-06  9.21e-07  7.15e-07  5.08e-07  4.14e-07  3.59e-07  2.94e-07  2.32e-07  1.68e-07  1.23e-07  1.05e-07
     28     8     7   4.84e-06  3.42e-06  2.79e-06  2.17e-06  1.54e-06  1.26e-06  1.09e-06  8.97e-07  7.11e-07  5.18e-07  3.75e-07  3.13e-07
     29     9     1   9.66e-14  6.83e-14  5.58e-14  4.33e-14  3.14e-14  2.75e-14  2.58e-14  2.42e-14  2.19e-14  1.76e-14  1.46e-14  2.54e-14
     30     9     2   3.88e-12  2.74e-12  2.24e-12  1.74e-12  1.22e-12  9.64e-13  7.91e-13  5.69e-13  3.47e-13  1.61e-13  1.84e-13  5.37e-13
     31     9     3   2.79e-11  1.97e-11  1.61e-11  1.28e-11  1.22e-11  1.43e-11  1.55e-11  1.54e-11  1.25e-11  7.97e-12  1.05e-11  1.94e-11
     32     9     4   8.41e-11  5.94e-11  4.85e-11  3.80e-11  5.51e-11  1.20e-10  1.83e-10  2.57e-10  2.78e-10  2.17e-10  2.08e-10  2.90e-10
     33     9     5   3.26e-07  2.31e-07  1.88e-07  1.47e-07  1.04e-07  8.33e-08  7.09e-08  5.72e-08  4.58e-08  3.58e-08  2.83e-08  2.48e-08
     34     9     6   4.61e-07  3.26e-07  2.66e-07  2.08e-07  1.48e-07  1.20e-07  1.03e-07  8.25e-08  6.21e-08  4.21e-08  2.96e-08  2.47e-08
     35     9     7   1.62e-06  1.15e-06  9.39e-07  7.33e-07  5.21e-07  4.23e-07  3.66e-07  3.01e-07  2.37e-07  1.72e-07  1.26e-07  1.07e-07
     36     9     8   4.82e-06  3.41e-06  2.78e-06  2.16e-06  1.54e-06  1.25e-06  1.09e-06  8.95e-07  7.09e-07  5.16e-07  3.72e-07  3.10e-07
     37    10     2   3.43e-13  2.42e-13  1.98e-13  1.55e-13  1.10e-13  8.81e-14  7.52e-14  5.99e-14  4.50e-14  3.05e-14  2.29e-14  3.94e-14
     38    10     3   1.02e-12  7.21e-13  5.89e-13  4.57e-13  3.22e-13  2.53e-13  2.09e-13  1.53e-13  9.84e-14  5.41e-14  1.83e-13  6.62e-13
     39    10     4   2.82e-10  2.00e-10  1.64e-10  1.28e-10  8.75e-11  6.50e-11  5.08e-11  3.46e-11  2.04e-11  1.03e-11  1.28e-11  2.31e-11
     40    10     5   7.07e-09  5.00e-09  4.08e-09  3.16e-09  2.23e-09  1.79e-09  1.49e-09  1.12e-09  7.41e-10  3.93e-10  2.85e-10  3.52e-10
     41    10     6   2.98e-07  2.11e-07  1.72e-07  1.33e-07  9.39e-08  7.50e-08  6.40e-08  5.26e-08  4.39e-08  3.60e-08  2.91e-08  2.57e-08
     42    10     7   4.65e-07  3.29e-07  2.69e-07  2.08e-07  1.48e-07  1.20e-07  1.04e-07  8.33e-08  6.28e-08  4.27e-08  3.02e-08  2.53e-08
     43    10     8   1.65e-06  1.17e-06  9.71e-07  7.74e-07  5.38e-07  4.32e-07  3.73e-07  3.06e-07  2.41e-07  1.75e-07  1.28e-07  1.09e-07
     44    10     9   4.79e-06  3.39e-06  2.77e-06  2.16e-06  1.54e-06  1.25e-06  1.08e-06  8.93e-07  7.08e-07  5.14e-07  3.69e-07  3.07e-07
     45    11     3   3.61e-13  2.57e-13  2.15e-13  1.72e-13  1.18e-13  9.43e-14  8.07e-14  6.52e-14  4.99e-14  3.47e-14  2.72e-14  4.96e-14
     46    11     4   4.62e-13  3.27e-13  2.67e-13  2.08e-13  1.47e-13  1.17e-13  9.89e-14  7.62e-14  5.28e-14  3.62e-14  2.20e-13  8.00e-13
     47    11     5   6.74e-11  4.77e-11  3.92e-11  3.08e-11  2.13e-11  1.64e-11  1.35e-11  1.01e-11  7.02e-12  5.24e-12  1.25e-11  2.52e-11
     48    11     6   7.41e-09  5.25e-09  4.35e-09  3.45e-09  2.33e-09  1.76e-09  1.41e-09  1.01e-09  6.43e-10  3.39e-10  2.75e-10  3.65e-10
     49    11     7   3.07e-07  2.18e-07  1.80e-07  1.42e-07  9.59e-08  7.37e-08  6.26e-08  5.30e-08  4.60e-08  3.82e-08  3.07e-08  2.70e-08
     50    11     8   4.75e-07  3.36e-07  2.75e-07  2.15e-07  1.53e-07  1.23e-07  1.05e-07  8.42e-08  6.32e-08  4.30e-08  3.06e-08  2.58e-08
     51    11     9   1.68e-06  1.19e-06  9.69e-07  7.53e-07  5.35e-07  4.37e-07  3.79e-07  3.12e-07  2.46e-07  1.78e-07  1.30e-07  1.10e-07
     52    11    10   4.77e-06  3.37e-06  2.76e-06  2.17e-06  1.54e-06  1.25e-06  1.08e-06  8.90e-07  7.06e-07  5.12e-07  3.67e-07  3.04e-07
     53    12     4   3.99e-13  2.82e-13  2.30e-13  1.79e-13  1.27e-13  1.03e-13  8.88e-14  7.18e-14  5.49e-14  3.82e-14  3.06e-14  5.90e-14
     54    12     5   3.75e-13  2.65e-13  2.17e-13  1.70e-13  1.21e-13  9.82e-14  8.37e-14  6.54e-14  4.61e-14  3.57e-14  2.67e-13  9.43e-13
     55    12     6   4.15e-11  2.93e-11  2.41e-11  1.90e-11  1.34e-11  1.07e-11  9.13e-12  7.31e-12  5.57e-12  5.01e-12  1.42e-11  2.84e-11
     56    12     7   4.26e-09  3.01e-09  2.47e-09  1.95e-09  1.35e-09  1.04e-09  8.47e-10  6.28e-10  4.21e-10  2.45e-10  2.53e-10  3.71e-10
     57    12     8   9.10e-08  6.43e-08  5.26e-08  4.12e-08  3.45e-08  3.80e-08  4.22e-08  4.68e-08  4.74e-08  4.09e-08  3.26e-08  2.84e-08
     58    12     9   4.80e-07  3.39e-07  2.77e-07  2.15e-07  1.52e-07  1.23e-07  1.05e-07  8.34e-08  6.25e-08  4.28e-08  3.08e-08  2.60e-08
     59    12    10   1.69e-06  1.20e-06  9.80e-07  7.67e-07  5.45e-07  4.43e-07  3.84e-07  3.17e-07  2.50e-07  1.81e-07  1.32e-07  1.12e-07
     60    12    11   4.74e-06  3.36e-06  2.78e-06  2.21e-06  1.55e-06  1.25e-06  1.08e-06  8.88e-07  7.04e-07  5.09e-07  3.64e-07  3.02e-07
     61    13     5   1.97e-13  1.39e-13  1.14e-13  8.83e-14  6.40e-14  5.61e-14  5.26e-14  4.93e-14  4.47e-14  3.59e-14  2.98e-14  5.18e-14
     62    13     6   3.88e-14  2.74e-14  2.26e-14  1.81e-14  2.22e-14  4.88e-14  7.92e-14  1.18e-13  1.30e-13  9.67e-14  2.02e-13  7.09e-13
     63    13     7   2.79e-11  1.96e-11  1.61e-11  1.26e-11  8.96e-12  7.61e-12  7.27e-12  7.59e-12  7.91e-12  6.85e-12  1.08e-11  2.16e-11
     64    13     8   4.96e-10  3.50e-10  2.87e-10  2.24e-10  1.59e-10  1.29e-10  1.15e-10  1.15e-10  1.39e-10  1.54e-10  1.86e-10  2.83e-10
     65    13     9   3.83e-07  2.71e-07  2.22e-07  1.74e-07  1.23e-07  9.97e-08  8.58e-08  6.93e-08  5.34e-08  3.92e-08  3.04e-08  2.67e-08
     66    13    10   5.24e-07  3.71e-07  3.02e-07  2.35e-07  1.67e-07  1.36e-07  1.17e-07  9.48e-08  7.18e-08  4.85e-08  3.32e-08  2.73e-08
     67    13    11   1.68e-06  1.19e-06  9.73e-07  7.59e-07  5.39e-07  4.38e-07  3.77e-07  3.08e-07  2.41e-07  1.75e-07  1.29e-07  1.09e-07
     68    13    12   5.52e-06  3.90e-06  3.18e-06  2.47e-06  1.75e-06  1.44e-06  1.25e-06  1.03e-06  8.30e-07  6.27e-07  4.77e-07  4.10e-07
     69    14     6   2.09e-13  1.48e-13  1.21e-13  9.35e-14  6.78e-14  5.94e-14  5.57e-14  5.23e-14  4.73e-14  3.80e-14  3.15e-14  5.49e-14
     70    14     7   4.05e-14  2.86e-14  2.36e-14  1.88e-14  2.31e-14  5.09e-14  8.26e-14  1.23e-13  1.35e-13  1.01e-13  2.11e-13  7.40e-13
     71    14     8   2.88e-11  2.03e-11  1.66e-11  1.30e-11  9.25e-12  7.86e-12  7.50e-12  7.83e-12  8.16e-12  7.07e-12  1.12e-11  2.23e-11
     72    14     9   5.08e-10  3.59e-10  2.94e-10  2.29e-10  1.62e-10  1.32e-10  1.18e-10  1.18e-10  1.43e-10  1.57e-10  1.91e-10  2.90e-10
     73    14    10   3.90e-07  2.76e-07  2.26e-07  1.77e-07  1.25e-07  1.01e-07  8.73e-08  7.05e-08  5.43e-08  3.98e-08  3.09e-08  2.72e-08
     74    14    11   5.30e-07  3.75e-07  3.06e-07  2.38e-07  1.68e-07  1.37e-07  1.18e-07  9.58e-08  7.26e-08  4.90e-08  3.36e-08  2.76e-08
     75    14    12   1.69e-06  1.20e-06  9.79e-07  7.64e-07  5.42e-07  4.40e-07  3.79e-07  3.10e-07  2.42e-07  1.76e-07  1.30e-07  1.10e-07
     76    14    13   5.53e-06  3.92e-06  3.19e-06  2.48e-06  1.76e-06  1.44e-06  1.25e-06  1.04e-06  8.32e-07  6.29e-07  4.79e-07  4.11e-07