!Molecule
HCN                                                                     
!Molecular weight
27.0
!Number of energy levels
26
!LEVEL + ENERGIES(cm^-1) + WEIGHT + J (or other quantum numbers)
    1     0.000000000   3.0  " 00 " 
    2     2.956432019   9.0  " 01 " 
    3     8.869194217  15.0  " 02 " 
    4    17.738216775  21.0  " 03 " 
    5    29.563229878  27.0  " 04 " 
    6    44.344063714  33.0  " 05 " 
    7    62.080148249  39.0  " 06 " 
    8    82.771314324  45.0  " 07 " 
    9   106.416891681  51.0  " 08 " 
   10   133.016410462  57.0  " 09 " 
   11   162.569201322  63.0  " 10 " 
   12   195.074594108  69.0  " 11 " 
   13   230.531819174  75.0  " 12 " 
   14   268.940007321  81.0  " 13 " 
   15   310.298288636  87.0  " 14 " 
   16   354.605693200  93.0  " 15 " 
   17   401.861151606  99.0  " 16 " 
   18   452.063594291 105.0  " 17 " 
   19   505.211751709 111.0  " 18 " 
   20   561.304354362 117.0  " 19 " 
   21   620.340233250 123.0  " 20 "  
   22   682.317817229 129.0  " 21 "  
   23   747.235739997 135.0  " 22 " 
   24   815.092428607 141.0  " 23 " 
   25   885.886416270 147.0  " 24 " 
   26   959.615833010 153.0  " 25 " 
!Number of radiative transitions
          25
!TRANS + U + L + A(s^-1) + FREQ(GHz) + E_u/k(K)
     1     2     1  2.407E-05          88.63160220     4.25  
     2     3     2  2.311E-04         177.26111120    12.76  
     3     4     3  8.356E-04         265.88643390    25.52   
     4     5     4  2.054E-03         354.50547730    42.53   
     5     6     5  4.102E-03         443.11614850    63.80  
     6     7     6  7.197E-03         531.71634790    89.32   
     7     8     7  1.155E-02         620.30400220   119.09 
     8     9     8  1.739E-02         708.87700510   153.11  
     9    10     9  2.492E-02         797.43326230   191.38  
    10    11    10  3.435E-02         885.97069490   233.90  
    11    12    11  4.591E-02         974.48719980   280.67   
    12    13    12  5.980E-02        1062.98068900   331.68  
    13    14    13  7.625E-02        1151.44908800   386.94   
    14    15    14  9.546E-02        1239.89030090   446.45  
    15    16    15  1.176E-01        1328.30223150   510.20    
    16    17    16  1.430E-01        1416.68279910   578.19  
    17    18    17  1.718E-01        1505.02991820   650.42  
    18    19    18  2.041E-01        1593.34150390   726.89  
    19    20    19  2.403E-01        1681.61547270   807.59  
    20    21    20  2.805E-01        1769.84975600   892.53   
    21    22    21  3.249E-01        1858.04222100   981.70  
    22    23    22  3.738E-01        1946.19088000  1075.10  
    23    24    23  4.273E-01        2034.29354610  1172.73   
    24    25    24  4.857E-01        2122.34821700  1274.59  
    25    26    25  5.491E-01        2210.35279490  1380.67  
!Number of collision partners
 2
!COLLISIONS BETWEEN
1 HCN-H2: scaled (*1.363) HCN-He rates from Dumouchel et al. (2010)
!NUMBER OF COLL TRANS
325
!NUMBER OF COLL TEMPS
 25
! COLLISION TEMPERATURES
     5.0    10.0    20.0    30.0    40.0    50.0    60.0    70.0    80.0    90.0   100.0   120.0   140.0   160.0   180.0   200.0   220.0   240.0   260.0   280.0   300.0   350.0   400.0   450.0   500.0
! TRANS + UP + LOW + RATE COEFFS(cm^3 s^-1)
    1   2   1  2.31E-11  2.39E-11  1.92E-11  1.59E-11  1.38E-11  1.23E-11  1.13E-11  1.05E-11  9.91E-12  9.43E-12  9.04E-12  8.43E-12  7.98E-12  7.64E-12  7.37E-12  7.15E-12  6.97E-12  6.82E-12  6.69E-12  6.58E-12  6.48E-12  6.30E-12  6.16E-12  6.07E-12  5.99E-12
    2   3   1  2.02E-11  2.41E-11  2.80E-11  3.07E-11  3.28E-11  3.45E-11  3.59E-11  3.70E-11  3.79E-11  3.86E-11  3.93E-11  4.03E-11  4.11E-11  4.18E-11  4.24E-11  4.29E-11  4.34E-11  4.38E-11  4.42E-11  4.46E-11  4.49E-11  4.58E-11  4.66E-11  4.73E-11  4.80E-11
    3   3   2  2.02E-11  2.24E-11  2.03E-11  1.80E-11  1.63E-11  1.52E-11  1.43E-11  1.37E-11  1.33E-11  1.29E-11  1.27E-11  1.23E-11  1.21E-11  1.19E-11  1.18E-11  1.18E-11  1.17E-11  1.17E-11  1.16E-11  1.16E-11  1.16E-11  1.16E-11  1.16E-11  1.17E-11  1.17E-11
    4   4   1  4.13E-13  6.05E-13  7.02E-13  7.45E-13  8.03E-13  8.77E-13  9.62E-13  1.05E-12  1.14E-12  1.23E-12  1.31E-12  1.46E-12  1.60E-12  1.72E-12  1.82E-12  1.91E-12  1.99E-12  2.06E-12  2.12E-12  2.18E-12  2.23E-12  2.34E-12  2.43E-12  2.51E-12  2.58E-12
    5   4   2  3.79E-11  4.19E-11  4.71E-11  5.12E-11  5.46E-11  5.75E-11  6.00E-11  6.22E-11  6.40E-11  6.57E-11  6.71E-11  6.96E-11  7.16E-11  7.33E-11  7.48E-11  7.61E-11  7.73E-11  7.84E-11  7.94E-11  8.03E-11  8.12E-11  8.32E-11  8.50E-11  8.66E-11  8.81E-11
    6   4   3  8.93E-12  1.14E-11  1.23E-11  1.23E-11  1.21E-11  1.20E-11  1.20E-11  1.21E-11  1.21E-11  1.22E-11  1.23E-11  1.26E-11  1.28E-11  1.31E-11  1.33E-11  1.35E-11  1.37E-11  1.38E-11  1.40E-11  1.41E-11  1.42E-11  1.45E-11  1.48E-11  1.50E-11  1.52E-11
    7   5   1  2.46E-12  2.90E-12  3.71E-12  4.54E-12  5.35E-12  6.10E-12  6.79E-12  7.41E-12  7.98E-12  8.48E-12  8.95E-12  9.76E-12  1.04E-11  1.10E-11  1.15E-11  1.20E-11  1.23E-11  1.27E-11  1.30E-11  1.33E-11  1.36E-11  1.41E-11  1.46E-11  1.50E-11  1.54E-11
    8   5   2  3.13E-13  4.66E-13  7.24E-13  9.76E-13  1.24E-12  1.52E-12  1.81E-12  2.09E-12  2.37E-12  2.63E-12  2.88E-12  3.33E-12  3.73E-12  4.08E-12  4.39E-12  4.66E-12  4.89E-12  5.10E-12  5.29E-12  5.45E-12  5.60E-12  5.93E-12  6.19E-12  6.42E-12  6.61E-12
    9   5   3  5.55E-11  5.77E-11  6.07E-11  6.36E-11  6.64E-11  6.89E-11  7.12E-11  7.33E-11  7.51E-11  7.68E-11  7.83E-11  8.10E-11  8.34E-11  8.54E-11  8.72E-11  8.89E-11  9.04E-11  9.18E-11  9.31E-11  9.44E-11  9.55E-11  9.82E-11  1.01E-10  1.03E-10  1.05E-10
   10   5   4  4.82E-12  6.60E-12  8.01E-12  8.69E-12  9.18E-12  9.61E-12  1.00E-11  1.04E-11  1.08E-11  1.11E-11  1.15E-11  1.22E-11  1.28E-11  1.33E-11  1.38E-11  1.42E-11  1.46E-11  1.50E-11  1.53E-11  1.56E-11  1.59E-11  1.64E-11  1.69E-11  1.73E-11  1.77E-11
   11   6   1  6.92E-14  9.09E-14  1.44E-13  2.10E-13  2.85E-13  3.66E-13  4.50E-13  5.34E-13  6.15E-13  6.94E-13  7.70E-13  9.09E-13  1.03E-12  1.14E-12  1.24E-12  1.32E-12  1.39E-12  1.46E-12  1.52E-12  1.57E-12  1.62E-12  1.72E-12  1.80E-12  1.87E-12  1.93E-12
   12   6   2  6.31E-12  6.99E-12  8.31E-12  9.70E-12  1.11E-11  1.24E-11  1.37E-11  1.49E-11  1.60E-11  1.70E-11  1.79E-11  1.95E-11  2.10E-11  2.22E-11  2.33E-11  2.43E-11  2.52E-11  2.60E-11  2.68E-11  2.75E-11  2.81E-11  2.95E-11  3.07E-11  3.17E-11  3.26E-11
   13   6   3  4.11E-13  5.45E-13  8.15E-13  1.13E-12  1.48E-12  1.87E-12  2.26E-12  2.65E-12  3.04E-12  3.42E-12  3.78E-12  4.46E-12  5.06E-12  5.60E-12  6.08E-12  6.51E-12  6.88E-12  7.22E-12  7.53E-12  7.80E-12  8.05E-12  8.59E-12  9.03E-12  9.40E-12  9.71E-12
   14   6   4  7.14E-11  7.29E-11  7.37E-11  7.50E-11  7.66E-11  7.82E-11  7.98E-11  8.14E-11  8.28E-11  8.42E-11  8.55E-11  8.79E-11  9.00E-11  9.20E-11  9.38E-11  9.55E-11  9.70E-11  9.85E-11  9.99E-11  1.01E-10  1.03E-10  1.05E-10  1.08E-10  1.11E-10  1.13E-10
   15   6   5  2.84E-12  4.23E-12  5.69E-12  6.63E-12  7.37E-12  8.03E-12  8.63E-12  9.20E-12  9.73E-12  1.02E-11  1.07E-11  1.16E-11  1.24E-11  1.31E-11  1.38E-11  1.44E-11  1.49E-11  1.54E-11  1.59E-11  1.63E-11  1.67E-11  1.75E-11  1.82E-11  1.88E-11  1.93E-11
   16   7   1  6.30E-13  7.27E-13  9.42E-13  1.20E-12  1.47E-12  1.75E-12  2.02E-12  2.28E-12  2.52E-12  2.76E-12  2.98E-12  3.39E-12  3.75E-12  4.09E-12  4.39E-12  4.66E-12  4.91E-12  5.14E-12  5.35E-12  5.55E-12  5.73E-12  6.13E-12  6.47E-12  6.77E-12  7.02E-12
   17   7   2  2.09E-13  2.55E-13  3.70E-13  5.16E-13  6.88E-13  8.78E-13  1.08E-12  1.28E-12  1.49E-12  1.69E-12  1.88E-12  2.25E-12  2.59E-12  2.89E-12  3.16E-12  3.40E-12  3.62E-12  3.81E-12  3.98E-12  4.14E-12  4.28E-12  4.58E-12  4.83E-12  5.03E-12  5.20E-12
   18   7   3  1.05E-11  1.13E-11  1.26E-11  1.41E-11  1.56E-11  1.70E-11  1.83E-11  1.96E-11  2.08E-11  2.19E-11  2.29E-11  2.48E-11  2.64E-11  2.79E-11  2.93E-11  3.05E-11  3.16E-11  3.26E-11  3.35E-11  3.44E-11  3.52E-11  3.71E-11  3.87E-11  4.01E-11  4.13E-11
   19   7   4  6.20E-13  7.82E-13  1.09E-12  1.43E-12  1.82E-12  2.25E-12  2.68E-12  3.12E-12  3.56E-12  3.99E-12  4.41E-12  5.19E-12  5.91E-12  6.56E-12  7.15E-12  7.68E-12  8.16E-12  8.60E-12  8.99E-12  9.35E-12  9.68E-12  1.04E-11  1.10E-11  1.15E-11  1.19E-11
   20   7   5  8.24E-11  8.46E-11  8.45E-11  8.47E-11  8.53E-11  8.61E-11  8.71E-11  8.81E-11  8.91E-11  9.01E-11  9.11E-11  9.30E-11  9.48E-11  9.65E-11  9.81E-11  9.97E-11  1.01E-10  1.03E-10  1.04E-10  1.05E-10  1.07E-10  1.10E-10  1.12E-10  1.15E-10  1.17E-10
   21   7   6  1.99E-12  3.06E-12  4.46E-12  5.47E-12  6.31E-12  7.06E-12  7.75E-12  8.40E-12  9.01E-12  9.58E-12  1.01E-11  1.11E-11  1.21E-11  1.29E-11  1.36E-11  1.43E-11  1.50E-11  1.55E-11  1.61E-11  1.66E-11  1.70E-11  1.80E-11  1.89E-11  1.96E-11  2.03E-11
   22   8   1  4.19E-14  5.22E-14  7.92E-14  1.16E-13  1.61E-13  2.12E-13  2.68E-13  3.27E-13  3.87E-13  4.47E-13  5.06E-13  6.19E-13  7.24E-13  8.20E-13  9.07E-13  9.85E-13  1.05E-12  1.12E-12  1.18E-12  1.23E-12  1.27E-12  1.37E-12  1.45E-12  1.52E-12  1.58E-12
   23   8   2  1.58E-12  1.77E-12  2.19E-12  2.68E-12  3.21E-12  3.76E-12  4.30E-12  4.83E-12  5.34E-12  5.82E-12  6.28E-12  7.14E-12  7.93E-12  8.65E-12  9.31E-12  9.93E-12  1.05E-11  1.10E-11  1.15E-11  1.20E-11  1.24E-11  1.34E-11  1.42E-11  1.50E-11  1.56E-11
   24   8   3  4.00E-13  4.67E-13  6.23E-13  8.17E-13  1.04E-12  1.29E-12  1.56E-12  1.83E-12  2.10E-12  2.37E-12  2.64E-12  3.15E-12  3.63E-12  4.06E-12  4.46E-12  4.82E-12  5.14E-12  5.44E-12  5.71E-12  5.95E-12  6.17E-12  6.66E-12  7.06E-12  7.39E-12  7.67E-12
   25   8   4  1.47E-11  1.56E-11  1.70E-11  1.84E-11  1.98E-11  2.11E-11  2.24E-11  2.36E-11  2.47E-11  2.58E-11  2.68E-11  2.86E-11  3.03E-11  3.18E-11  3.31E-11  3.44E-11  3.55E-11  3.66E-11  3.76E-11  3.85E-11  3.94E-11  4.14E-11  4.32E-11  4.48E-11  4.62E-11
   26   8   5  1.01E-12  1.18E-12  1.52E-12  1.89E-12  2.30E-12  2.73E-12  3.18E-12  3.63E-12  4.09E-12  4.53E-12  4.97E-12  5.80E-12  6.57E-12  7.27E-12  7.92E-12  8.51E-12  9.05E-12  9.54E-12  1.00E-11  1.04E-11  1.08E-11  1.17E-11  1.24E-11  1.30E-11  1.35E-11
   27   8   6  8.81E-11  9.15E-11  9.17E-11  9.17E-11  9.19E-11  9.23E-11  9.28E-11  9.34E-11  9.41E-11  9.48E-11  9.55E-11  9.70E-11  9.85E-11  1.00E-10  1.01E-10  1.03E-10  1.04E-10  1.05E-10  1.07E-10  1.08E-10  1.09E-10  1.12E-10  1.15E-10  1.18E-10  1.20E-10
   28   8   7  1.82E-12  2.66E-12  3.95E-12  4.95E-12  5.81E-12  6.59E-12  7.31E-12  7.99E-12  8.62E-12  9.22E-12  9.79E-12  1.08E-11  1.18E-11  1.27E-11  1.35E-11  1.42E-11  1.49E-11  1.55E-11  1.61E-11  1.67E-11  1.72E-11  1.83E-11  1.93E-11  2.01E-11  2.08E-11
   29   9   1  1.82E-13  2.08E-13  2.74E-13  3.61E-13  4.63E-13  5.72E-13  6.86E-13  7.99E-13  9.11E-13  1.02E-12  1.13E-12  1.33E-12  1.51E-12  1.69E-12  1.86E-12  2.01E-12  2.16E-12  2.30E-12  2.43E-12  2.55E-12  2.67E-12  2.94E-12  3.18E-12  3.40E-12  3.58E-12
   30   9   2  1.33E-13  1.58E-13  2.22E-13  3.08E-13  4.14E-13  5.36E-13  6.69E-13  8.10E-13  9.54E-13  1.10E-12  1.25E-12  1.53E-12  1.80E-12  2.05E-12  2.28E-12  2.49E-12  2.68E-12  2.85E-12  3.01E-12  3.15E-12  3.29E-12  3.57E-12  3.81E-12  4.01E-12  4.17E-12
   31   9   3  2.65E-12  2.89E-12  3.40E-12  4.00E-12  4.64E-12  5.29E-12  5.93E-12  6.56E-12  7.16E-12  7.74E-12  8.30E-12  9.34E-12  1.03E-11  1.12E-11  1.20E-11  1.28E-11  1.35E-11  1.42E-11  1.48E-11  1.54E-11  1.60E-11  1.73E-11  1.84E-11  1.95E-11  2.04E-11
   32   9   4  6.67E-13  7.51E-13  9.36E-13  1.16E-12  1.42E-12  1.70E-12  2.00E-12  2.31E-12  2.62E-12  2.93E-12  3.24E-12  3.83E-12  4.39E-12  4.91E-12  5.39E-12  5.82E-12  6.22E-12  6.59E-12  6.93E-12  7.24E-12  7.53E-12  8.15E-12  8.68E-12  9.12E-12  9.50E-12
   33   9   5  1.88E-11  1.97E-11  2.10E-11  2.23E-11  2.36E-11  2.49E-11  2.61E-11  2.72E-11  2.82E-11  2.92E-11  3.01E-11  3.18E-11  3.34E-11  3.48E-11  3.61E-11  3.73E-11  3.85E-11  3.95E-11  4.05E-11  4.14E-11  4.23E-11  4.44E-11  4.62E-11  4.78E-11  4.93E-11
   34   9   6  1.63E-12  1.80E-12  2.14E-12  2.53E-12  2.94E-12  3.37E-12  3.81E-12  4.26E-12  4.70E-12  5.14E-12  5.57E-12  6.40E-12  7.17E-12  7.89E-12  8.55E-12  9.16E-12  9.73E-12  1.03E-11  1.07E-11  1.12E-11  1.16E-11  1.25E-11  1.33E-11  1.40E-11  1.47E-11
   35   9   7  9.12E-11  9.52E-11  9.59E-11  9.60E-11  9.62E-11  9.65E-11  9.68E-11  9.73E-11  9.78E-11  9.83E-11  9.89E-11  1.00E-10  1.01E-10  1.03E-10  1.04E-10  1.05E-10  1.06E-10  1.08E-10  1.09E-10  1.10E-10  1.11E-10  1.14E-10  1.17E-10  1.19E-10  1.22E-10
   36   9   8  2.27E-12  2.87E-12  3.99E-12  4.92E-12  5.75E-12  6.52E-12  7.24E-12  7.91E-12  8.54E-12  9.14E-12  9.71E-12  1.08E-11  1.17E-11  1.26E-11  1.34E-11  1.42E-11  1.49E-11  1.55E-11  1.61E-11  1.67E-11  1.72E-11  1.84E-11  1.95E-11  2.04E-11  2.12E-11
   37  10   1  2.52E-14  3.04E-14  4.45E-14  6.46E-14  9.04E-14  1.21E-13  1.55E-13  1.92E-13  2.32E-13  2.72E-13  3.13E-13  3.94E-13  4.73E-13  5.47E-13  6.17E-13  6.82E-13  7.41E-13  7.96E-13  8.47E-13  8.94E-13  9.37E-13  1.03E-12  1.11E-12  1.18E-12  1.23E-12
   38  10   2  4.37E-13  4.97E-13  6.36E-13  8.16E-13  1.02E-12  1.25E-12  1.49E-12  1.73E-12  1.97E-12  2.20E-12  2.43E-12  2.87E-12  3.28E-12  3.67E-12  4.04E-12  4.39E-12  4.73E-12  5.05E-12  5.36E-12  5.65E-12  5.93E-12  6.58E-12  7.16E-12  7.69E-12  8.16E-12
   39  10   3  2.47E-13  2.86E-13  3.77E-13  4.97E-13  6.42E-13  8.07E-13  9.87E-13  1.18E-12  1.37E-12  1.58E-12  1.78E-12  2.17E-12  2.55E-12  2.90E-12  3.23E-12  3.54E-12  3.82E-12  4.08E-12  4.32E-12  4.54E-12  4.74E-12  5.19E-12  5.56E-12  5.87E-12  6.14E-12
   40  10   4  3.72E-12  4.06E-12  4.67E-12  5.36E-12  6.07E-12  6.77E-12  7.45E-12  8.11E-12  8.75E-12  9.36E-12  9.95E-12  1.11E-11  1.21E-11  1.30E-11  1.39E-11  1.48E-11  1.55E-11  1.63E-11  1.70E-11  1.77E-11  1.83E-11  1.97E-11  2.10E-11  2.22E-11  2.32E-11
   41  10   5  1.00E-12  1.11E-12  1.33E-12  1.59E-12  1.88E-12  2.18E-12  2.50E-12  2.82E-12  3.15E-12  3.48E-12  3.80E-12  4.43E-12  5.03E-12  5.59E-12  6.11E-12  6.59E-12  7.04E-12  7.45E-12  7.83E-12  8.19E-12  8.52E-12  9.25E-12  9.87E-12  1.04E-11  1.09E-11
   42  10   6  2.12E-11  2.25E-11  2.40E-11  2.55E-11  2.68E-11  2.80E-11  2.92E-11  3.02E-11  3.12E-11  3.21E-11  3.30E-11  3.46E-11  3.60E-11  3.74E-11  3.86E-11  3.98E-11  4.08E-11  4.19E-11  4.28E-11  4.37E-11  4.46E-11  4.66E-11  4.84E-11  5.00E-11  5.15E-11
   43  10   7  2.40E-12  2.58E-12  2.93E-12  3.32E-12  3.73E-12  4.16E-12  4.60E-12  5.03E-12  5.46E-12  5.88E-12  6.30E-12  7.09E-12  7.83E-12  8.53E-12  9.17E-12  9.78E-12  1.03E-11  1.09E-11  1.14E-11  1.18E-11  1.23E-11  1.32E-11  1.41E-11  1.48E-11  1.55E-11
   44  10   8  8.70E-11  9.33E-11  9.59E-11  9.70E-11  9.77E-11  9.83E-11  9.88E-11  9.93E-11  9.99E-11  1.00E-10  1.01E-10  1.02E-10  1.03E-10  1.04E-10  1.06E-10  1.07E-10  1.08E-10  1.09E-10  1.10E-10  1.12E-10  1.13E-10  1.15E-10  1.18E-10  1.21E-10  1.23E-10
   45  10   9  2.94E-12  3.42E-12  4.38E-12  5.24E-12  6.02E-12  6.76E-12  7.45E-12  8.11E-12  8.73E-12  9.32E-12  9.88E-12  1.09E-11  1.19E-11  1.27E-11  1.35E-11  1.43E-11  1.50E-11  1.56E-11  1.62E-11  1.68E-11  1.73E-11  1.85E-11  1.96E-11  2.06E-11  2.14E-11
   46  11   1  4.92E-14  5.70E-14  7.80E-14  1.08E-13  1.46E-13  1.90E-13  2.39E-13  2.90E-13  3.42E-13  3.95E-13  4.48E-13  5.50E-13  6.49E-13  7.43E-13  8.32E-13  9.19E-13  1.00E-12  1.08E-12  1.16E-12  1.24E-12  1.31E-12  1.48E-12  1.64E-12  1.79E-12  1.92E-12
   47  11   2  6.94E-14  8.12E-14  1.13E-13  1.60E-13  2.20E-13  2.92E-13  3.74E-13  4.64E-13  5.60E-13  6.59E-13  7.61E-13  9.67E-13  1.17E-12  1.36E-12  1.55E-12  1.72E-12  1.88E-12  2.03E-12  2.16E-12  2.29E-12  2.41E-12  2.68E-12  2.90E-12  3.09E-12  3.25E-12
   48  11   3  7.55E-13  8.29E-13  1.01E-12  1.25E-12  1.51E-12  1.80E-12  2.10E-12  2.40E-12  2.69E-12  2.99E-12  3.27E-12  3.83E-12  4.35E-12  4.85E-12  5.32E-12  5.78E-12  6.21E-12  6.63E-12  7.03E-12  7.41E-12  7.78E-12  8.65E-12  9.44E-12  1.02E-11  1.08E-11
   49  11   4  4.24E-13  4.71E-13  5.84E-13  7.31E-13  9.05E-13  1.10E-12  1.31E-12  1.53E-12  1.76E-12  1.99E-12  2.22E-12  2.68E-12  3.12E-12  3.54E-12  3.94E-12  4.31E-12  4.65E-12  4.97E-12  5.27E-12  5.54E-12  5.80E-12  6.37E-12  6.85E-12  7.26E-12  7.61E-12
   50  11   5  5.00E-12  5.32E-12  5.96E-12  6.70E-12  7.45E-12  8.19E-12  8.90E-12  9.57E-12  1.02E-11  1.08E-11  1.14E-11  1.25E-11  1.36E-11  1.46E-11  1.55E-11  1.63E-11  1.71E-11  1.79E-11  1.86E-11  1.93E-11  2.00E-11  2.15E-11  2.28E-11  2.41E-11  2.52E-11
   51  11   6  1.48E-12  1.59E-12  1.83E-12  2.11E-12  2.42E-12  2.75E-12  3.08E-12  3.42E-12  3.75E-12  4.09E-12  4.41E-12  5.05E-12  5.65E-12  6.22E-12  6.75E-12  7.25E-12  7.71E-12  8.15E-12  8.55E-12  8.93E-12  9.28E-12  1.01E-11  1.08E-11  1.14E-11  1.19E-11
   52  11   7  2.39E-11  2.50E-11  2.64E-11  2.79E-11  2.92E-11  3.05E-11  3.16E-11  3.26E-11  3.35E-11  3.44E-11  3.53E-11  3.68E-11  3.82E-11  3.95E-11  4.06E-11  4.17E-11  4.28E-11  4.38E-11  4.47E-11  4.56E-11  4.64E-11  4.83E-11  5.01E-11  5.17E-11  5.32E-11
   53  11   8  3.49E-12  3.62E-12  3.91E-12  4.28E-12  4.68E-12  5.10E-12  5.52E-12  5.93E-12  6.35E-12  6.75E-12  7.14E-12  7.89E-12  8.60E-12  9.25E-12  9.87E-12  1.04E-11  1.10E-11  1.15E-11  1.20E-11  1.24E-11  1.29E-11  1.38E-11  1.47E-11  1.55E-11  1.61E-11
   54  11   9  8.81E-11  9.29E-11  9.51E-11  9.66E-11  9.77E-11  9.87E-11  9.94E-11  1.00E-10  1.01E-10  1.01E-10  1.02E-10  1.03E-10  1.04E-10  1.06E-10  1.07E-10  1.08E-10  1.09E-10  1.10E-10  1.11E-10  1.13E-10  1.14E-10  1.16E-10  1.19E-10  1.22E-10  1.24E-10
   55  11  10  4.13E-12  4.41E-12  5.13E-12  5.87E-12  6.58E-12  7.26E-12  7.92E-12  8.54E-12  9.14E-12  9.71E-12  1.03E-11  1.13E-11  1.22E-11  1.30E-11  1.38E-11  1.45E-11  1.52E-11  1.58E-11  1.64E-11  1.70E-11  1.75E-11  1.87E-11  1.98E-11  2.07E-11  2.16E-11
   56  12   1  1.01E-14  1.23E-14  1.84E-14  2.81E-14  4.15E-14  5.85E-14  7.88E-14  1.02E-13  1.27E-13  1.54E-13  1.82E-13  2.39E-13  2.98E-13  3.54E-13  4.09E-13  4.61E-13  5.10E-13  5.55E-13  5.98E-13  6.38E-13  6.76E-13  7.59E-13  8.31E-13  8.92E-13  9.45E-13
   57  12   2  1.23E-13  1.41E-13  1.87E-13  2.51E-13  3.32E-13  4.26E-13  5.29E-13  6.40E-13  7.54E-13  8.70E-13  9.86E-13  1.22E-12  1.44E-12  1.65E-12  1.86E-12  2.06E-12  2.25E-12  2.44E-12  2.62E-12  2.79E-12  2.96E-12  3.37E-12  3.76E-12  4.11E-12  4.44E-12
   58  12   3  1.26E-13  1.45E-13  1.92E-13  2.57E-13  3.40E-13  4.38E-13  5.49E-13  6.71E-13  8.01E-13  9.38E-13  1.08E-12  1.36E-12  1.65E-12  1.92E-12  2.19E-12  2.44E-12  2.67E-12  2.89E-12  3.10E-12  3.29E-12  3.47E-12  3.88E-12  4.22E-12  4.52E-12  4.77E-12
   59  12   4  1.08E-12  1.19E-12  1.42E-12  1.70E-12  2.02E-12  2.35E-12  2.69E-12  3.02E-12  3.35E-12  3.67E-12  3.99E-12  4.60E-12  5.18E-12  5.73E-12  6.26E-12  6.77E-12  7.26E-12  7.73E-12  8.18E-12  8.61E-12  9.03E-12  1.00E-11  1.09E-11  1.17E-11  1.25E-11
   60  12   5  6.27E-13  6.96E-13  8.36E-13  1.01E-12  1.22E-12  1.44E-12  1.67E-12  1.92E-12  2.16E-12  2.41E-12  2.66E-12  3.15E-12  3.63E-12  4.08E-12  4.51E-12  4.92E-12  5.30E-12  5.65E-12  5.99E-12  6.30E-12  6.59E-12  7.24E-12  7.80E-12  8.29E-12  8.71E-12
   61  12   6  5.86E-12  6.31E-12  7.04E-12  7.85E-12  8.66E-12  9.44E-12  1.02E-11  1.09E-11  1.15E-11  1.21E-11  1.27E-11  1.39E-11  1.49E-11  1.59E-11  1.68E-11  1.76E-11  1.85E-11  1.92E-11  2.00E-11  2.07E-11  2.13E-11  2.29E-11  2.42E-11  2.55E-11  2.66E-11
   62  12   7  1.97E-12  2.12E-12  2.39E-12  2.70E-12  3.04E-12  3.39E-12  3.74E-12  4.08E-12  4.43E-12  4.77E-12  5.10E-12  5.73E-12  6.33E-12  6.88E-12  7.41E-12  7.90E-12  8.36E-12  8.79E-12  9.20E-12  9.58E-12  9.94E-12  1.08E-11  1.15E-11  1.21E-11  1.27E-11
   63  12   8  2.41E-11  2.58E-11  2.75E-11  2.92E-11  3.07E-11  3.20E-11  3.32E-11  3.42E-11  3.52E-11  3.61E-11  3.69E-11  3.84E-11  3.98E-11  4.11E-11  4.22E-11  4.33E-11  4.43E-11  4.52E-11  4.61E-11  4.70E-11  4.78E-11  4.97E-11  5.15E-11  5.31E-11  5.45E-11
   64  12   9  4.48E-12  4.69E-12  4.97E-12  5.34E-12  5.73E-12  6.13E-12  6.54E-12  6.94E-12  7.33E-12  7.72E-12  8.09E-12  8.80E-12  9.46E-12  1.01E-11  1.07E-11  1.12E-11  1.17E-11  1.22E-11  1.26E-11  1.31E-11  1.35E-11  1.44E-11  1.53E-11  1.60E-11  1.67E-11
   65  12  10  8.01E-11  8.69E-11  9.10E-11  9.35E-11  9.55E-11  9.70E-11  9.82E-11  9.93E-11  1.00E-10  1.01E-10  1.02E-10  1.03E-10  1.05E-10  1.06E-10  1.07E-10  1.08E-10  1.10E-10  1.11E-10  1.12E-10  1.13E-10  1.14E-10  1.17E-10  1.20E-10  1.22E-10  1.25E-10
   66  12  11  5.19E-12  5.50E-12  6.08E-12  6.73E-12  7.36E-12  7.99E-12  8.59E-12  9.18E-12  9.75E-12  1.03E-11  1.08E-11  1.18E-11  1.27E-11  1.35E-11  1.42E-11  1.49E-11  1.56E-11  1.62E-11  1.68E-11  1.73E-11  1.78E-11  1.90E-11  2.00E-11  2.10E-11  2.18E-11
   67  13   1  1.38E-14  1.62E-14  2.28E-14  3.30E-14  4.69E-14  6.43E-14  8.48E-14  1.08E-13  1.32E-13  1.58E-13  1.85E-13  2.39E-13  2.93E-13  3.46E-13  3.96E-13  4.46E-13  4.93E-13  5.40E-13  5.85E-13  6.30E-13  6.73E-13  7.79E-13  8.79E-13  9.74E-13  1.06E-12
   68  13   2  2.86E-14  3.35E-14  4.72E-14  6.88E-14  9.88E-14  1.37E-13  1.84E-13  2.37E-13  2.96E-13  3.60E-13  4.28E-13  5.70E-13  7.17E-13  8.63E-13  1.00E-12  1.14E-12  1.27E-12  1.39E-12  1.51E-12  1.62E-12  1.72E-12  1.96E-12  2.16E-12  2.33E-12  2.48E-12
   69  13   3  2.20E-13  2.45E-13  3.08E-13  3.97E-13  5.05E-13  6.30E-13  7.65E-13  9.08E-13  1.05E-12  1.20E-12  1.35E-12  1.65E-12  1.94E-12  2.22E-12  2.49E-12  2.76E-12  3.01E-12  3.26E-12  3.50E-12  3.74E-12  3.97E-12  4.52E-12  5.03E-12  5.52E-12  5.97E-12
   70  13   4  2.11E-13  2.36E-13  2.97E-13  3.81E-13  4.86E-13  6.06E-13  7.40E-13  8.85E-13  1.04E-12  1.20E-12  1.36E-12  1.70E-12  2.03E-12  2.36E-12  2.67E-12  2.97E-12  3.26E-12  3.53E-12  3.78E-12  4.02E-12  4.25E-12  4.76E-12  5.20E-12  5.58E-12  5.91E-12
   71  13   5  1.48E-12  1.59E-12  1.85E-12  2.18E-12  2.53E-12  2.90E-12  3.27E-12  3.63E-12  3.98E-12  4.32E-12  4.65E-12  5.29E-12  5.90E-12  6.48E-12  7.04E-12  7.57E-12  8.09E-12  8.59E-12  9.07E-12  9.53E-12  9.98E-12  1.10E-11  1.20E-11  1.29E-11  1.37E-11
   72  13   6  9.03E-13  9.77E-13  1.14E-12  1.34E-12  1.58E-12  1.83E-12  2.09E-12  2.35E-12  2.62E-12  2.88E-12  3.14E-12  3.66E-12  4.15E-12  4.62E-12  5.06E-12  5.48E-12  5.87E-12  6.24E-12  6.59E-12  6.92E-12  7.23E-12  7.94E-12  8.55E-12  9.08E-12  9.56E-12
   73  13   7  6.82E-12  7.22E-12  7.95E-12  8.80E-12  9.66E-12  1.05E-11  1.12E-11  1.19E-11  1.26E-11  1.32E-11  1.38E-11  1.50E-11  1.60E-11  1.70E-11  1.79E-11  1.87E-11  1.96E-11  2.03E-11  2.11E-11  2.18E-11  2.24E-11  2.40E-11  2.54E-11  2.66E-11  2.78E-11
   74  13   8  2.63E-12  2.77E-12  3.03E-12  3.36E-12  3.72E-12  4.09E-12  4.46E-12  4.82E-12  5.17E-12  5.52E-12  5.85E-12  6.48E-12  7.06E-12  7.61E-12  8.12E-12  8.59E-12  9.04E-12  9.46E-12  9.86E-12  1.02E-11  1.06E-11  1.14E-11  1.21E-11  1.27E-11  1.33E-11
   75  13   9  2.50E-11  2.64E-11  2.80E-11  2.97E-11  3.13E-11  3.28E-11  3.40E-11  3.51E-11  3.62E-11  3.71E-11  3.80E-11  3.95E-11  4.09E-11  4.22E-11  4.33E-11  4.44E-11  4.54E-11  4.63E-11  4.72E-11  4.81E-11  4.89E-11  5.08E-11  5.25E-11  5.41E-11  5.56E-11
   76  13  10  5.81E-12  5.96E-12  6.14E-12  6.47E-12  6.85E-12  7.24E-12  7.64E-12  8.02E-12  8.40E-12  8.76E-12  9.12E-12  9.78E-12  1.04E-11  1.10E-11  1.15E-11  1.20E-11  1.25E-11  1.29E-11  1.34E-11  1.38E-11  1.42E-11  1.50E-11  1.59E-11  1.66E-11  1.73E-11
   77  13  11  7.89E-11  8.39E-11  8.74E-11  9.02E-11  9.26E-11  9.46E-11  9.62E-11  9.76E-11  9.88E-11  9.99E-11  1.01E-10  1.03E-10  1.04E-10  1.06E-10  1.07E-10  1.08E-10  1.10E-10  1.11E-10  1.12E-10  1.13E-10  1.14E-10  1.17E-10  1.20E-10  1.23E-10  1.25E-10
   78  13  12  6.79E-12  6.96E-12  7.27E-12  7.77E-12  8.32E-12  8.88E-12  9.43E-12  9.98E-12  1.05E-11  1.10E-11  1.15E-11  1.24E-11  1.33E-11  1.41E-11  1.48E-11  1.55E-11  1.61E-11  1.67E-11  1.72E-11  1.77E-11  1.82E-11  1.94E-11  2.04E-11  2.13E-11  2.21E-11
   79  14   1  2.97E-15  3.80E-15  6.00E-15  9.72E-15  1.54E-14  2.32E-14  3.33E-14  4.56E-14  5.99E-14  7.58E-14  9.32E-14  1.31E-13  1.72E-13  2.13E-13  2.55E-13  2.95E-13  3.34E-13  3.72E-13  4.07E-13  4.41E-13  4.73E-13  5.47E-13  6.10E-13  6.66E-13  7.15E-13
   80  14   2  3.56E-14  4.15E-14  5.65E-14  7.91E-14  1.10E-13  1.47E-13  1.92E-13  2.42E-13  2.97E-13  3.54E-13  4.15E-13  5.38E-13  6.62E-13  7.85E-13  9.04E-13  1.02E-12  1.13E-12  1.24E-12  1.35E-12  1.46E-12  1.56E-12  1.81E-12  2.06E-12  2.29E-12  2.51E-12
   81  14   3  5.40E-14  6.24E-14  8.36E-14  1.15E-13  1.58E-13  2.11E-13  2.75E-13  3.47E-13  4.27E-13  5.14E-13  6.06E-13  8.00E-13  1.00E-12  1.21E-12  1.41E-12  1.60E-12  1.79E-12  1.97E-12  2.15E-12  2.31E-12  2.46E-12  2.82E-12  3.13E-12  3.40E-12  3.63E-12
   82  14   4  3.25E-13  3.61E-13  4.46E-13  5.59E-13  6.95E-13  8.45E-13  1.00E-12  1.17E-12  1.34E-12  1.51E-12  1.68E-12  2.02E-12  2.34E-12  2.66E-12  2.97E-12  3.27E-12  3.56E-12  3.85E-12  4.13E-12  4.40E-12  4.67E-12  5.30E-12  5.91E-12  6.47E-12  7.00E-12
   83  14   5  3.07E-13  3.44E-13  4.24E-13  5.31E-13  6.58E-13  8.03E-13  9.60E-13  1.13E-12  1.30E-12  1.48E-12  1.66E-12  2.03E-12  2.39E-12  2.75E-12  3.09E-12  3.42E-12  3.74E-12  4.04E-12  4.32E-12  4.59E-12  4.84E-12  5.42E-12  5.93E-12  6.38E-12  6.77E-12
   84  14   6  1.77E-12  1.92E-12  2.23E-12  2.60E-12  3.00E-12  3.40E-12  3.80E-12  4.18E-12  4.55E-12  4.91E-12  5.25E-12  5.91E-12  6.54E-12  7.13E-12  7.70E-12  8.26E-12  8.79E-12  9.31E-12  9.81E-12  1.03E-11  1.08E-11  1.19E-11  1.29E-11  1.38E-11  1.47E-11
   85  14   7  1.17E-12  1.27E-12  1.46E-12  1.70E-12  1.97E-12  2.25E-12  2.54E-12  2.82E-12  3.11E-12  3.39E-12  3.67E-12  4.20E-12  4.70E-12  5.17E-12  5.62E-12  6.04E-12  6.44E-12  6.81E-12  7.17E-12  7.50E-12  7.82E-12  8.54E-12  9.17E-12  9.73E-12  1.02E-11
   86  14   8  7.07E-12  7.63E-12  8.48E-12  9.40E-12  1.03E-11  1.12E-11  1.20E-11  1.27E-11  1.34E-11  1.41E-11  1.47E-11  1.58E-11  1.69E-11  1.78E-11  1.88E-11  1.96E-11  2.04E-11  2.12E-11  2.19E-11  2.27E-11  2.33E-11  2.49E-11  2.63E-11  2.76E-11  2.87E-11
   87  14   9  3.19E-12  3.40E-12  3.70E-12  4.07E-12  4.46E-12  4.86E-12  5.24E-12  5.62E-12  5.98E-12  6.33E-12  6.66E-12  7.28E-12  7.86E-12  8.39E-12  8.88E-12  9.34E-12  9.77E-12  1.02E-11  1.05E-11  1.09E-11  1.12E-11  1.20E-11  1.27E-11  1.34E-11  1.39E-11
   88  14  10  2.33E-11  2.52E-11  2.73E-11  2.92E-11  3.10E-11  3.26E-11  3.40E-11  3.53E-11  3.64E-11  3.74E-11  3.83E-11  4.00E-11  4.15E-11  4.28E-11  4.40E-11  4.51E-11  4.61E-11  4.71E-11  4.80E-11  4.88E-11  4.96E-11  5.15E-11  5.33E-11  5.49E-11  5.63E-11
   89  14  11  6.75E-12  7.06E-12  7.31E-12  7.66E-12  8.04E-12  8.43E-12  8.82E-12  9.19E-12  9.55E-12  9.89E-12  1.02E-11  1.09E-11  1.14E-11  1.20E-11  1.25E-11  1.29E-11  1.34E-11  1.38E-11  1.42E-11  1.46E-11  1.49E-11  1.57E-11  1.65E-11  1.72E-11  1.78E-11
   90  14  12  6.96E-11  7.63E-11  8.14E-11  8.50E-11  8.81E-11  9.07E-11  9.29E-11  9.47E-11  9.63E-11  9.77E-11  9.89E-11  1.01E-10  1.03E-10  1.05E-10  1.06E-10  1.08E-10  1.09E-10  1.10E-10  1.12E-10  1.13E-10  1.14E-10  1.17E-10  1.20E-10  1.23E-10  1.25E-10
   91  14  13  7.95E-12  8.30E-12  8.58E-12  9.01E-12  9.49E-12  9.99E-12  1.05E-11  1.10E-11  1.15E-11  1.20E-11  1.24E-11  1.33E-11  1.41E-11  1.48E-11  1.55E-11  1.62E-11  1.67E-11  1.73E-11  1.78E-11  1.83E-11  1.88E-11  1.99E-11  2.08E-11  2.17E-11  2.25E-11
   92  15   1  4.28E-15  5.02E-15  7.11E-15  1.05E-14  1.55E-14  2.22E-14  3.06E-14  4.07E-14  5.21E-14  6.48E-14  7.84E-14  1.07E-13  1.38E-13  1.69E-13  1.99E-13  2.29E-13  2.58E-13  2.87E-13  3.14E-13  3.42E-13  3.68E-13  4.33E-13  4.96E-13  5.57E-13  6.15E-13
   93  15   2  9.63E-15  1.15E-14  1.67E-14  2.53E-14  3.81E-14  5.58E-14  7.85E-14  1.06E-13  1.39E-13  1.76E-13  2.16E-13  3.07E-13  4.05E-13  5.08E-13  6.13E-13  7.17E-13  8.18E-13  9.17E-13  1.01E-12  1.10E-12  1.19E-12  1.39E-12  1.57E-12  1.72E-12  1.86E-12
   94  15   3  6.56E-14  7.40E-14  9.61E-14  1.29E-13  1.72E-13  2.24E-13  2.85E-13  3.52E-13  4.24E-13  5.00E-13  5.79E-13  7.42E-13  9.07E-13  1.07E-12  1.23E-12  1.39E-12  1.54E-12  1.69E-12  1.84E-12  1.99E-12  2.13E-12  2.47E-12  2.81E-12  3.12E-12  3.43E-12
   95  15   4  9.25E-14  1.04E-13  1.33E-13  1.76E-13  2.32E-13  3.00E-13  3.79E-13  4.67E-13  5.64E-13  6.68E-13  7.77E-13  1.01E-12  1.24E-12  1.49E-12  1.72E-12  1.96E-12  2.19E-12  2.40E-12  2.61E-12  2.81E-12  3.01E-12  3.45E-12  3.84E-12  4.18E-12  4.49E-12
   96  15   5  4.61E-13  5.02E-13  6.01E-13  7.37E-13  8.96E-13  1.07E-12  1.25E-12  1.44E-12  1.62E-12  1.81E-12  1.99E-12  2.35E-12  2.70E-12  3.04E-12  3.37E-12  3.70E-12  4.01E-12  4.32E-12  4.62E-12  4.92E-12  5.21E-12  5.91E-12  6.56E-12  7.19E-12  7.77E-12
   97  15   6  4.43E-13  4.84E-13  5.78E-13  7.06E-13  8.58E-13  1.03E-12  1.21E-12  1.40E-12  1.59E-12  1.79E-12  1.99E-12  2.38E-12  2.77E-12  3.15E-12  3.51E-12  3.86E-12  4.18E-12  4.50E-12  4.80E-12  5.08E-12  5.35E-12  5.97E-12  6.52E-12  7.01E-12  7.45E-12
   98  15   7  2.12E-12  2.27E-12  2.59E-12  2.99E-12  3.42E-12  3.85E-12  4.27E-12  4.67E-12  5.06E-12  5.43E-12  5.78E-12  6.45E-12  7.09E-12  7.70E-12  8.28E-12  8.84E-12  9.39E-12  9.91E-12  1.04E-11  1.09E-11  1.14E-11  1.25E-11  1.36E-11  1.45E-11  1.54E-11
   99  15   8  1.52E-12  1.62E-12  1.83E-12  2.09E-12  2.39E-12  2.70E-12  3.02E-12  3.33E-12  3.63E-12  3.93E-12  4.22E-12  4.77E-12  5.28E-12  5.76E-12  6.21E-12  6.63E-12  7.02E-12  7.39E-12  7.74E-12  8.07E-12  8.38E-12  9.10E-12  9.74E-12  1.03E-11  1.08E-11
  100  15   9  7.56E-12  8.05E-12  8.87E-12  9.80E-12  1.07E-11  1.16E-11  1.25E-11  1.32E-11  1.40E-11  1.46E-11  1.52E-11  1.64E-11  1.75E-11  1.85E-11  1.94E-11  2.03E-11  2.11E-11  2.19E-11  2.26E-11  2.33E-11  2.40E-11  2.56E-11  2.70E-11  2.83E-11  2.95E-11
  101  15  10  3.95E-12  4.14E-12  4.43E-12  4.81E-12  5.23E-12  5.65E-12  6.06E-12  6.44E-12  6.82E-12  7.17E-12  7.51E-12  8.13E-12  8.70E-12  9.21E-12  9.69E-12  1.01E-11  1.05E-11  1.09E-11  1.13E-11  1.16E-11  1.19E-11  1.27E-11  1.34E-11  1.40E-11  1.45E-11
  102  15  11  2.30E-11  2.46E-11  2.65E-11  2.85E-11  3.03E-11  3.20E-11  3.35E-11  3.49E-11  3.61E-11  3.72E-11  3.82E-11  4.00E-11  4.16E-11  4.29E-11  4.42E-11  4.54E-11  4.64E-11  4.74E-11  4.84E-11  4.92E-11  5.01E-11  5.20E-11  5.38E-11  5.54E-11  5.69E-11
  103  15  12  8.06E-12  8.32E-12  8.51E-12  8.85E-12  9.23E-12  9.62E-12  1.00E-11  1.04E-11  1.07E-11  1.10E-11  1.14E-11  1.20E-11  1.25E-11  1.30E-11  1.35E-11  1.39E-11  1.43E-11  1.47E-11  1.51E-11  1.54E-11  1.57E-11  1.65E-11  1.72E-11  1.79E-11  1.85E-11
  104  15  13  6.73E-11  7.26E-11  7.69E-11  8.06E-11  8.40E-11  8.69E-11  8.94E-11  9.15E-11  9.34E-11  9.51E-11  9.66E-11  9.91E-11  1.01E-10  1.03E-10  1.05E-10  1.07E-10  1.08E-10  1.10E-10  1.11E-10  1.12E-10  1.14E-10  1.17E-10  1.20E-10  1.22E-10  1.25E-10
  105  15  14  9.72E-12  9.96E-12  1.00E-11  1.04E-11  1.08E-11  1.12E-11  1.16E-11  1.21E-11  1.25E-11  1.30E-11  1.34E-11  1.42E-11  1.50E-11  1.57E-11  1.63E-11  1.69E-11  1.75E-11  1.80E-11  1.85E-11  1.90E-11  1.94E-11  2.05E-11  2.14E-11  2.22E-11  2.30E-11
  106  16   1  1.00E-15  1.28E-15  2.01E-15  3.28E-15  5.36E-15  8.49E-15  1.28E-14  1.85E-14  2.55E-14  3.39E-14  4.34E-14  6.56E-14  9.12E-14  1.19E-13  1.48E-13  1.77E-13  2.07E-13  2.36E-13  2.64E-13  2.91E-13  3.18E-13  3.80E-13  4.35E-13  4.85E-13  5.29E-13
  107  16   2  1.14E-14  1.32E-14  1.81E-14  2.59E-14  3.71E-14  5.21E-14  7.08E-14  9.30E-14  1.19E-13  1.47E-13  1.78E-13  2.44E-13  3.15E-13  3.88E-13  4.61E-13  5.34E-13  6.05E-13  6.74E-13  7.42E-13  8.09E-13  8.75E-13  1.03E-12  1.19E-12  1.34E-12  1.48E-12
  108  16   3  2.01E-14  2.33E-14  3.18E-14  4.52E-14  6.45E-14  9.01E-14  1.22E-13  1.61E-13  2.05E-13  2.56E-13  3.11E-13  4.34E-13  5.69E-13  7.11E-13  8.57E-13  1.00E-12  1.15E-12  1.29E-12  1.43E-12  1.56E-12  1.69E-12  1.99E-12  2.25E-12  2.49E-12  2.71E-12
  109  16   4  1.03E-13  1.14E-13  1.44E-13  1.88E-13  2.44E-13  3.10E-13  3.84E-13  4.65E-13  5.52E-13  6.41E-13  7.33E-13  9.21E-13  1.11E-12  1.30E-12  1.48E-12  1.67E-12  1.85E-12  2.02E-12  2.20E-12  2.37E-12  2.53E-12  2.94E-12  3.34E-12  3.71E-12  4.08E-12
  110  16   5  1.39E-13  1.55E-13  1.93E-13  2.49E-13  3.19E-13  4.03E-13  4.99E-13  6.04E-13  7.17E-13  8.36E-13  9.61E-13  1.22E-12  1.48E-12  1.75E-12  2.01E-12  2.27E-12  2.52E-12  2.77E-12  3.00E-12  3.22E-12  3.44E-12  3.94E-12  4.38E-12  4.78E-12  5.14E-12
  111  16   6  5.85E-13  6.34E-13  7.52E-13  9.10E-13  1.09E-12  1.29E-12  1.49E-12  1.69E-12  1.90E-12  2.10E-12  2.29E-12  2.67E-12  3.03E-12  3.39E-12  3.73E-12  4.07E-12  4.40E-12  4.72E-12  5.04E-12  5.35E-12  5.65E-12  6.39E-12  7.09E-12  7.75E-12  8.37E-12
  112  16   7  5.84E-13  6.34E-13  7.47E-13  8.97E-13  1.07E-12  1.27E-12  1.48E-12  1.69E-12  1.90E-12  2.12E-12  2.34E-12  2.76E-12  3.17E-12  3.56E-12  3.94E-12  4.29E-12  4.63E-12  4.95E-12  5.26E-12  5.55E-12  5.83E-12  6.47E-12  7.04E-12  7.55E-12  8.00E-12
  113  16   8  2.33E-12  2.50E-12  2.85E-12  3.28E-12  3.73E-12  4.19E-12  4.63E-12  5.05E-12  5.45E-12  5.84E-12  6.20E-12  6.89E-12  7.54E-12  8.16E-12  8.75E-12  9.33E-12  9.88E-12  1.04E-11  1.09E-11  1.14E-11  1.19E-11  1.31E-11  1.41E-11  1.51E-11  1.60E-11
  114  16   9  1.84E-12  1.96E-12  2.19E-12  2.49E-12  2.82E-12  3.17E-12  3.51E-12  3.84E-12  4.17E-12  4.49E-12  4.79E-12  5.36E-12  5.89E-12  6.37E-12  6.82E-12  7.24E-12  7.63E-12  7.99E-12  8.33E-12  8.66E-12  8.96E-12  9.67E-12  1.03E-11  1.09E-11  1.14E-11
  115  16  10  7.50E-12  8.03E-12  8.89E-12  9.86E-12  1.08E-11  1.18E-11  1.26E-11  1.34E-11  1.42E-11  1.49E-11  1.55E-11  1.67E-11  1.79E-11  1.89E-11  1.98E-11  2.07E-11  2.16E-11  2.24E-11  2.31E-11  2.38E-11  2.45E-11  2.61E-11  2.76E-11  2.89E-11  3.01E-11
  116  16  11  4.58E-12  4.80E-12  5.12E-12  5.53E-12  5.99E-12  6.44E-12  6.87E-12  7.28E-12  7.67E-12  8.03E-12  8.37E-12  9.00E-12  9.56E-12  1.01E-11  1.05E-11  1.10E-11  1.13E-11  1.17E-11  1.21E-11  1.24E-11  1.27E-11  1.34E-11  1.40E-11  1.46E-11  1.51E-11
  117  16  12  2.14E-11  2.30E-11  2.50E-11  2.71E-11  2.90E-11  3.08E-11  3.25E-11  3.39E-11  3.52E-11  3.64E-11  3.75E-11  3.95E-11  4.12E-11  4.27E-11  4.40E-11  4.53E-11  4.64E-11  4.74E-11  4.84E-11  4.93E-11  5.02E-11  5.22E-11  5.40E-11  5.57E-11  5.72E-11
  118  16  13  9.04E-12  9.38E-12  9.61E-12  9.96E-12  1.04E-11  1.08E-11  1.12E-11  1.15E-11  1.19E-11  1.22E-11  1.25E-11  1.31E-11  1.36E-11  1.41E-11  1.45E-11  1.49E-11  1.53E-11  1.56E-11  1.60E-11  1.63E-11  1.66E-11  1.73E-11  1.80E-11  1.86E-11  1.91E-11
  119  16  14  6.26E-11  6.74E-11  7.17E-11  7.56E-11  7.93E-11  8.25E-11  8.53E-11  8.78E-11  9.00E-11  9.19E-11  9.36E-11  9.66E-11  9.92E-11  1.01E-10  1.03E-10  1.05E-10  1.07E-10  1.09E-10  1.10E-10  1.12E-10  1.13E-10  1.16E-10  1.19E-10  1.22E-10  1.25E-10
  120  16  15  1.12E-11  1.15E-11  1.15E-11  1.17E-11  1.21E-11  1.25E-11  1.29E-11  1.33E-11  1.37E-11  1.41E-11  1.45E-11  1.53E-11  1.60E-11  1.66E-11  1.72E-11  1.78E-11  1.84E-11  1.89E-11  1.93E-11  1.98E-11  2.02E-11  2.12E-11  2.20E-11  2.28E-11  2.36E-11
  121  17   1  1.45E-15  1.69E-15  2.36E-15  3.51E-15  5.28E-15  7.80E-15  1.12E-14  1.55E-14  2.06E-14  2.66E-14  3.34E-14  4.88E-14  6.61E-14  8.44E-14  1.03E-13  1.22E-13  1.41E-13  1.60E-13  1.78E-13  1.96E-13  2.14E-13  2.56E-13  2.98E-13  3.37E-13  3.76E-13
  122  17   2  3.32E-15  4.01E-15  5.88E-15  9.03E-15  1.40E-14  2.12E-14  3.12E-14  4.41E-14  6.01E-14  7.91E-14  1.01E-13  1.53E-13  2.13E-13  2.80E-13  3.52E-13  4.25E-13  4.99E-13  5.74E-13  6.47E-13  7.19E-13  7.89E-13  9.54E-13  1.11E-12  1.24E-12  1.37E-12
  123  17   3  2.08E-14  2.35E-14  3.12E-14  4.32E-14  5.99E-14  8.14E-14  1.08E-13  1.38E-13  1.73E-13  2.12E-13  2.53E-13  3.43E-13  4.38E-13  5.36E-13  6.35E-13  7.34E-13  8.32E-13  9.29E-13  1.02E-12  1.12E-12  1.21E-12  1.43E-12  1.65E-12  1.86E-12  2.06E-12
  124  17   4  3.54E-14  3.98E-14  5.23E-14  7.16E-14  9.81E-14  1.32E-13  1.74E-13  2.23E-13  2.79E-13  3.40E-13  4.08E-13  5.55E-13  7.15E-13  8.84E-13  1.06E-12  1.23E-12  1.40E-12  1.57E-12  1.74E-12  1.90E-12  2.06E-12  2.43E-12  2.76E-12  3.06E-12  3.34E-12
  125  17   5  1.47E-13  1.61E-13  2.00E-13  2.55E-13  3.23E-13  4.03E-13  4.91E-13  5.85E-13  6.84E-13  7.85E-13  8.88E-13  1.10E-12  1.30E-12  1.51E-12  1.71E-12  1.91E-12  2.10E-12  2.29E-12  2.48E-12  2.67E-12  2.86E-12  3.31E-12  3.75E-12  4.17E-12  4.57E-12
  126  17   6  1.97E-13  2.15E-13  2.64E-13  3.33E-13  4.19E-13  5.20E-13  6.33E-13  7.56E-13  8.86E-13  1.02E-12  1.16E-12  1.45E-12  1.74E-12  2.02E-12  2.31E-12  2.58E-12  2.85E-12  3.10E-12  3.35E-12  3.59E-12  3.82E-12  4.35E-12  4.84E-12  5.27E-12  5.66E-12
  127  17   7  7.04E-13  7.57E-13  8.91E-13  1.07E-12  1.27E-12  1.49E-12  1.71E-12  1.93E-12  2.14E-12  2.35E-12  2.56E-12  2.95E-12  3.33E-12  3.70E-12  4.05E-12  4.39E-12  4.73E-12  5.07E-12  5.39E-12  5.72E-12  6.03E-12  6.80E-12  7.53E-12  8.22E-12  8.86E-12
  128  17   8  7.41E-13  7.96E-13  9.27E-13  1.10E-12  1.30E-12  1.53E-12  1.76E-12  1.99E-12  2.23E-12  2.47E-12  2.70E-12  3.15E-12  3.58E-12  3.99E-12  4.38E-12  4.74E-12  5.09E-12  5.41E-12  5.72E-12  6.01E-12  6.29E-12  6.94E-12  7.51E-12  8.03E-12  8.50E-12
  129  17   9  2.48E-12  2.65E-12  3.02E-12  3.47E-12  3.95E-12  4.42E-12  4.88E-12  5.32E-12  5.74E-12  6.13E-12  6.51E-12  7.22E-12  7.88E-12  8.51E-12  9.12E-12  9.70E-12  1.03E-11  1.08E-11  1.13E-11  1.19E-11  1.24E-11  1.35E-11  1.46E-11  1.56E-11  1.65E-11
  130  17  10  2.17E-12  2.30E-12  2.56E-12  2.89E-12  3.26E-12  3.63E-12  4.01E-12  4.37E-12  4.72E-12  5.05E-12  5.37E-12  5.97E-12  6.51E-12  7.00E-12  7.45E-12  7.87E-12  8.25E-12  8.61E-12  8.95E-12  9.26E-12  9.56E-12  1.02E-11  1.08E-11  1.14E-11  1.19E-11
  131  17  11  7.26E-12  7.78E-12  8.68E-12  9.68E-12  1.07E-11  1.16E-11  1.25E-11  1.34E-11  1.41E-11  1.49E-11  1.56E-11  1.68E-11  1.80E-11  1.90E-11  2.00E-11  2.10E-11  2.18E-11  2.26E-11  2.34E-11  2.42E-11  2.49E-11  2.65E-11  2.79E-11  2.93E-11  3.05E-11
  132  17  12  5.17E-12  5.42E-12  5.77E-12  6.23E-12  6.73E-12  7.21E-12  7.68E-12  8.11E-12  8.51E-12  8.89E-12  9.24E-12  9.88E-12  1.04E-11  1.09E-11  1.14E-11  1.18E-11  1.22E-11  1.25E-11  1.28E-11  1.32E-11  1.34E-11  1.41E-11  1.47E-11  1.52E-11  1.57E-11
  133  17  13  1.95E-11  2.11E-11  2.32E-11  2.53E-11  2.73E-11  2.92E-11  3.10E-11  3.25E-11  3.40E-11  3.53E-11  3.65E-11  3.86E-11  4.04E-11  4.21E-11  4.35E-11  4.48E-11  4.60E-11  4.72E-11  4.82E-11  4.92E-11  5.01E-11  5.22E-11  5.41E-11  5.57E-11  5.73E-11
  134  17  14  9.89E-12  1.03E-11  1.06E-11  1.10E-11  1.15E-11  1.19E-11  1.23E-11  1.27E-11  1.30E-11  1.34E-11  1.37E-11  1.42E-11  1.47E-11  1.52E-11  1.56E-11  1.60E-11  1.63E-11  1.66E-11  1.69E-11  1.72E-11  1.75E-11  1.82E-11  1.88E-11  1.93E-11  1.98E-11
  135  17  15  5.64E-11  6.14E-11  6.62E-11  7.04E-11  7.43E-11  7.78E-11  8.09E-11  8.37E-11  8.61E-11  8.83E-11  9.03E-11  9.37E-11  9.66E-11  9.92E-11  1.01E-10  1.03E-10  1.05E-10  1.07E-10  1.09E-10  1.10E-10  1.12E-10  1.15E-10  1.18E-10  1.21E-10  1.24E-10
  136  17  16  1.26E-11  1.30E-11  1.30E-11  1.32E-11  1.35E-11  1.38E-11  1.42E-11  1.46E-11  1.50E-11  1.53E-11  1.57E-11  1.64E-11  1.71E-11  1.77E-11  1.83E-11  1.88E-11  1.93E-11  1.98E-11  2.02E-11  2.06E-11  2.10E-11  2.19E-11  2.28E-11  2.35E-11  2.42E-11
  137  18   1  4.46E-16  5.45E-16  7.99E-16  1.24E-15  1.99E-15  3.17E-15  4.91E-15  7.31E-15  1.05E-14  1.44E-14  1.92E-14  3.11E-14  4.57E-14  6.27E-14  8.14E-14  1.01E-13  1.22E-13  1.43E-13  1.64E-13  1.85E-13  2.05E-13  2.55E-13  3.01E-13  3.43E-13  3.82E-13
  138  18   2  3.84E-15  4.46E-15  6.12E-15  8.85E-15  1.30E-14  1.87E-14  2.64E-14  3.60E-14  4.77E-14  6.12E-14  7.66E-14  1.12E-13  1.52E-13  1.96E-13  2.41E-13  2.88E-13  3.34E-13  3.81E-13  4.27E-13  4.72E-13  5.16E-13  6.24E-13  7.28E-13  8.28E-13  9.25E-13
  139  18   3  6.89E-15  8.13E-15  1.14E-14  1.67E-14  2.46E-14  3.57E-14  5.04E-14  6.90E-14  9.16E-14  1.18E-13  1.49E-13  2.20E-13  3.03E-13  3.95E-13  4.93E-13  5.96E-13  7.00E-13  8.05E-13  9.10E-13  1.01E-12  1.11E-12  1.36E-12  1.58E-12  1.79E-12  1.97E-12
  140  18   4  3.27E-14  3.70E-14  4.80E-14  6.47E-14  8.73E-14  1.16E-13  1.49E-13  1.88E-13  2.31E-13  2.78E-13  3.27E-13  4.33E-13  5.45E-13  6.60E-13  7.76E-13  8.92E-13  1.01E-12  1.12E-12  1.23E-12  1.35E-12  1.46E-12  1.73E-12  1.99E-12  2.24E-12  2.48E-12
  141  18   5  5.45E-14  6.13E-14  7.86E-14  1.04E-13  1.39E-13  1.83E-13  2.35E-13  2.95E-13  3.62E-13  4.35E-13  5.13E-13  6.83E-13  8.65E-13  1.05E-12  1.25E-12  1.44E-12  1.63E-12  1.82E-12  2.01E-12  2.19E-12  2.36E-12  2.78E-12  3.16E-12  3.50E-12  3.82E-12
  142  18   6  1.91E-13  2.11E-13  2.58E-13  3.25E-13  4.06E-13  4.99E-13  6.00E-13  7.07E-13  8.17E-13  9.28E-13  1.04E-12  1.26E-12  1.48E-12  1.70E-12  1.91E-12  2.12E-12  2.33E-12  2.53E-12  2.73E-12  2.93E-12  3.13E-12  3.61E-12  4.08E-12  4.53E-12  4.96E-12
  143  18   7  2.57E-13  2.83E-13  3.43E-13  4.26E-13  5.29E-13  6.48E-13  7.79E-13  9.19E-13  1.07E-12  1.22E-12  1.37E-12  1.69E-12  2.00E-12  2.31E-12  2.61E-12  2.89E-12  3.17E-12  3.44E-12  3.70E-12  3.94E-12  4.18E-12  4.74E-12  5.24E-12  5.69E-12  6.10E-12
  144  18   8  7.88E-13  8.57E-13  1.01E-12  1.20E-12  1.42E-12  1.66E-12  1.89E-12  2.13E-12  2.35E-12  2.57E-12  2.79E-12  3.20E-12  3.59E-12  3.96E-12  4.32E-12  4.67E-12  5.02E-12  5.36E-12  5.70E-12  6.03E-12  6.35E-12  7.14E-12  7.89E-12  8.60E-12  9.27E-12
  145  18   9  8.85E-13  9.60E-13  1.11E-12  1.31E-12  1.54E-12  1.79E-12  2.04E-12  2.30E-12  2.56E-12  2.82E-12  3.07E-12  3.55E-12  4.01E-12  4.43E-12  4.83E-12  5.20E-12  5.55E-12  5.88E-12  6.19E-12  6.48E-12  6.76E-12  7.40E-12  7.98E-12  8.49E-12  8.96E-12
  146  18  10  2.49E-12  2.70E-12  3.10E-12  3.56E-12  4.06E-12  4.55E-12  5.02E-12  5.47E-12  5.90E-12  6.31E-12  6.69E-12  7.42E-12  8.11E-12  8.75E-12  9.37E-12  9.97E-12  1.05E-11  1.11E-11  1.16E-11  1.22E-11  1.27E-11  1.39E-11  1.50E-11  1.60E-11  1.69E-11
  147  18  11  2.44E-12  2.62E-12  2.91E-12  3.27E-12  3.67E-12  4.09E-12  4.49E-12  4.88E-12  5.26E-12  5.61E-12  5.95E-12  6.57E-12  7.13E-12  7.63E-12  8.08E-12  8.50E-12  8.88E-12  9.24E-12  9.57E-12  9.88E-12  1.02E-11  1.08E-11  1.14E-11  1.19E-11  1.24E-11
  148  18  12  6.78E-12  7.37E-12  8.29E-12  9.30E-12  1.03E-11  1.13E-11  1.22E-11  1.31E-11  1.39E-11  1.46E-11  1.53E-11  1.67E-11  1.79E-11  1.90E-11  2.00E-11  2.10E-11  2.19E-11  2.27E-11  2.35E-11  2.43E-11  2.50E-11  2.67E-11  2.82E-11  2.95E-11  3.07E-11
  149  18  13  5.63E-12  5.96E-12  6.37E-12  6.87E-12  7.41E-12  7.93E-12  8.43E-12  8.89E-12  9.32E-12  9.72E-12  1.01E-11  1.07E-11  1.13E-11  1.18E-11  1.22E-11  1.26E-11  1.30E-11  1.33E-11  1.37E-11  1.39E-11  1.42E-11  1.48E-11  1.54E-11  1.59E-11  1.64E-11
  150  18  14  1.75E-11  1.92E-11  2.13E-11  2.34E-11  2.55E-11  2.74E-11  2.92E-11  3.09E-11  3.24E-11  3.38E-11  3.51E-11  3.74E-11  3.94E-11  4.11E-11  4.27E-11  4.41E-11  4.54E-11  4.66E-11  4.77E-11  4.87E-11  4.97E-11  5.19E-11  5.39E-11  5.56E-11  5.72E-11
  151  18  15  1.05E-11  1.11E-11  1.15E-11  1.20E-11  1.25E-11  1.29E-11  1.34E-11  1.38E-11  1.41E-11  1.45E-11  1.48E-11  1.53E-11  1.58E-11  1.63E-11  1.66E-11  1.70E-11  1.73E-11  1.76E-11  1.79E-11  1.82E-11  1.85E-11  1.91E-11  1.96E-11  2.01E-11  2.06E-11
  152  18  16  5.13E-11  5.64E-11  6.13E-11  6.55E-11  6.96E-11  7.32E-11  7.66E-11  7.95E-11  8.22E-11  8.46E-11  8.68E-11  9.06E-11  9.38E-11  9.66E-11  9.91E-11  1.01E-10  1.03E-10  1.05E-10  1.07E-10  1.09E-10  1.10E-10  1.14E-10  1.17E-10  1.20E-10  1.23E-10
  153  18  17  1.39E-11  1.45E-11  1.45E-11  1.46E-11  1.49E-11  1.52E-11  1.55E-11  1.59E-11  1.62E-11  1.66E-11  1.69E-11  1.76E-11  1.82E-11  1.88E-11  1.93E-11  1.98E-11  2.03E-11  2.07E-11  2.12E-11  2.16E-11  2.19E-11  2.28E-11  2.36E-11  2.43E-11  2.49E-11
  154  19   1  5.70E-16  6.36E-16  8.58E-16  1.25E-15  1.88E-15  2.83E-15  4.15E-15  5.92E-15  8.17E-15  1.09E-14  1.42E-14  2.21E-14  3.17E-14  4.25E-14  5.41E-14  6.64E-14  7.89E-14  9.15E-14  1.04E-13  1.17E-13  1.29E-13  1.59E-13  1.88E-13  2.15E-13  2.42E-13
  155  19   2  1.41E-15  1.63E-15  2.29E-15  3.44E-15  5.30E-15  8.15E-15  1.22E-14  1.78E-14  2.51E-14  3.42E-14  4.52E-14  7.27E-14  1.07E-13  1.47E-13  1.93E-13  2.41E-13  2.92E-13  3.45E-13  3.98E-13  4.51E-13  5.05E-13  6.34E-13  7.57E-13  8.71E-13  9.77E-13
  156  19   3  7.39E-15  8.15E-15  1.07E-14  1.51E-14  2.14E-14  3.01E-14  4.12E-14  5.50E-14  7.13E-14  9.01E-14  1.11E-13  1.60E-13  2.15E-13  2.74E-13  3.36E-13  4.00E-13  4.65E-13  5.30E-13  5.95E-13  6.58E-13  7.22E-13  8.76E-13  1.02E-12  1.17E-12  1.31E-12
  157  19   4  1.32E-14  1.47E-14  1.95E-14  2.73E-14  3.87E-14  5.42E-14  7.41E-14  9.86E-14  1.28E-13  1.61E-13  1.99E-13  2.87E-13  3.87E-13  4.97E-13  6.15E-13  7.37E-13  8.62E-13  9.87E-13  1.11E-12  1.24E-12  1.36E-12  1.66E-12  1.93E-12  2.19E-12  2.43E-12
  158  19   5  5.11E-14  5.50E-14  6.88E-14  9.03E-14  1.19E-13  1.54E-13  1.96E-13  2.42E-13  2.93E-13  3.47E-13  4.05E-13  5.25E-13  6.50E-13  7.77E-13  9.05E-13  1.03E-12  1.16E-12  1.28E-12  1.41E-12  1.53E-12  1.65E-12  1.96E-12  2.25E-12  2.53E-12  2.81E-12
  159  19   6  8.42E-14  9.02E-14  1.11E-13  1.44E-13  1.87E-13  2.41E-13  3.04E-13  3.75E-13  4.54E-13  5.39E-13  6.29E-13  8.20E-13  1.02E-12  1.23E-12  1.44E-12  1.65E-12  1.86E-12  2.06E-12  2.26E-12  2.45E-12  2.64E-12  3.08E-12  3.49E-12  3.87E-12  4.21E-12
  160  19   7  2.55E-13  2.69E-13  3.20E-13  3.95E-13  4.87E-13  5.92E-13  7.05E-13  8.23E-13  9.43E-13  1.06E-12  1.18E-12  1.42E-12  1.65E-12  1.88E-12  2.10E-12  2.32E-12  2.53E-12  2.74E-12  2.95E-12  3.15E-12  3.36E-12  3.86E-12  4.35E-12  4.83E-12  5.28E-12
  161  19   8  3.50E-13  3.69E-13  4.33E-13  5.29E-13  6.48E-13  7.84E-13  9.33E-13  1.09E-12  1.25E-12  1.42E-12  1.59E-12  1.93E-12  2.27E-12  2.60E-12  2.91E-12  3.21E-12  3.50E-12  3.78E-12  4.04E-12  4.29E-12  4.54E-12  5.10E-12  5.62E-12  6.08E-12  6.50E-12
  162  19   9  9.24E-13  9.65E-13  1.11E-12  1.31E-12  1.55E-12  1.79E-12  2.04E-12  2.28E-12  2.52E-12  2.75E-12  2.97E-12  3.39E-12  3.79E-12  4.17E-12  4.54E-12  4.90E-12  5.26E-12  5.60E-12  5.95E-12  6.28E-12  6.62E-12  7.42E-12  8.19E-12  8.92E-12  9.60E-12
  163  19  10  1.12E-12  1.16E-12  1.31E-12  1.52E-12  1.78E-12  2.05E-12  2.33E-12  2.61E-12  2.90E-12  3.17E-12  3.44E-12  3.95E-12  4.43E-12  4.87E-12  5.28E-12  5.66E-12  6.02E-12  6.35E-12  6.66E-12  6.95E-12  7.23E-12  7.87E-12  8.44E-12  8.95E-12  9.41E-12
  164  19  11  2.67E-12  2.78E-12  3.13E-12  3.58E-12  4.08E-12  4.57E-12  5.05E-12  5.51E-12  5.94E-12  6.36E-12  6.75E-12  7.50E-12  8.20E-12  8.87E-12  9.51E-12  1.01E-11  1.07E-11  1.13E-11  1.18E-11  1.24E-11  1.29E-11  1.41E-11  1.52E-11  1.63E-11  1.72E-11
  165  19  12  2.94E-12  3.02E-12  3.28E-12  3.66E-12  4.09E-12  4.53E-12  4.96E-12  5.38E-12  5.78E-12  6.16E-12  6.51E-12  7.16E-12  7.73E-12  8.25E-12  8.71E-12  9.13E-12  9.51E-12  9.86E-12  1.02E-11  1.05E-11  1.08E-11  1.14E-11  1.20E-11  1.25E-11  1.30E-11
  166  19  13  6.79E-12  7.10E-12  7.87E-12  8.82E-12  9.81E-12  1.08E-11  1.17E-11  1.26E-11  1.34E-11  1.42E-11  1.49E-11  1.63E-11  1.75E-11  1.87E-11  1.98E-11  2.08E-11  2.17E-11  2.26E-11  2.35E-11  2.42E-11  2.50E-11  2.67E-11  2.82E-11  2.96E-11  3.09E-11
  167  19  14  6.57E-12  6.68E-12  7.00E-12  7.51E-12  8.07E-12  8.63E-12  9.16E-12  9.65E-12  1.01E-11  1.05E-11  1.09E-11  1.16E-11  1.21E-11  1.26E-11  1.31E-11  1.35E-11  1.38E-11  1.42E-11  1.45E-11  1.47E-11  1.50E-11  1.56E-11  1.61E-11  1.66E-11  1.70E-11
  168  19  15  1.71E-11  1.79E-11  1.96E-11  2.16E-11  2.36E-11  2.55E-11  2.74E-11  2.91E-11  3.06E-11  3.21E-11  3.34E-11  3.59E-11  3.80E-11  3.99E-11  4.16E-11  4.31E-11  4.45E-11  4.58E-11  4.70E-11  4.80E-11  4.91E-11  5.14E-11  5.35E-11  5.53E-11  5.69E-11
  169  19  16  1.22E-11  1.23E-11  1.25E-11  1.30E-11  1.35E-11  1.40E-11  1.44E-11  1.49E-11  1.52E-11  1.56E-11  1.59E-11  1.65E-11  1.69E-11  1.74E-11  1.77E-11  1.81E-11  1.84E-11  1.87E-11  1.89E-11  1.92E-11  1.94E-11  2.00E-11  2.05E-11  2.10E-11  2.14E-11
  170  19  17  5.15E-11  5.39E-11  5.74E-11  6.13E-11  6.52E-11  6.89E-11  7.23E-11  7.54E-11  7.82E-11  8.08E-11  8.31E-11  8.72E-11  9.08E-11  9.38E-11  9.66E-11  9.90E-11  1.01E-10  1.03E-10  1.05E-10  1.07E-10  1.09E-10  1.13E-10  1.16E-10  1.19E-10  1.22E-10
  171  19  18  1.68E-11  1.68E-11  1.63E-11  1.63E-11  1.65E-11  1.68E-11  1.71E-11  1.74E-11  1.77E-11  1.80E-11  1.83E-11  1.89E-11  1.95E-11  2.00E-11  2.05E-11  2.10E-11  2.14E-11  2.18E-11  2.22E-11  2.26E-11  2.30E-11  2.38E-11  2.45E-11  2.51E-11  2.57E-11
  172  20   1  2.50E-16  2.74E-16  3.66E-16  5.32E-16  8.11E-16  1.26E-15  1.94E-15  2.93E-15  4.29E-15  6.07E-15  8.31E-15  1.43E-14  2.22E-14  3.19E-14  4.32E-14  5.57E-14  6.93E-14  8.35E-14  9.82E-14  1.13E-13  1.28E-13  1.66E-13  2.02E-13  2.37E-13  2.69E-13
  173  20   2  1.55E-15  1.70E-15  2.24E-15  3.21E-15  4.73E-15  6.94E-15  1.00E-14  1.41E-14  1.92E-14  2.55E-14  3.30E-14  5.13E-14  7.36E-14  9.92E-14  1.27E-13  1.57E-13  1.88E-13  2.20E-13  2.52E-13  2.83E-13  3.15E-13  3.92E-13  4.67E-13  5.38E-13  6.07E-13
  174  20   3  2.80E-15  3.14E-15  4.30E-15  6.29E-15  9.39E-15  1.39E-14  2.03E-14  2.86E-14  3.93E-14  5.23E-14  6.79E-14  1.06E-13  1.54E-13  2.10E-13  2.72E-13  3.39E-13  4.11E-13  4.84E-13  5.60E-13  6.36E-13  7.12E-13  8.99E-13  1.08E-12  1.25E-12  1.41E-12
  175  20   4  1.22E-14  1.31E-14  1.68E-14  2.30E-14  3.18E-14  4.36E-14  5.85E-14  7.64E-14  9.72E-14  1.21E-13  1.47E-13  2.06E-13  2.72E-13  3.43E-13  4.16E-13  4.92E-13  5.69E-13  6.47E-13  7.24E-13  8.00E-13  8.77E-13  1.06E-12  1.25E-12  1.42E-12  1.59E-12
  176  20   5  2.20E-14  2.37E-14  3.02E-14  4.11E-14  5.65E-14  7.69E-14  1.03E-13  1.34E-13  1.70E-13  2.11E-13  2.56E-13  3.59E-13  4.75E-13  6.01E-13  7.34E-13  8.71E-13  1.01E-12  1.15E-12  1.29E-12  1.43E-12  1.57E-12  1.90E-12  2.22E-12  2.51E-12  2.78E-12
  177  20   6  7.16E-14  7.53E-14  9.19E-14  1.18E-13  1.53E-13  1.96E-13  2.45E-13  2.99E-13  3.58E-13  4.20E-13  4.84E-13  6.17E-13  7.54E-13  8.91E-13  1.03E-12  1.16E-12  1.30E-12  1.43E-12  1.56E-12  1.70E-12  1.83E-12  2.15E-12  2.47E-12  2.77E-12  3.07E-12
  178  20   7  1.18E-13  1.23E-13  1.48E-13  1.88E-13  2.41E-13  3.05E-13  3.79E-13  4.62E-13  5.53E-13  6.50E-13  7.51E-13  9.65E-13  1.19E-12  1.41E-12  1.64E-12  1.86E-12  2.08E-12  2.29E-12  2.50E-12  2.70E-12  2.90E-12  3.37E-12  3.80E-12  4.19E-12  4.55E-12
  179  20   8  3.10E-13  3.20E-13  3.75E-13  4.58E-13  5.61E-13  6.76E-13  7.99E-13  9.27E-13  1.06E-12  1.19E-12  1.31E-12  1.57E-12  1.81E-12  2.04E-12  2.27E-12  2.49E-12  2.71E-12  2.93E-12  3.14E-12  3.35E-12  3.56E-12  4.08E-12  4.59E-12  5.08E-12  5.55E-12
  180  20   9  4.41E-13  4.55E-13  5.25E-13  6.33E-13  7.67E-13  9.21E-13  1.09E-12  1.26E-12  1.45E-12  1.63E-12  1.82E-12  2.18E-12  2.54E-12  2.89E-12  3.22E-12  3.53E-12  3.83E-12  4.12E-12  4.39E-12  4.65E-12  4.89E-12  5.47E-12  5.98E-12  6.45E-12  6.88E-12
  181  20  10  1.01E-12  1.03E-12  1.18E-12  1.38E-12  1.62E-12  1.88E-12  2.13E-12  2.38E-12  2.63E-12  2.86E-12  3.09E-12  3.52E-12  3.93E-12  4.32E-12  4.70E-12  5.07E-12  5.43E-12  5.79E-12  6.14E-12  6.48E-12  6.82E-12  7.65E-12  8.43E-12  9.17E-12  9.87E-12
  182  20  11  1.32E-12  1.34E-12  1.49E-12  1.73E-12  2.00E-12  2.30E-12  2.60E-12  2.91E-12  3.21E-12  3.51E-12  3.80E-12  4.34E-12  4.84E-12  5.30E-12  5.72E-12  6.11E-12  6.48E-12  6.81E-12  7.13E-12  7.42E-12  7.70E-12  8.34E-12  8.90E-12  9.40E-12  9.85E-12
  183  20  12  2.67E-12  2.74E-12  3.06E-12  3.50E-12  3.99E-12  4.48E-12  4.97E-12  5.43E-12  5.87E-12  6.29E-12  6.70E-12  7.46E-12  8.19E-12  8.87E-12  9.53E-12  1.02E-11  1.08E-11  1.14E-11  1.19E-11  1.25E-11  1.30E-11  1.43E-11  1.54E-11  1.65E-11  1.74E-11
  184  20  13  3.32E-12  3.35E-12  3.60E-12  4.00E-12  4.45E-12  4.93E-12  5.39E-12  5.84E-12  6.27E-12  6.67E-12  7.04E-12  7.72E-12  8.32E-12  8.85E-12  9.32E-12  9.74E-12  1.01E-11  1.05E-11  1.08E-11  1.11E-11  1.14E-11  1.20E-11  1.26E-11  1.31E-11  1.35E-11
  185  20  14  6.45E-12  6.62E-12  7.29E-12  8.19E-12  9.15E-12  1.01E-11  1.10E-11  1.19E-11  1.27E-11  1.35E-11  1.43E-11  1.57E-11  1.70E-11  1.83E-11  1.94E-11  2.04E-11  2.14E-11  2.23E-11  2.32E-11  2.40E-11  2.48E-11  2.66E-11  2.82E-11  2.96E-11  3.09E-11
  186  20  15  7.23E-12  7.22E-12  7.52E-12  8.05E-12  8.65E-12  9.26E-12  9.82E-12  1.04E-11  1.08E-11  1.13E-11  1.17E-11  1.24E-11  1.30E-11  1.35E-11  1.39E-11  1.43E-11  1.47E-11  1.50E-11  1.53E-11  1.55E-11  1.58E-11  1.63E-11  1.68E-11  1.73E-11  1.77E-11
  187  20  16  1.60E-11  1.64E-11  1.79E-11  1.97E-11  2.16E-11  2.35E-11  2.54E-11  2.71E-11  2.87E-11  3.02E-11  3.16E-11  3.42E-11  3.65E-11  3.85E-11  4.03E-11  4.19E-11  4.34E-11  4.47E-11  4.60E-11  4.72E-11  4.83E-11  5.07E-11  5.29E-11  5.48E-11  5.65E-11
  188  20  17  1.33E-11  1.32E-11  1.33E-11  1.38E-11  1.44E-11  1.49E-11  1.54E-11  1.59E-11  1.63E-11  1.67E-11  1.70E-11  1.76E-11  1.81E-11  1.85E-11  1.88E-11  1.92E-11  1.94E-11  1.97E-11  2.00E-11  2.02E-11  2.04E-11  2.09E-11  2.14E-11  2.18E-11  2.22E-11
  189  20  18  5.01E-11  5.09E-11  5.35E-11  5.72E-11  6.10E-11  6.47E-11  6.81E-11  7.13E-11  7.42E-11  7.69E-11  7.94E-11  8.38E-11  8.76E-11  9.09E-11  9.38E-11  9.65E-11  9.89E-11  1.01E-10  1.03E-10  1.05E-10  1.07E-10  1.11E-10  1.15E-10  1.18E-10  1.21E-10
  190  20  19  1.93E-11  1.87E-11  1.81E-11  1.81E-11  1.82E-11  1.85E-11  1.87E-11  1.90E-11  1.93E-11  1.96E-11  1.99E-11  2.04E-11  2.09E-11  2.14E-11  2.19E-11  2.23E-11  2.27E-11  2.31E-11  2.34E-11  2.37E-11  2.41E-11  2.48E-11  2.55E-11  2.61E-11  2.66E-11
  191  21   1  2.13E-16  2.50E-16  3.38E-16  4.85E-16  7.20E-16  1.08E-15  1.60E-15  2.32E-15  3.28E-15  4.51E-15  6.03E-15  9.97E-15  1.51E-14  2.13E-14  2.83E-14  3.61E-14  4.43E-14  5.29E-14  6.17E-14  7.06E-14  7.95E-14  1.02E-13  1.23E-13  1.43E-13  1.63E-13
  192  21   2  5.85E-16  6.99E-16  9.70E-16  1.42E-15  2.14E-15  3.26E-15  4.92E-15  7.27E-15  1.05E-14  1.46E-14  1.98E-14  3.37E-14  5.22E-14  7.52E-14  1.02E-13  1.32E-13  1.66E-13  2.01E-13  2.37E-13  2.75E-13  3.14E-13  4.11E-13  5.06E-13  5.98E-13  6.84E-13
  193  21   3  2.40E-15  2.82E-15  3.82E-15  5.43E-15  7.86E-15  1.13E-14  1.59E-14  2.19E-14  2.94E-14  3.84E-14  4.89E-14  7.44E-14  1.05E-13  1.41E-13  1.79E-13  2.21E-13  2.64E-13  3.08E-13  3.53E-13  3.99E-13  4.44E-13  5.56E-13  6.64E-13  7.68E-13  8.68E-13
  194  21   4  4.34E-15  5.18E-15  7.14E-15  1.03E-14  1.49E-14  2.15E-14  3.04E-14  4.18E-14  5.60E-14  7.31E-14  9.30E-14  1.41E-13  2.00E-13  2.68E-13  3.43E-13  4.24E-13  5.10E-13  5.98E-13  6.89E-13  7.80E-13  8.72E-13  1.10E-12  1.32E-12  1.53E-12  1.73E-12
  195  21   5  1.59E-14  1.83E-14  2.39E-14  3.24E-14  4.42E-14  5.95E-14  7.84E-14  1.01E-13  1.26E-13  1.55E-13  1.86E-13  2.55E-13  3.30E-13  4.10E-13  4.93E-13  5.78E-13  6.63E-13  7.49E-13  8.35E-13  9.21E-13  1.01E-12  1.22E-12  1.42E-12  1.62E-12  1.81E-12
  196  21   6  2.90E-14  3.33E-14  4.31E-14  5.76E-14  7.78E-14  1.04E-13  1.36E-13  1.74E-13  2.17E-13  2.66E-13  3.19E-13  4.38E-13  5.70E-13  7.11E-13  8.57E-13  1.01E-12  1.16E-12  1.31E-12  1.46E-12  1.61E-12  1.76E-12  2.12E-12  2.46E-12  2.78E-12  3.07E-12
  197  21   7  8.08E-14  9.15E-14  1.14E-13  1.47E-13  1.88E-13  2.38E-13  2.95E-13  3.57E-13  4.23E-13  4.92E-13  5.63E-13  7.08E-13  8.55E-13  1.00E-12  1.15E-12  1.29E-12  1.43E-12  1.57E-12  1.71E-12  1.84E-12  1.98E-12  2.32E-12  2.65E-12  2.98E-12  3.29E-12
  198  21   8  1.33E-13  1.50E-13  1.85E-13  2.34E-13  2.97E-13  3.72E-13  4.59E-13  5.54E-13  6.57E-13  7.66E-13  8.80E-13  1.12E-12  1.36E-12  1.60E-12  1.84E-12  2.08E-12  2.31E-12  2.53E-12  2.75E-12  2.96E-12  3.16E-12  3.64E-12  4.09E-12  4.49E-12  4.87E-12
  199  21   9  3.07E-13  3.44E-13  4.15E-13  5.09E-13  6.22E-13  7.47E-13  8.80E-13  1.02E-12  1.15E-12  1.29E-12  1.43E-12  1.69E-12  1.94E-12  2.18E-12  2.41E-12  2.64E-12  2.87E-12  3.09E-12  3.31E-12  3.52E-12  3.74E-12  4.27E-12  4.79E-12  5.30E-12  5.78E-12
  200  21  10  4.56E-13  5.09E-13  6.04E-13  7.31E-13  8.83E-13  1.06E-12  1.24E-12  1.44E-12  1.64E-12  1.84E-12  2.04E-12  2.43E-12  2.82E-12  3.18E-12  3.53E-12  3.85E-12  4.16E-12  4.45E-12  4.73E-12  5.00E-12  5.25E-12  5.83E-12  6.35E-12  6.82E-12  7.24E-12
  201  21  11  8.99E-13  1.00E-12  1.19E-12  1.41E-12  1.66E-12  1.92E-12  2.18E-12  2.44E-12  2.69E-12  2.93E-12  3.16E-12  3.61E-12  4.02E-12  4.42E-12  4.81E-12  5.19E-12  5.56E-12  5.92E-12  6.28E-12  6.63E-12  6.98E-12  7.82E-12  8.62E-12  9.38E-12  1.01E-11
  202  21  12  1.28E-12  1.42E-12  1.63E-12  1.89E-12  2.20E-12  2.52E-12  2.86E-12  3.19E-12  3.52E-12  3.83E-12  4.14E-12  4.71E-12  5.24E-12  5.72E-12  6.16E-12  6.56E-12  6.93E-12  7.27E-12  7.59E-12  7.89E-12  8.17E-12  8.80E-12  9.35E-12  9.85E-12  1.03E-11
  203  21  13  2.21E-12  2.47E-12  2.87E-12  3.33E-12  3.82E-12  4.32E-12  4.80E-12  5.27E-12  5.71E-12  6.14E-12  6.55E-12  7.33E-12  8.08E-12  8.78E-12  9.46E-12  1.01E-11  1.07E-11  1.13E-11  1.19E-11  1.25E-11  1.30E-11  1.43E-11  1.55E-11  1.66E-11  1.76E-11
  204  21  14  3.09E-12  3.39E-12  3.78E-12  4.24E-12  4.75E-12  5.26E-12  5.77E-12  6.25E-12  6.71E-12  7.13E-12  7.53E-12  8.25E-12  8.87E-12  9.42E-12  9.91E-12  1.03E-11  1.07E-11  1.11E-11  1.14E-11  1.17E-11  1.20E-11  1.26E-11  1.31E-11  1.36E-11  1.40E-11
  205  21  15  5.06E-12  5.68E-12  6.53E-12  7.45E-12  8.40E-12  9.35E-12  1.03E-11  1.11E-11  1.20E-11  1.28E-11  1.36E-11  1.51E-11  1.64E-11  1.77E-11  1.88E-11  1.99E-11  2.10E-11  2.19E-11  2.28E-11  2.37E-11  2.45E-11  2.63E-11  2.80E-11  2.95E-11  3.08E-11
  206  21  16  6.52E-12  7.12E-12  7.73E-12  8.38E-12  9.07E-12  9.73E-12  1.04E-11  1.09E-11  1.15E-11  1.19E-11  1.24E-11  1.31E-11  1.37E-11  1.42E-11  1.47E-11  1.51E-11  1.55E-11  1.58E-11  1.61E-11  1.63E-11  1.66E-11  1.71E-11  1.76E-11  1.80E-11  1.84E-11
  207  21  17  1.24E-11  1.39E-11  1.58E-11  1.77E-11  1.96E-11  2.15E-11  2.33E-11  2.51E-11  2.67E-11  2.82E-11  2.97E-11  3.24E-11  3.48E-11  3.69E-11  3.88E-11  4.05E-11  4.21E-11  4.35E-11  4.49E-11  4.61E-11  4.73E-11  4.99E-11  5.22E-11  5.42E-11  5.60E-11
  208  21  18  1.19E-11  1.29E-11  1.36E-11  1.43E-11  1.50E-11  1.57E-11  1.62E-11  1.68E-11  1.72E-11  1.76E-11  1.80E-11  1.86E-11  1.91E-11  1.95E-11  1.99E-11  2.02E-11  2.05E-11  2.07E-11  2.10E-11  2.12E-11  2.14E-11  2.19E-11  2.23E-11  2.27E-11  2.31E-11
  209  21  19  3.97E-11  4.43E-11  4.86E-11  5.26E-11  5.65E-11  6.03E-11  6.38E-11  6.71E-11  7.02E-11  7.30E-11  7.56E-11  8.02E-11  8.43E-11  8.78E-11  9.10E-11  9.38E-11  9.64E-11  9.88E-11  1.01E-10  1.03E-10  1.05E-10  1.09E-10  1.13E-10  1.17E-10  1.20E-10
  210  21  20  1.77E-11  1.90E-11  1.92E-11  1.93E-11  1.96E-11  1.99E-11  2.02E-11  2.05E-11  2.07E-11  2.10E-11  2.13E-11  2.18E-11  2.23E-11  2.27E-11  2.32E-11  2.35E-11  2.39E-11  2.43E-11  2.46E-11  2.49E-11  2.52E-11  2.59E-11  2.65E-11  2.71E-11  2.76E-11
  211  22   1  1.11E-16  1.29E-16  1.72E-16  2.43E-16  3.57E-16  5.37E-16  8.11E-16  1.22E-15  1.79E-15  2.57E-15  3.59E-15  6.46E-15  1.05E-14  1.59E-14  2.24E-14  2.99E-14  3.84E-14  4.76E-14  5.75E-14  6.77E-14  7.84E-14  1.06E-13  1.33E-13  1.60E-13  1.86E-13
  212  22   2  5.47E-16  6.42E-16  8.67E-16  1.24E-15  1.82E-15  2.69E-15  3.92E-15  5.62E-15  7.86E-15  1.07E-14  1.42E-14  2.34E-14  3.54E-14  5.00E-14  6.70E-14  8.58E-14  1.06E-13  1.27E-13  1.50E-13  1.72E-13  1.95E-13  2.52E-13  3.08E-13  3.62E-13  4.13E-13
  213  22   3  1.02E-15  1.22E-15  1.70E-15  2.49E-15  3.73E-15  5.57E-15  8.22E-15  1.18E-14  1.66E-14  2.28E-14  3.03E-14  5.00E-14  7.60E-14  1.08E-13  1.46E-13  1.88E-13  2.34E-13  2.83E-13  3.35E-13  3.88E-13  4.43E-13  5.82E-13  7.20E-13  8.54E-13  9.81E-13
  214  22   4  3.79E-15  4.43E-15  5.94E-15  8.33E-15  1.18E-14  1.67E-14  2.31E-14  3.12E-14  4.10E-14  5.26E-14  6.60E-14  9.79E-14  1.36E-13  1.79E-13  2.25E-13  2.75E-13  3.27E-13  3.80E-13  4.34E-13  4.89E-13  5.44E-13  6.80E-13  8.13E-13  9.42E-13  1.07E-12
  215  22   5  7.06E-15  8.29E-15  1.12E-14  1.57E-14  2.22E-14  3.13E-14  4.31E-14  5.80E-14  7.61E-14  9.74E-14  1.22E-13  1.80E-13  2.50E-13  3.29E-13  4.15E-13  5.07E-13  6.04E-13  7.04E-13  8.06E-13  9.09E-13  1.01E-12  1.27E-12  1.52E-12  1.76E-12  1.98E-12
  216  22   6  2.20E-14  2.52E-14  3.26E-14  4.36E-14  5.85E-14  7.75E-14  1.01E-13  1.27E-13  1.58E-13  1.91E-13  2.27E-13  3.06E-13  3.90E-13  4.79E-13  5.69E-13  6.61E-13  7.53E-13  8.46E-13  9.38E-13  1.03E-12  1.12E-12  1.35E-12  1.57E-12  1.79E-12  2.00E-12
  217  22   7  4.04E-14  4.61E-14  5.87E-14  7.72E-14  1.02E-13  1.34E-13  1.73E-13  2.18E-13  2.69E-13  3.26E-13  3.88E-13  5.23E-13  6.70E-13  8.25E-13  9.85E-13  1.15E-12  1.31E-12  1.47E-12  1.63E-12  1.79E-12  1.95E-12  2.33E-12  2.68E-12  3.02E-12  3.33E-12
  218  22   8  9.85E-14  1.11E-13  1.38E-13  1.76E-13  2.24E-13  2.80E-13  3.44E-13  4.13E-13  4.86E-13  5.61E-13  6.39E-13  7.95E-13  9.52E-13  1.11E-12  1.26E-12  1.41E-12  1.55E-12  1.70E-12  1.84E-12  1.98E-12  2.12E-12  2.47E-12  2.81E-12  3.15E-12  3.48E-12
  219  22   9  1.65E-13  1.85E-13  2.26E-13  2.84E-13  3.57E-13  4.43E-13  5.41E-13  6.49E-13  7.64E-13  8.85E-13  1.01E-12  1.27E-12  1.53E-12  1.79E-12  2.05E-12  2.30E-12  2.54E-12  2.77E-12  3.00E-12  3.21E-12  3.42E-12  3.91E-12  4.37E-12  4.78E-12  5.16E-12
  220  22  10  3.34E-13  3.74E-13  4.52E-13  5.54E-13  6.74E-13  8.07E-13  9.48E-13  1.09E-12  1.24E-12  1.38E-12  1.52E-12  1.79E-12  2.05E-12  2.30E-12  2.53E-12  2.77E-12  3.00E-12  3.22E-12  3.45E-12  3.67E-12  3.89E-12  4.43E-12  4.96E-12  5.48E-12  5.97E-12
  221  22  11  5.22E-13  5.81E-13  6.89E-13  8.29E-13  9.98E-13  1.19E-12  1.39E-12  1.60E-12  1.82E-12  2.04E-12  2.25E-12  2.68E-12  3.08E-12  3.46E-12  3.83E-12  4.16E-12  4.48E-12  4.79E-12  5.07E-12  5.34E-12  5.59E-12  6.18E-12  6.70E-12  7.17E-12  7.59E-12
  222  22  12  8.96E-13  1.00E-12  1.19E-12  1.41E-12  1.67E-12  1.93E-12  2.20E-12  2.46E-12  2.71E-12  2.95E-12  3.19E-12  3.64E-12  4.06E-12  4.47E-12  4.87E-12  5.25E-12  5.63E-12  6.01E-12  6.37E-12  6.73E-12  7.09E-12  7.94E-12  8.76E-12  9.53E-12  1.02E-11
  223  22  13  1.39E-12  1.54E-12  1.77E-12  2.06E-12  2.38E-12  2.73E-12  3.09E-12  3.45E-12  3.80E-12  4.13E-12  4.46E-12  5.06E-12  5.62E-12  6.12E-12  6.57E-12  6.98E-12  7.36E-12  7.71E-12  8.04E-12  8.34E-12  8.62E-12  9.25E-12  9.80E-12  1.03E-11  1.07E-11
  224  22  14  2.06E-12  2.31E-12  2.70E-12  3.15E-12  3.63E-12  4.11E-12  4.59E-12  5.05E-12  5.49E-12  5.92E-12  6.34E-12  7.13E-12  7.88E-12  8.61E-12  9.30E-12  9.98E-12  1.06E-11  1.12E-11  1.18E-11  1.24E-11  1.30E-11  1.43E-11  1.55E-11  1.66E-11  1.76E-11
  225  22  15  3.24E-12  3.56E-12  3.99E-12  4.48E-12  5.01E-12  5.56E-12  6.10E-12  6.62E-12  7.10E-12  7.55E-12  7.97E-12  8.73E-12  9.39E-12  9.96E-12  1.05E-11  1.09E-11  1.13E-11  1.17E-11  1.20E-11  1.23E-11  1.26E-11  1.32E-11  1.37E-11  1.42E-11  1.46E-11
  226  22  16  4.51E-12  5.09E-12  5.89E-12  6.77E-12  7.68E-12  8.59E-12  9.49E-12  1.04E-11  1.12E-11  1.20E-11  1.28E-11  1.43E-11  1.57E-11  1.70E-11  1.82E-11  1.93E-11  2.04E-11  2.14E-11  2.24E-11  2.32E-11  2.41E-11  2.60E-11  2.77E-11  2.92E-11  3.06E-11
  227  22  17  6.68E-12  7.33E-12  7.99E-12  8.69E-12  9.43E-12  1.01E-11  1.08E-11  1.14E-11  1.20E-11  1.25E-11  1.30E-11  1.38E-11  1.44E-11  1.50E-11  1.54E-11  1.58E-11  1.62E-11  1.65E-11  1.68E-11  1.71E-11  1.73E-11  1.78E-11  1.83E-11  1.87E-11  1.90E-11
  228  22  18  1.10E-11  1.24E-11  1.41E-11  1.59E-11  1.78E-11  1.96E-11  2.14E-11  2.31E-11  2.48E-11  2.63E-11  2.78E-11  3.05E-11  3.30E-11  3.52E-11  3.72E-11  3.90E-11  4.07E-11  4.22E-11  4.36E-11  4.49E-11  4.62E-11  4.89E-11  5.13E-11  5.34E-11  5.53E-11
  229  22  19  1.22E-11  1.33E-11  1.41E-11  1.48E-11  1.56E-11  1.63E-11  1.70E-11  1.75E-11  1.80E-11  1.85E-11  1.89E-11  1.95E-11  2.01E-11  2.05E-11  2.09E-11  2.12E-11  2.15E-11  2.17E-11  2.20E-11  2.22E-11  2.24E-11  2.28E-11  2.32E-11  2.36E-11  2.39E-11
  230  22  20  3.65E-11  4.08E-11  4.49E-11  4.88E-11  5.27E-11  5.64E-11  5.99E-11  6.33E-11  6.64E-11  6.92E-11  7.19E-11  7.67E-11  8.10E-11  8.47E-11  8.80E-11  9.10E-11  9.38E-11  9.63E-11  9.87E-11  1.01E-10  1.03E-10  1.08E-10  1.12E-10  1.15E-10  1.19E-10
  231  22  21  1.89E-11  2.03E-11  2.06E-11  2.07E-11  2.09E-11  2.12E-11  2.15E-11  2.18E-11  2.21E-11  2.24E-11  2.27E-11  2.32E-11  2.36E-11  2.40E-11  2.44E-11  2.48E-11  2.52E-11  2.55E-11  2.58E-11  2.61E-11  2.63E-11  2.70E-11  2.76E-11  2.81E-11  2.86E-11
  232  23   1  1.06E-16  1.14E-16  1.46E-16  2.05E-16  2.98E-16  4.39E-16  6.48E-16  9.45E-16  1.35E-15  1.89E-15  2.59E-15  4.49E-15  7.15E-15  1.06E-14  1.47E-14  1.95E-14  2.48E-14  3.05E-14  3.65E-14  4.28E-14  4.92E-14  6.56E-14  8.19E-14  9.76E-14  1.13E-13
  233  23   2  3.14E-16  3.41E-16  4.45E-16  6.29E-16  9.25E-16  1.38E-15  2.06E-15  3.05E-15  4.42E-15  6.27E-15  8.67E-15  1.54E-14  2.49E-14  3.75E-14  5.29E-14  7.11E-14  9.16E-14  1.14E-13  1.39E-13  1.64E-13  1.91E-13  2.61E-13  3.32E-13  4.02E-13  4.70E-13
  234  23   3  1.04E-15  1.13E-15  1.48E-15  2.08E-15  3.02E-15  4.40E-15  6.32E-15  8.90E-15  1.22E-14  1.64E-14  2.15E-14  3.45E-14  5.13E-14  7.18E-14  9.54E-14  1.22E-13  1.50E-13  1.80E-13  2.12E-13  2.44E-13  2.77E-13  3.60E-13  4.41E-13  5.21E-13  5.96E-13
  235  23   4  1.89E-15  2.09E-15  2.79E-15  4.01E-15  5.88E-15  8.63E-15  1.25E-14  1.76E-14  2.42E-14  3.24E-14  4.23E-14  6.77E-14  1.00E-13  1.40E-13  1.86E-13  2.37E-13  2.93E-13  3.52E-13  4.15E-13  4.79E-13  5.45E-13  7.14E-13  8.83E-13  1.05E-12  1.20E-12
  236  23   5  6.38E-15  6.85E-15  8.77E-15  1.20E-14  1.68E-14  2.32E-14  3.16E-14  4.20E-14  5.43E-14  6.88E-14  8.52E-14  1.23E-13  1.68E-13  2.18E-13  2.71E-13  3.28E-13  3.86E-13  4.46E-13  5.07E-13  5.68E-13  6.30E-13  7.84E-13  9.35E-13  1.08E-12  1.22E-12
  237  23   6  1.22E-14  1.30E-14  1.66E-14  2.26E-14  3.13E-14  4.31E-14  5.83E-14  7.70E-14  9.93E-14  1.25E-13  1.55E-13  2.24E-13  3.04E-13  3.94E-13  4.91E-13  5.93E-13  7.00E-13  8.09E-13  9.20E-13  1.03E-12  1.14E-12  1.42E-12  1.69E-12  1.95E-12  2.19E-12
  238  23   7  3.29E-14  3.47E-14  4.28E-14  5.61E-14  7.42E-14  9.70E-14  1.24E-13  1.56E-13  1.91E-13  2.29E-13  2.70E-13  3.58E-13  4.51E-13  5.47E-13  6.45E-13  7.43E-13  8.41E-13  9.39E-13  1.04E-12  1.13E-12  1.23E-12  1.47E-12  1.70E-12  1.93E-12  2.15E-12
  239  23   8  6.06E-14  6.36E-14  7.72E-14  9.94E-14  1.30E-13  1.68E-13  2.13E-13  2.66E-13  3.25E-13  3.90E-13  4.59E-13  6.10E-13  7.73E-13  9.42E-13  1.12E-12  1.29E-12  1.46E-12  1.64E-12  1.81E-12  1.97E-12  2.14E-12  2.53E-12  2.90E-12  3.24E-12  3.56E-12
  240  23   9  1.31E-13  1.37E-13  1.63E-13  2.04E-13  2.57E-13  3.20E-13  3.89E-13  4.65E-13  5.44E-13  6.25E-13  7.08E-13  8.75E-13  1.04E-12  1.20E-12  1.36E-12  1.51E-12  1.66E-12  1.81E-12  1.96E-12  2.10E-12  2.25E-12  2.61E-12  2.96E-12  3.31E-12  3.64E-12
  241  23  10  2.24E-13  2.32E-13  2.72E-13  3.35E-13  4.17E-13  5.14E-13  6.24E-13  7.43E-13  8.70E-13  1.00E-12  1.14E-12  1.42E-12  1.70E-12  1.98E-12  2.25E-12  2.51E-12  2.76E-12  3.00E-12  3.24E-12  3.46E-12  3.68E-12  4.18E-12  4.64E-12  5.06E-12  5.44E-12
  242  23  11  4.04E-13  4.18E-13  4.86E-13  5.89E-13  7.14E-13  8.51E-13  9.97E-13  1.15E-12  1.29E-12  1.44E-12  1.58E-12  1.86E-12  2.13E-12  2.38E-12  2.63E-12  2.86E-12  3.10E-12  3.33E-12  3.56E-12  3.78E-12  4.01E-12  4.56E-12  5.11E-12  5.63E-12  6.13E-12
  243  23  12  6.66E-13  6.84E-13  7.79E-13  9.27E-13  1.11E-12  1.31E-12  1.53E-12  1.76E-12  1.99E-12  2.22E-12  2.45E-12  2.90E-12  3.33E-12  3.73E-12  4.11E-12  4.46E-12  4.79E-12  5.10E-12  5.40E-12  5.67E-12  5.93E-12  6.52E-12  7.05E-12  7.52E-12  7.94E-12
  244  23  13  1.00E-12  1.04E-12  1.19E-12  1.40E-12  1.65E-12  1.91E-12  2.17E-12  2.43E-12  2.68E-12  2.93E-12  3.17E-12  3.62E-12  4.05E-12  4.47E-12  4.87E-12  5.26E-12  5.65E-12  6.03E-12  6.41E-12  6.78E-12  7.14E-12  8.02E-12  8.85E-12  9.63E-12  1.04E-11
  245  23  14  1.70E-12  1.73E-12  1.92E-12  2.21E-12  2.55E-12  2.92E-12  3.30E-12  3.68E-12  4.04E-12  4.40E-12  4.74E-12  5.38E-12  5.96E-12  6.48E-12  6.95E-12  7.38E-12  7.77E-12  8.13E-12  8.46E-12  8.77E-12  9.05E-12  9.69E-12  1.02E-11  1.07E-11  1.11E-11
  246  23  15  2.17E-12  2.25E-12  2.55E-12  2.96E-12  3.41E-12  3.87E-12  4.33E-12  4.78E-12  5.21E-12  5.64E-12  6.05E-12  6.85E-12  7.62E-12  8.35E-12  9.07E-12  9.75E-12  1.04E-11  1.11E-11  1.17E-11  1.23E-11  1.29E-11  1.42E-11  1.54E-11  1.66E-11  1.76E-11
  247  23  16  3.85E-12  3.90E-12  4.21E-12  4.70E-12  5.25E-12  5.82E-12  6.38E-12  6.93E-12  7.44E-12  7.92E-12  8.36E-12  9.16E-12  9.85E-12  1.04E-11  1.10E-11  1.14E-11  1.18E-11  1.22E-11  1.25E-11  1.28E-11  1.31E-11  1.37E-11  1.42E-11  1.47E-11  1.51E-11
  248  23  17  4.59E-12  4.77E-12  5.36E-12  6.14E-12  6.98E-12  7.84E-12  8.70E-12  9.54E-12  1.04E-11  1.12E-11  1.19E-11  1.35E-11  1.49E-11  1.62E-11  1.75E-11  1.86E-11  1.97E-11  2.08E-11  2.17E-11  2.27E-11  2.35E-11  2.55E-11  2.73E-11  2.88E-11  3.02E-11
  249  23  18  7.83E-12  7.90E-12  8.33E-12  9.01E-12  9.76E-12  1.05E-11  1.12E-11  1.19E-11  1.25E-11  1.30E-11  1.35E-11  1.44E-11  1.51E-11  1.56E-11  1.61E-11  1.65E-11  1.69E-11  1.72E-11  1.75E-11  1.78E-11  1.80E-11  1.86E-11  1.90E-11  1.94E-11  1.97E-11
  250  23  19  1.12E-11  1.16E-11  1.28E-11  1.44E-11  1.61E-11  1.79E-11  1.96E-11  2.12E-11  2.28E-11  2.44E-11  2.59E-11  2.86E-11  3.12E-11  3.34E-11  3.55E-11  3.74E-11  3.92E-11  4.08E-11  4.22E-11  4.36E-11  4.49E-11  4.78E-11  5.03E-11  5.25E-11  5.45E-11
  251  23  20  1.43E-11  1.44E-11  1.48E-11  1.54E-11  1.62E-11  1.70E-11  1.77E-11  1.83E-11  1.88E-11  1.93E-11  1.97E-11  2.04E-11  2.10E-11  2.15E-11  2.19E-11  2.22E-11  2.25E-11  2.27E-11  2.30E-11  2.32E-11  2.34E-11  2.38E-11  2.42E-11  2.45E-11  2.48E-11
  252  23  21  3.86E-11  3.96E-11  4.22E-11  4.56E-11  4.93E-11  5.29E-11  5.63E-11  5.96E-11  6.27E-11  6.56E-11  6.83E-11  7.33E-11  7.76E-11  8.15E-11  8.50E-11  8.82E-11  9.11E-11  9.38E-11  9.62E-11  9.85E-11  1.01E-10  1.06E-10  1.10E-10  1.14E-10  1.17E-10
  253  23  22  2.34E-11  2.30E-11  2.25E-11  2.24E-11  2.26E-11  2.28E-11  2.31E-11  2.34E-11  2.37E-11  2.39E-11  2.42E-11  2.47E-11  2.51E-11  2.55E-11  2.59E-11  2.62E-11  2.65E-11  2.68E-11  2.71E-11  2.74E-11  2.76E-11  2.82E-11  2.87E-11  2.92E-11  2.96E-11
  254  24   1  5.96E-17  6.48E-17  8.34E-17  1.15E-16  1.65E-16  2.42E-16  3.58E-16  5.28E-16  7.73E-16  1.11E-15  1.57E-15  2.92E-15  4.95E-15  7.76E-15  1.14E-14  1.58E-14  2.09E-14  2.66E-14  3.30E-14  3.98E-14  4.70E-14  6.62E-14  8.64E-14  1.07E-13  1.26E-13
  255  24   2  2.54E-16  2.80E-16  3.65E-16  5.14E-16  7.47E-16  1.10E-15  1.60E-15  2.32E-15  3.29E-15  4.56E-15  6.19E-15  1.07E-14  1.69E-14  2.50E-14  3.49E-14  4.65E-14  5.94E-14  7.36E-14  8.88E-14  1.05E-13  1.21E-13  1.64E-13  2.06E-13  2.48E-13  2.88E-13
  256  24   3  4.88E-16  5.46E-16  7.31E-16  1.05E-15  1.55E-15  2.31E-15  3.42E-15  4.98E-15  7.10E-15  9.89E-15  1.35E-14  2.32E-14  3.68E-14  5.45E-14  7.62E-14  1.02E-13  1.30E-13  1.62E-13  1.96E-13  2.32E-13  2.70E-13  3.69E-13  4.72E-13  5.74E-13  6.73E-13
  257  24   4  1.55E-15  1.71E-15  2.25E-15  3.16E-15  4.54E-15  6.53E-15  9.24E-15  1.28E-14  1.73E-14  2.29E-14  2.95E-14  4.62E-14  6.74E-14  9.27E-14  1.22E-13  1.54E-13  1.88E-13  2.25E-13  2.63E-13  3.02E-13  3.42E-13  4.43E-13  5.44E-13  6.43E-13  7.37E-13
  258  24   5  2.89E-15  3.23E-15  4.29E-15  6.08E-15  8.77E-15  1.26E-14  1.79E-14  2.47E-14  3.33E-14  4.39E-14  5.65E-14  8.79E-14  1.27E-13  1.74E-13  2.28E-13  2.87E-13  3.51E-13  4.19E-13  4.89E-13  5.62E-13  6.37E-13  8.27E-13  1.02E-12  1.20E-12  1.38E-12
  259  24   6  8.64E-15  9.43E-15  1.21E-14  1.64E-14  2.26E-14  3.09E-14  4.14E-14  5.42E-14  6.93E-14  8.67E-14  1.06E-13  1.51E-13  2.02E-13  2.58E-13  3.18E-13  3.81E-13  4.45E-13  5.10E-13  5.76E-13  6.43E-13  7.10E-13  8.76E-13  1.04E-12  1.20E-12  1.35E-12
  260  24   7  1.67E-14  1.82E-14  2.30E-14  3.09E-14  4.21E-14  5.69E-14  7.57E-14  9.85E-14  1.25E-13  1.56E-13  1.91E-13  2.71E-13  3.62E-13  4.62E-13  5.70E-13  6.82E-13  7.98E-13  9.16E-13  1.04E-12  1.16E-12  1.27E-12  1.57E-12  1.85E-12  2.13E-12  2.38E-12
  261  24   8  3.98E-14  4.27E-14  5.29E-14  6.88E-14  9.02E-14  1.17E-13  1.48E-13  1.84E-13  2.24E-13  2.67E-13  3.13E-13  4.09E-13  5.11E-13  6.14E-13  7.19E-13  8.23E-13  9.26E-13  1.03E-12  1.13E-12  1.23E-12  1.33E-12  1.58E-12  1.82E-12  2.06E-12  2.29E-12
  262  24   9  7.35E-14  7.85E-14  9.56E-14  1.22E-13  1.58E-13  2.03E-13  2.55E-13  3.16E-13  3.83E-13  4.55E-13  5.33E-13  7.00E-13  8.78E-13  1.06E-12  1.25E-12  1.43E-12  1.62E-12  1.80E-12  1.98E-12  2.15E-12  2.32E-12  2.73E-12  3.11E-12  3.46E-12  3.79E-12
  263  24  10  1.42E-13  1.52E-13  1.82E-13  2.28E-13  2.86E-13  3.54E-13  4.29E-13  5.10E-13  5.95E-13  6.81E-13  7.69E-13  9.45E-13  1.12E-12  1.29E-12  1.45E-12  1.61E-12  1.76E-12  1.91E-12  2.07E-12  2.21E-12  2.36E-12  2.73E-12  3.09E-12  3.44E-12  3.78E-12
  264  24  11  2.48E-13  2.63E-13  3.11E-13  3.83E-13  4.74E-13  5.82E-13  7.03E-13  8.34E-13  9.73E-13  1.12E-12  1.26E-12  1.57E-12  1.87E-12  2.16E-12  2.44E-12  2.72E-12  2.98E-12  3.23E-12  3.47E-12  3.71E-12  3.93E-12  4.44E-12  4.91E-12  5.33E-12  5.72E-12
  265  24  12  4.00E-13  4.24E-13  4.99E-13  6.07E-13  7.35E-13  8.77E-13  1.03E-12  1.18E-12  1.33E-12  1.48E-12  1.63E-12  1.91E-12  2.18E-12  2.44E-12  2.69E-12  2.93E-12  3.17E-12  3.41E-12  3.64E-12  3.87E-12  4.10E-12  4.67E-12  5.22E-12  5.75E-12  6.26E-12
  266  24  13  6.97E-13  7.33E-13  8.44E-13  1.01E-12  1.20E-12  1.42E-12  1.66E-12  1.90E-12  2.15E-12  2.40E-12  2.64E-12  3.12E-12  3.57E-12  3.99E-12  4.38E-12  4.75E-12  5.09E-12  5.41E-12  5.71E-12  5.99E-12  6.25E-12  6.86E-12  7.39E-12  7.86E-12  8.28E-12
  267  24  14  9.21E-13  9.78E-13  1.14E-12  1.35E-12  1.60E-12  1.85E-12  2.11E-12  2.37E-12  2.62E-12  2.86E-12  3.10E-12  3.56E-12  3.99E-12  4.41E-12  4.83E-12  5.23E-12  5.63E-12  6.02E-12  6.40E-12  6.78E-12  7.15E-12  8.04E-12  8.89E-12  9.69E-12  1.04E-11
  268  24  15  1.70E-12  1.78E-12  2.00E-12  2.32E-12  2.68E-12  3.07E-12  3.47E-12  3.87E-12  4.26E-12  4.63E-12  5.00E-12  5.67E-12  6.27E-12  6.82E-12  7.31E-12  7.75E-12  8.15E-12  8.52E-12  8.86E-12  9.17E-12  9.46E-12  1.01E-11  1.07E-11  1.11E-11  1.16E-11
  269  24  16  1.88E-12  2.01E-12  2.32E-12  2.71E-12  3.14E-12  3.58E-12  4.02E-12  4.46E-12  4.89E-12  5.31E-12  5.72E-12  6.52E-12  7.29E-12  8.04E-12  8.77E-12  9.47E-12  1.02E-11  1.08E-11  1.14E-11  1.21E-11  1.27E-11  1.40E-11  1.53E-11  1.65E-11  1.75E-11
  270  24  17  3.74E-12  3.89E-12  4.28E-12  4.81E-12  5.40E-12  6.00E-12  6.60E-12  7.17E-12  7.71E-12  8.22E-12  8.69E-12  9.53E-12  1.03E-11  1.09E-11  1.14E-11  1.19E-11  1.23E-11  1.27E-11  1.30E-11  1.34E-11  1.36E-11  1.43E-11  1.48E-11  1.52E-11  1.56E-11
  271  24  18  3.85E-12  4.13E-12  4.73E-12  5.47E-12  6.26E-12  7.07E-12  7.89E-12  8.70E-12  9.50E-12  1.03E-11  1.11E-11  1.26E-11  1.40E-11  1.54E-11  1.66E-11  1.78E-11  1.90E-11  2.01E-11  2.11E-11  2.20E-11  2.29E-11  2.50E-11  2.68E-11  2.84E-11  2.98E-11
  272  24  19  7.47E-12  7.77E-12  8.36E-12  9.12E-12  9.94E-12  1.08E-11  1.15E-11  1.22E-11  1.29E-11  1.35E-11  1.40E-11  1.49E-11  1.56E-11  1.62E-11  1.68E-11  1.72E-11  1.76E-11  1.79E-11  1.82E-11  1.85E-11  1.87E-11  1.92E-11  1.97E-11  2.01E-11  2.04E-11
  273  24  20  9.40E-12  1.01E-11  1.14E-11  1.29E-11  1.45E-11  1.61E-11  1.78E-11  1.94E-11  2.10E-11  2.25E-11  2.40E-11  2.67E-11  2.93E-11  3.16E-11  3.38E-11  3.57E-11  3.75E-11  3.92E-11  4.08E-11  4.22E-11  4.36E-11  4.66E-11  4.92E-11  5.15E-11  5.35E-11
  274  24  21  1.37E-11  1.42E-11  1.49E-11  1.57E-11  1.66E-11  1.75E-11  1.82E-11  1.89E-11  1.95E-11  2.01E-11  2.05E-11  2.13E-11  2.19E-11  2.24E-11  2.28E-11  2.32E-11  2.35E-11  2.37E-11  2.39E-11  2.42E-11  2.43E-11  2.48E-11  2.51E-11  2.54E-11  2.57E-11
  275  24  22  3.32E-11  3.55E-11  3.86E-11  4.20E-11  4.57E-11  4.92E-11  5.26E-11  5.59E-11  5.90E-11  6.20E-11  6.47E-11  6.98E-11  7.43E-11  7.83E-11  8.19E-11  8.52E-11  8.83E-11  9.11E-11  9.37E-11  9.61E-11  9.84E-11  1.03E-10  1.08E-10  1.12E-10  1.15E-10
  276  24  23  2.31E-11  2.36E-11  2.36E-11  2.37E-11  2.40E-11  2.43E-11  2.46E-11  2.50E-11  2.53E-11  2.55E-11  2.58E-11  2.62E-11  2.67E-11  2.70E-11  2.74E-11  2.77E-11  2.79E-11  2.82E-11  2.85E-11  2.87E-11  2.89E-11  2.94E-11  2.99E-11  3.03E-11  3.07E-11
  277  25   1  4.69E-17  4.99E-17  6.45E-17  8.99E-17  1.30E-16  1.89E-16  2.77E-16  4.02E-16  5.78E-16  8.16E-16  1.13E-15  2.04E-15  3.38E-15  5.22E-15  7.56E-15  1.04E-14  1.37E-14  1.74E-14  2.15E-14  2.58E-14  3.04E-14  4.24E-14  5.49E-14  6.72E-14  7.90E-14
  278  25   2  1.47E-16  1.57E-16  2.04E-16  2.87E-16  4.16E-16  6.11E-16  9.01E-16  1.32E-15  1.92E-15  2.74E-15  3.83E-15  7.01E-15  1.18E-14  1.84E-14  2.70E-14  3.75E-14  4.99E-14  6.39E-14  7.94E-14  9.63E-14  1.14E-13  1.63E-13  2.14E-13  2.67E-13  3.18E-13
  279  25   3  4.18E-16  4.50E-16  5.91E-16  8.35E-16  1.21E-15  1.78E-15  2.58E-15  3.69E-15  5.16E-15  7.07E-15  9.48E-15  1.60E-14  2.49E-14  3.63E-14  5.03E-14  6.65E-14  8.48E-14  1.05E-13  1.26E-13  1.49E-13  1.73E-13  2.34E-13  2.97E-13  3.58E-13  4.18E-13
  280  25   4  7.59E-16  8.36E-16  1.13E-15  1.62E-15  2.39E-15  3.53E-15  5.16E-15  7.40E-15  1.04E-14  1.42E-14  1.90E-14  3.19E-14  4.93E-14  7.16E-14  9.85E-14  1.30E-13  1.65E-13  2.03E-13  2.45E-13  2.89E-13  3.34E-13  4.55E-13  5.80E-13  7.05E-13  8.27E-13
  281  25   5  2.32E-15  2.49E-15  3.25E-15  4.54E-15  6.46E-15  9.17E-15  1.28E-14  1.75E-14  2.34E-14  3.04E-14  3.88E-14  5.94E-14  8.48E-14  1.15E-13  1.49E-13  1.85E-13  2.25E-13  2.67E-13  3.10E-13  3.54E-13  4.00E-13  5.15E-13  6.30E-13  7.42E-13  8.50E-13
  282  25   6  4.47E-15  4.82E-15  6.31E-15  8.79E-15  1.25E-14  1.76E-14  2.45E-14  3.33E-14  4.42E-14  5.74E-14  7.28E-14  1.11E-13  1.57E-13  2.11E-13  2.73E-13  3.39E-13  4.11E-13  4.86E-13  5.64E-13  6.44E-13  7.26E-13  9.33E-13  1.14E-12  1.34E-12  1.54E-12
  283  25   7  1.19E-14  1.26E-14  1.59E-14  2.14E-14  2.92E-14  3.94E-14  5.22E-14  6.76E-14  8.56E-14  1.06E-13  1.29E-13  1.80E-13  2.38E-13  3.00E-13  3.66E-13  4.34E-13  5.04E-13  5.74E-13  6.45E-13  7.16E-13  7.87E-13  9.63E-13  1.14E-12  1.31E-12  1.47E-12
  284  25   8  2.32E-14  2.43E-14  3.04E-14  4.03E-14  5.42E-14  7.23E-14  9.49E-14  1.22E-13  1.54E-13  1.90E-13  2.30E-13  3.20E-13  4.22E-13  5.34E-13  6.51E-13  7.74E-13  8.99E-13  1.02E-12  1.15E-12  1.28E-12  1.40E-12  1.71E-12  2.01E-12  2.29E-12  2.56E-12
  285  25   9  4.94E-14  5.14E-14  6.31E-14  8.16E-14  1.06E-13  1.36E-13  1.72E-13  2.12E-13  2.57E-13  3.04E-13  3.54E-13  4.59E-13  5.68E-13  6.79E-13  7.89E-13  8.99E-13  1.01E-12  1.11E-12  1.22E-12  1.32E-12  1.43E-12  1.68E-12  1.93E-12  2.17E-12  2.41E-12
  286  25  10  9.16E-14  9.49E-14  1.15E-13  1.46E-13  1.87E-13  2.38E-13  2.97E-13  3.65E-13  4.40E-13  5.21E-13  6.07E-13  7.89E-13  9.82E-13  1.18E-12  1.38E-12  1.57E-12  1.77E-12  1.96E-12  2.14E-12  2.33E-12  2.50E-12  2.92E-12  3.31E-12  3.67E-12  4.00E-12
  287  25  11  1.60E-13  1.66E-13  1.99E-13  2.48E-13  3.10E-13  3.83E-13  4.63E-13  5.49E-13  6.38E-13  7.29E-13  8.21E-13  1.00E-12  1.18E-12  1.36E-12  1.52E-12  1.69E-12  1.85E-12  2.00E-12  2.16E-12  2.31E-12  2.46E-12  2.83E-12  3.20E-12  3.56E-12  3.91E-12
  288  25  12  2.87E-13  2.95E-13  3.48E-13  4.27E-13  5.28E-13  6.45E-13  7.76E-13  9.18E-13  1.07E-12  1.22E-12  1.38E-12  1.70E-12  2.02E-12  2.33E-12  2.63E-12  2.92E-12  3.19E-12  3.45E-12  3.70E-12  3.94E-12  4.17E-12  4.69E-12  5.17E-12  5.59E-12  5.98E-12
  289  25  13  4.13E-13  4.28E-13  5.04E-13  6.14E-13  7.45E-13  8.88E-13  1.04E-12  1.19E-12  1.35E-12  1.50E-12  1.65E-12  1.94E-12  2.21E-12  2.47E-12  2.73E-12  2.98E-12  3.22E-12  3.46E-12  3.70E-12  3.93E-12  4.17E-12  4.74E-12  5.30E-12  5.84E-12  6.36E-12
  290  25  14  7.61E-13  7.81E-13  8.99E-13  1.07E-12  1.28E-12  1.51E-12  1.76E-12  2.02E-12  2.28E-12  2.54E-12  2.80E-12  3.30E-12  3.77E-12  4.22E-12  4.62E-12  5.00E-12  5.36E-12  5.69E-12  6.00E-12  6.28E-12  6.56E-12  7.17E-12  7.71E-12  8.18E-12  8.60E-12
  291  25  15  8.88E-13  9.25E-13  1.08E-12  1.29E-12  1.53E-12  1.78E-12  2.03E-12  2.28E-12  2.53E-12  2.77E-12  3.01E-12  3.46E-12  3.90E-12  4.33E-12  4.74E-12  5.15E-12  5.56E-12  5.95E-12  6.35E-12  6.73E-12  7.11E-12  8.03E-12  8.89E-12  9.70E-12  1.04E-11
  292  25  16  1.78E-12  1.83E-12  2.06E-12  2.39E-12  2.77E-12  3.18E-12  3.60E-12  4.01E-12  4.42E-12  4.82E-12  5.20E-12  5.90E-12  6.54E-12  7.10E-12  7.61E-12  8.07E-12  8.49E-12  8.87E-12  9.22E-12  9.54E-12  9.84E-12  1.05E-11  1.11E-11  1.15E-11  1.20E-11
  293  25  17  1.72E-12  1.81E-12  2.10E-12  2.47E-12  2.88E-12  3.30E-12  3.72E-12  4.14E-12  4.55E-12  4.96E-12  5.36E-12  6.16E-12  6.93E-12  7.69E-12  8.42E-12  9.14E-12  9.84E-12  1.05E-11  1.12E-11  1.18E-11  1.24E-11  1.38E-11  1.51E-11  1.63E-11  1.74E-11
  294  25  18  3.80E-12  3.89E-12  4.31E-12  4.86E-12  5.48E-12  6.11E-12  6.74E-12  7.34E-12  7.91E-12  8.44E-12  8.94E-12  9.82E-12  1.06E-11  1.12E-11  1.18E-11  1.23E-11  1.28E-11  1.32E-11  1.35E-11  1.38E-11  1.41E-11  1.47E-11  1.53E-11  1.57E-11  1.61E-11
  295  25  19  3.41E-12  3.62E-12  4.18E-12  4.86E-12  5.60E-12  6.36E-12  7.13E-12  7.91E-12  8.68E-12  9.44E-12  1.02E-11  1.17E-11  1.31E-11  1.45E-11  1.58E-11  1.70E-11  1.82E-11  1.93E-11  2.03E-11  2.13E-11  2.22E-11  2.44E-11  2.62E-11  2.79E-11  2.94E-11
  296  25  20  7.47E-12  7.67E-12  8.33E-12  9.15E-12  1.00E-11  1.09E-11  1.17E-11  1.24E-11  1.31E-11  1.38E-11  1.43E-11  1.53E-11  1.61E-11  1.68E-11  1.73E-11  1.78E-11  1.82E-11  1.85E-11  1.88E-11  1.91E-11  1.94E-11  1.99E-11  2.03E-11  2.07E-11  2.10E-11
  297  25  21  8.34E-12  8.89E-12  1.01E-11  1.15E-11  1.30E-11  1.46E-11  1.61E-11  1.77E-11  1.92E-11  2.07E-11  2.21E-11  2.49E-11  2.75E-11  2.98E-11  3.20E-11  3.40E-11  3.59E-11  3.76E-11  3.92E-11  4.08E-11  4.22E-11  4.53E-11  4.81E-11  5.04E-11  5.25E-11
  298  25  22  1.37E-11  1.41E-11  1.49E-11  1.59E-11  1.69E-11  1.78E-11  1.87E-11  1.94E-11  2.01E-11  2.07E-11  2.12E-11  2.20E-11  2.27E-11  2.32E-11  2.37E-11  2.40E-11  2.44E-11  2.46E-11  2.49E-11  2.51E-11  2.53E-11  2.57E-11  2.60E-11  2.63E-11  2.66E-11
  299  25  23  3.05E-11  3.24E-11  3.55E-11  3.89E-11  4.24E-11  4.59E-11  4.93E-11  5.25E-11  5.56E-11  5.85E-11  6.13E-11  6.64E-11  7.10E-11  7.51E-11  7.89E-11  8.23E-11  8.55E-11  8.84E-11  9.11E-11  9.36E-11  9.60E-11  1.01E-10  1.06E-10  1.10E-10  1.14E-10
  300  25  24  2.38E-11  2.43E-11  2.46E-11  2.49E-11  2.53E-11  2.56E-11  2.60E-11  2.64E-11  2.67E-11  2.70E-11  2.72E-11  2.77E-11  2.81E-11  2.85E-11  2.88E-11  2.91E-11  2.94E-11  2.96E-11  2.98E-11  3.00E-11  3.02E-11  3.07E-11  3.11E-11  3.15E-11  3.18E-11
  301  26   1  2.82E-17  3.04E-17  3.92E-17  5.43E-17  7.75E-17  1.12E-16  1.64E-16  2.38E-16  3.46E-16  4.96E-16  7.01E-16  1.33E-15  2.32E-15  3.77E-15  5.72E-15  8.19E-15  1.12E-14  1.47E-14  1.86E-14  2.30E-14  2.78E-14  4.09E-14  5.52E-14  7.00E-14  8.48E-14
  302  26   2  1.11E-16  1.21E-16  1.58E-16  2.21E-16  3.20E-16  4.68E-16  6.84E-16  9.90E-16  1.41E-15  1.98E-15  2.73E-15  4.88E-15  8.06E-15  1.24E-14  1.80E-14  2.49E-14  3.29E-14  4.21E-14  5.22E-14  6.31E-14  7.47E-14  1.06E-13  1.38E-13  1.71E-13  2.03E-13
  303  26   3  2.21E-16  2.43E-16  3.22E-16  4.58E-16  6.70E-16  9.92E-16  1.47E-15  2.14E-15  3.08E-15  4.34E-15  5.99E-15  1.07E-14  1.76E-14  2.71E-14  3.92E-14  5.40E-14  7.14E-14  9.11E-14  1.13E-13  1.37E-13  1.62E-13  2.31E-13  3.05E-13  3.80E-13  4.55E-13
  304  26   4  6.10E-16  6.70E-16  8.81E-16  1.24E-15  1.80E-15  2.62E-15  3.77E-15  5.33E-15  7.38E-15  9.98E-15  1.32E-14  2.17E-14  3.32E-14  4.76E-14  6.50E-14  8.50E-14  1.07E-13  1.32E-13  1.58E-13  1.86E-13  2.15E-13  2.90E-13  3.67E-13  4.44E-13  5.18E-13
  305  26   5  1.14E-15  1.26E-15  1.69E-15  2.41E-15  3.52E-15  5.13E-15  7.40E-15  1.05E-14  1.45E-14  1.95E-14  2.57E-14  4.19E-14  6.34E-14  9.03E-14  1.22E-13  1.59E-13  2.00E-13  2.44E-13  2.91E-13  3.41E-13  3.94E-13  5.30E-13  6.72E-13  8.13E-13  9.51E-13
  306  26   6  3.20E-15  3.48E-15  4.52E-15  6.25E-15  8.80E-15  1.23E-14  1.70E-14  2.30E-14  3.03E-14  3.91E-14  4.93E-14  7.39E-14  1.04E-13  1.38E-13  1.77E-13  2.19E-13  2.63E-13  3.09E-13  3.57E-13  4.06E-13  4.55E-13  5.80E-13  7.06E-13  8.28E-13  9.46E-13
  307  26   7  6.31E-15  6.86E-15  8.85E-15  1.21E-14  1.69E-14  2.36E-14  3.23E-14  4.32E-14  5.67E-14  7.26E-14  9.11E-14  1.36E-13  1.89E-13  2.51E-13  3.20E-13  3.94E-13  4.73E-13  5.55E-13  6.40E-13  7.26E-13  8.14E-13  1.04E-12  1.26E-12  1.47E-12  1.67E-12
  308  26   8  1.49E-14  1.60E-14  2.02E-14  2.69E-14  3.63E-14  4.85E-14  6.37E-14  8.17E-14  1.03E-13  1.26E-13  1.52E-13  2.10E-13  2.74E-13  3.43E-13  4.14E-13  4.88E-13  5.62E-13  6.37E-13  7.12E-13  7.87E-13  8.62E-13  1.05E-12  1.23E-12  1.40E-12  1.57E-12
  309  26   9  2.90E-14  3.10E-14  3.85E-14  5.05E-14  6.71E-14  8.87E-14  1.15E-13  1.47E-13  1.83E-13  2.24E-13  2.70E-13  3.71E-13  4.84E-13  6.06E-13  7.34E-13  8.66E-13  9.99E-13  1.13E-12  1.27E-12  1.40E-12  1.53E-12  1.86E-12  2.16E-12  2.46E-12  2.73E-12
  310  26  10  5.58E-14  5.94E-14  7.28E-14  9.37E-14  1.21E-13  1.55E-13  1.94E-13  2.39E-13  2.87E-13  3.39E-13  3.93E-13  5.06E-13  6.22E-13  7.39E-13  8.55E-13  9.69E-13  1.08E-12  1.19E-12  1.30E-12  1.41E-12  1.52E-12  1.78E-12  2.03E-12  2.28E-12  2.52E-12
  311  26  11  1.04E-13  1.10E-13  1.33E-13  1.69E-13  2.15E-13  2.72E-13  3.38E-13  4.13E-13  4.96E-13  5.84E-13  6.78E-13  8.76E-13  1.08E-12  1.29E-12  1.50E-12  1.71E-12  1.91E-12  2.11E-12  2.31E-12  2.50E-12  2.68E-12  3.11E-12  3.51E-12  3.88E-12  4.21E-12
  312  26  12  1.66E-13  1.76E-13  2.11E-13  2.64E-13  3.29E-13  4.05E-13  4.89E-13  5.78E-13  6.71E-13  7.66E-13  8.62E-13  1.05E-12  1.24E-12  1.41E-12  1.59E-12  1.75E-12  1.92E-12  2.08E-12  2.24E-12  2.39E-12  2.55E-12  2.93E-12  3.30E-12  3.66E-12  4.02E-12
  313  26  13  3.07E-13  3.23E-13  3.81E-13  4.66E-13  5.74E-13  7.01E-13  8.42E-13  9.94E-13  1.15E-12  1.32E-12  1.49E-12  1.83E-12  2.16E-12  2.49E-12  2.80E-12  3.10E-12  3.38E-12  3.65E-12  3.91E-12  4.16E-12  4.39E-12  4.93E-12  5.41E-12  5.85E-12  6.24E-12
  314  26  14  4.01E-13  4.24E-13  5.02E-13  6.11E-13  7.42E-13  8.85E-13  1.04E-12  1.19E-12  1.35E-12  1.50E-12  1.65E-12  1.94E-12  2.22E-12  2.48E-12  2.74E-12  2.99E-12  3.24E-12  3.49E-12  3.73E-12  3.97E-12  4.21E-12  4.80E-12  5.37E-12  5.92E-12  6.44E-12
  315  26  15  7.81E-13  8.17E-13  9.43E-13  1.12E-12  1.34E-12  1.59E-12  1.85E-12  2.12E-12  2.39E-12  2.67E-12  2.94E-12  3.46E-12  3.96E-12  4.42E-12  4.84E-12  5.24E-12  5.60E-12  5.94E-12  6.26E-12  6.56E-12  6.84E-12  7.46E-12  8.01E-12  8.49E-12  8.91E-12
  316  26  16  8.22E-13  8.70E-13  1.02E-12  1.22E-12  1.45E-12  1.69E-12  1.93E-12  2.18E-12  2.42E-12  2.65E-12  2.89E-12  3.34E-12  3.78E-12  4.21E-12  4.63E-12  5.04E-12  5.45E-12  5.86E-12  6.26E-12  6.65E-12  7.04E-12  7.97E-12  8.86E-12  9.68E-12  1.04E-11
  317  26  17  1.78E-12  1.86E-12  2.10E-12  2.44E-12  2.83E-12  3.25E-12  3.69E-12  4.12E-12  4.55E-12  4.96E-12  5.35E-12  6.09E-12  6.75E-12  7.35E-12  7.88E-12  8.36E-12  8.79E-12  9.18E-12  9.54E-12  9.88E-12  1.02E-11  1.09E-11  1.14E-11  1.19E-11  1.23E-11
  318  26  18  1.55E-12  1.64E-12  1.91E-12  2.25E-12  2.63E-12  3.02E-12  3.42E-12  3.81E-12  4.21E-12  4.61E-12  5.00E-12  5.78E-12  6.55E-12  7.30E-12  8.05E-12  8.77E-12  9.48E-12  1.02E-11  1.08E-11  1.15E-11  1.21E-11  1.35E-11  1.49E-11  1.61E-11  1.72E-11
  319  26  19  3.75E-12  3.89E-12  4.31E-12  4.88E-12  5.51E-12  6.17E-12  6.82E-12  7.44E-12  8.04E-12  8.60E-12  9.12E-12  1.01E-11  1.09E-11  1.16E-11  1.22E-11  1.27E-11  1.31E-11  1.35E-11  1.39E-11  1.42E-11  1.45E-11  1.52E-11  1.57E-11  1.62E-11  1.66E-11
  320  26  20  3.07E-12  3.25E-12  3.73E-12  4.34E-12  5.02E-12  5.72E-12  6.44E-12  7.16E-12  7.90E-12  8.63E-12  9.37E-12  1.08E-11  1.22E-11  1.36E-11  1.49E-11  1.62E-11  1.73E-11  1.85E-11  1.95E-11  2.05E-11  2.15E-11  2.37E-11  2.56E-11  2.73E-11  2.88E-11
  321  26  21  7.40E-12  7.64E-12  8.30E-12  9.15E-12  1.01E-11  1.09E-11  1.18E-11  1.26E-11  1.33E-11  1.40E-11  1.46E-11  1.56E-11  1.65E-11  1.72E-11  1.78E-11  1.83E-11  1.87E-11  1.91E-11  1.94E-11  1.97E-11  2.00E-11  2.05E-11  2.09E-11  2.13E-11  2.16E-11
  322  26  22  7.78E-12  8.12E-12  9.10E-12  1.04E-11  1.18E-11  1.32E-11  1.47E-11  1.61E-11  1.76E-11  1.90E-11  2.04E-11  2.31E-11  2.57E-11  2.81E-11  3.03E-11  3.23E-11  3.43E-11  3.60E-11  3.77E-11  3.92E-11  4.07E-11  4.40E-11  4.68E-11  4.93E-11  5.15E-11
  323  26  23  1.39E-11  1.43E-11  1.51E-11  1.61E-11  1.72E-11  1.81E-11  1.91E-11  1.99E-11  2.06E-11  2.12E-11  2.18E-11  2.27E-11  2.35E-11  2.40E-11  2.45E-11  2.49E-11  2.52E-11  2.55E-11  2.58E-11  2.60E-11  2.62E-11  2.66E-11  2.69E-11  2.72E-11  2.74E-11
  324  26  24  3.03E-11  3.10E-11  3.33E-11  3.63E-11  3.97E-11  4.30E-11  4.62E-11  4.94E-11  5.24E-11  5.53E-11  5.81E-11  6.32E-11  6.78E-11  7.21E-11  7.59E-11  7.94E-11  8.27E-11  8.57E-11  8.85E-11  9.11E-11  9.35E-11  9.90E-11  1.04E-10  1.08E-10  1.12E-10
  325  26  25  2.58E-11  2.59E-11  2.60E-11  2.63E-11  2.67E-11  2.71E-11  2.75E-11  2.79E-11  2.83E-11  2.86E-11  2.88E-11  2.93E-11  2.97E-11  3.01E-11  3.04E-11  3.06E-11  3.09E-11  3.11E-11  3.13E-11  3.15E-11  3.17E-11  3.21E-11  3.25E-11  3.28E-11  3.31E-11
!Collisions between
4 HCN-e from Faure et al. (2007)
!Number of collisional transitions
36
!Number of collisional temperatures
10
!Collisional temperatures
  5.00  10.00  20.00  40.00  60.00  80.00 100.00 200.00 400.00 800.00
!TRANS + UP + LOW + COLL.RATES(cm^3 s^-1)
 1  2  1 4.031E-06 3.895E-06 3.736E-06 3.504E-06 3.328E-06 3.188E-06 3.072E-06 2.681E-06 2.275E-06 1.886E-06
 2  3  1 9.491E-08 8.936E-08 7.611E-08 6.371E-08 5.757E-08 5.368E-08 5.088E-08 4.317E-08 3.648E-08 3.050E-08
 3  3  2 3.806E-06 3.734E-06 3.596E-06 3.392E-06 3.242E-06 3.122E-06 3.023E-06 2.684E-06 2.322E-06 1.961E-06
 4  4  1 6.170E-09 6.161E-09 5.390E-09 4.638E-09 4.259E-09 4.010E-09 3.824E-09 3.256E-09 2.679E-09 2.103E-09
 5  4  2 1.050E-07 1.018E-07 8.942E-08 7.691E-08 7.046E-08 6.626E-08 6.319E-08 5.443E-08 4.646E-08 3.906E-08
 6  4  3 3.454E-06 3.426E-06 3.311E-06 3.139E-06 3.014E-06 2.914E-06 2.832E-06 2.547E-06 2.233E-06 1.912E-06
 7  5  1 1.823E-10 1.903E-10 1.701E-10 1.484E-10 1.367E-10 1.287E-10 1.224E-10 1.019E-10 7.985E-11 5.805E-11
 8  5  2 7.185E-09 7.359E-09 6.587E-09 5.786E-09 5.372E-09 5.094E-09 4.883E-09 4.216E-09 3.506E-09 2.770E-09
 9  5  3 1.049E-07 1.032E-07 9.235E-08 8.097E-08 7.493E-08 7.092E-08 6.795E-08 5.922E-08 5.098E-08 4.308E-08
10  5  4 3.147E-06 3.147E-06 3.045E-06 2.896E-06 2.791E-06 2.708E-06 2.639E-06 2.399E-06 2.128E-06 1.842E-06
11  6  1 2.358E-12 2.361E-12 2.246E-12 2.038E-12 1.879E-12 1.753E-12 1.650E-12 1.315E-12 9.899E-13 7.072E-13
12  6  2 2.201E-10 2.417E-10 2.178E-10 1.903E-10 1.758E-10 1.660E-10 1.584E-10 1.335E-10 1.060E-10 7.779E-11
13  6  3 9.900E-09 1.055E-08 9.574E-09 8.276E-09 7.531E-09 7.019E-09 6.630E-09 5.460E-09 4.346E-09 3.322E-09
14  6  4 1.018E-07 1.021E-07 9.278E-08 8.243E-08 7.683E-08 7.306E-08 7.024E-08 6.180E-08 5.357E-08 4.548E-08
15  6  5 2.888E-06 2.912E-06 2.820E-06 2.689E-06 2.599E-06 2.529E-06 2.471E-06 2.268E-06 2.032E-06 1.776E-06
16  7  1 1.763E-14 1.754E-14 1.623E-14 1.402E-14 1.255E-14 1.151E-14 1.072E-14 8.468E-15 6.627E-15 5.201E-15
17  7  2 3.156E-12 3.496E-12 3.155E-12 2.691E-12 2.429E-12 2.251E-12 2.116E-12 1.707E-12 1.315E-12 9.572E-13
18  7  3 2.361E-10 2.802E-10 2.479E-10 2.106E-10 1.928E-10 1.816E-10 1.733E-10 1.475E-10 1.189E-10 8.825E-11
19  7  4 7.336E-09 8.046E-09 7.327E-09 6.492E-09 6.071E-09 5.793E-09 5.583E-09 4.913E-09 4.159E-09 3.328E-09
20  7  5 1.281E-07 1.320E-07 1.215E-07 1.064E-07 9.732E-08 9.106E-08 8.634E-08 7.259E-08 6.033E-08 4.958E-08
21  7  6 2.598E-06 2.638E-06 2.557E-06 2.446E-06 2.373E-06 2.318E-06 2.272E-06 2.108E-06 1.912E-06 1.690E-06
22  8  1 4.989E-17 4.066E-17 4.388E-17 4.476E-17 4.290E-17 4.083E-17 3.900E-17 3.339E-17 2.970E-17 2.904E-17
23  8  2 1.899E-14 1.571E-14 1.662E-14 1.688E-14 1.616E-14 1.530E-14 1.449E-14 1.165E-14 9.033E-15 7.056E-15
24  8  3 1.095E-11 5.330E-12 3.410E-12 2.638E-12 2.384E-12 2.241E-12 2.139E-12 1.824E-12 1.472E-12 1.096E-12
25  8  4 3.104E-10 3.592E-10 2.837E-10 2.212E-10 1.975E-10 1.846E-10 1.761E-10 1.522E-10 1.259E-10 9.512E-11
26  8  5 7.323E-09 8.547E-09 7.675E-09 6.652E-09 6.174E-09 5.880E-09 5.668E-09 5.022E-09 4.299E-09 3.468E-09
27  8  6 9.576E-08 9.957E-08 9.193E-08 8.270E-08 7.768E-08 7.431E-08 7.177E-08 6.405E-08 5.620E-08 4.810E-08
28  8  7 2.492E-06 2.537E-06 2.462E-06 2.361E-06 2.295E-06 2.245E-06 2.203E-06 2.054E-06 1.872E-06 1.662E-06
29  9  1 3.800E-19 4.329E-19 3.747E-19 3.822E-19 4.425E-19 5.228E-19 6.156E-19 1.204E-18 2.839E-18 7.468E-18
30  9  2 6.461E-17 5.403E-17 5.844E-17 5.972E-17 5.746E-17 5.489E-17 5.260E-17 4.563E-17 4.114E-17 4.069E-17
31  9  3 2.076E-14 1.743E-14 1.853E-14 1.888E-14 1.811E-14 1.718E-14 1.629E-14 1.318E-14 1.030E-14 8.115E-15
32  9  4 3.226E-12 2.980E-12 2.970E-12 2.894E-12 2.769E-12 2.641E-12 2.523E-12 2.080E-12 1.600E-12 1.163E-12
33  9  5 1.102E-09 3.658E-10 2.111E-10 1.706E-10 1.633E-10 1.606E-10 1.589E-10 1.500E-10 1.297E-10 9.911E-11
34  9  6 8.141E-09 9.770E-09 8.247E-09 6.766E-09 6.173E-09 5.846E-09 5.628E-09 5.035E-09 4.384E-09 3.576E-09
35  9  7 9.263E-08 9.922E-08 9.176E-08 8.236E-08 7.738E-08 7.409E-08 7.165E-08 6.430E-08 5.677E-08 4.879E-08
36  9  8 1.193E-06 1.206E-06 1.201E-06 1.121E-06 1.042E-06 9.761E-07 9.217E-07 7.476E-07 5.869E-07 4.535E-07
