!MOLECULE
HCO+
!MOLECULAR WEIGHT
29.0
!NUMBER OF ENERGY LEVELS
22
!LEVEL + ENERGIES(cm^-1) + WEIGHT + J
    1         0.000000000     1.0	 0
    2         2.975008954     3.0	 1
    3         8.924951426     5.0	 2
    4        17.849761740     7.0	 3
    5        29.749072832     9.0	 4
    6        44.622818808    11.0	 5
    7        62.470533214    13.0	 6
    8        83.291849702    15.0	 7
    9       107.086402122    17.0	 8
   10       133.853524325    19.0	 9
   11       163.592650086    21.0	10
   12       196.303212474    23.0	11
   13       231.984347489    25.0	12
   14       270.635279892    27.0	13
   15       312.255261197    29.0	14
   16       356.843310406    31.0	15
   17       404.398365842    33.0	16
   18       454.919461384    35.0	17
   19       508.405330944    37.0	18
   20       564.854908455    39.0	19
   21       624.267027880    41.0	20
   22       686.640123212    43.0	21
!NUMBER OF RADIATIVE TRANSITIONS
21
!TRANS + UP + LOW + EINSTEINA(s^-1) + FREQ(GHz) + E_u(K)
    1     2     1   4.187E-05      89.18852470     4.28
    2     3     2   4.019E-04     178.37505630    12.84
    3     4     3   1.453E-03     267.55762590    25.68
    4     5     4   3.572E-03     356.73422300    42.80
    5     6     5   7.135E-03     445.90287210    64.20
    6     7     6   1.252E-02     535.06158100    89.88
    7     8     7   2.009E-02     624.20836060   119.84
    8     9     8   3.024E-02     713.34122780   154.07
    9    10     9   4.333E-02     802.45819950   192.59
   10    11    10   5.975E-02     891.55729030   235.37
   11    12    11   7.984E-02     980.63649370   282.44
   12    13    12   1.040E-01    1069.69389100   333.77
   13    14    13   1.326E-01    1158.72722660   389.38
   14    15    14   1.660E-01    1247.73504690   449.27
   15    16    15   2.046E-01    1336.71492370   513.42
   16    17    16   2.487E-01    1425.66500790   581.84
   17    18    17   2.988E-01    1514.58331730   654.53
   18    19    18   3.550E-01    1603.46787060   731.48
   19    20    19   4.180E-01    1692.31668720   812.70
   20    21    20   4.880E-01    1781.12778730   898.18
   21    22    21   5.652E-01    1869.89919210   987.92
!NUMBER OF COLL PARTNERS
2
!PARTNER 1
2 pH2-HCO+  (Denis-Alpizar et al. 2020, https://doi.org/10.1093/mnras/staa2308)
!NUMBER OF COLL TRANS
231
!NUMBER OF COLLISION TEMPERATURES
9
!COLL TEMPS
 10   		15  	 20 	      40	             60 	         80		   100 	         150                200 
!TRANS + UP + LOW + COLLRATES(cm^3 s^-1)
1	2	1	2.481E-10	2.326E-10	2.219E-10	2.017E-10	1.956E-10	1.945E-10	1.959E-10	2.037E-10	2.128E-10
2	3	1	1.507E-10	1.430E-10	1.362E-10	1.162E-10	1.036E-10	9.488E-11	8.862E-11	7.899E-11	7.396E-11
3	3	2	4.102E-10	3.891E-10	3.743E-10	3.447E-10	3.341E-10	3.306E-10	3.305E-10	3.364E-10	3.443E-10
4	4	1	9.133E-11	8.233E-11	7.611E-11	6.227E-11	5.523E-11	5.103E-11	4.835E-11	4.480E-11	4.313E-11
5	4	2	2.795E-10	2.577E-10	2.429E-10	2.083E-10	1.890E-10	1.763E-10	1.671E-10	1.526E-10	1.440E-10
6	4	3	4.669E-10	4.463E-10	4.296E-10	3.939E-10	3.821E-10	3.789E-10	3.791E-10	3.849E-10	3.919E-10
7	5	1	6.905E-11	6.502E-11	6.113E-11	5.029E-11	4.444E-11	4.079E-11	3.821E-11	3.392E-11	3.104E-11
8	5	2	1.872E-10	1.758E-10	1.658E-10	1.406E-10	1.278E-10	1.202E-10	1.151E-10	1.072E-10	1.021E-10
9	5	3	3.357E-10	3.220E-10	3.090E-10	2.705E-10	2.467E-10	2.301E-10	2.178E-10	1.973E-10	1.853E-10
10	5	4	4.251E-10	4.190E-10	4.124E-10	3.954E-10	3.893E-10	3.879E-10	3.886E-10	3.943E-10	4.017E-10
11	6	1	4.503E-11	4.411E-11	4.295E-11	3.939E-11	3.737E-11	3.594E-11	3.470E-11	3.191E-11	2.946E-11
12	6	2	1.467E-10	1.407E-10	1.349E-10	1.171E-10	1.052E-10	9.671E-11	9.019E-11	7.898E-11	7.191E-11
13	6	3	2.194E-10	2.127E-10	2.057E-10	1.832E-10	1.686E-10	1.587E-10	1.513E-10	1.390E-10	1.311E-10
14	6	4	3.378E-10	3.250E-10	3.134E-10	2.784E-10	2.561E-10	2.409E-10	2.301E-10	2.136E-10	2.049E-10
15	6	5	3.527E-10	3.543E-10	3.550E-10	3.552E-10	3.568E-10	3.604E-10	3.651E-10	3.785E-10	3.916E-10
16	7	1	3.523E-11	3.558E-11	3.533E-11	3.247E-11	2.947E-11	2.699E-11	2.499E-11	2.155E-11	1.950E-11
17	7	2	1.059E-10	1.033E-10	1.009E-10	9.279E-11	8.665E-11	8.168E-11	7.747E-11	6.922E-11	6.323E-11
18	7	3	1.770E-10	1.689E-10	1.618E-10	1.419E-10	1.295E-10	1.207E-10	1.141E-10	1.032E-10	9.679E-11
19	7	4	2.208E-10	2.150E-10	2.090E-10	1.884E-10	1.746E-10	1.652E-10	1.585E-10	1.478E-10	1.413E-10
20	7	5	3.035E-10	2.963E-10	2.895E-10	2.673E-10	2.530E-10	2.436E-10	2.371E-10	2.276E-10	2.229E-10
21	7	6	3.497E-10	3.429E-10	3.382E-10	3.354E-10	3.418E-10	3.497E-10	3.574E-10	3.754E-10	3.906E-10
22	8	1	2.870E-11	2.821E-11	2.767E-11	2.501E-11	2.257E-11	2.057E-11	1.896E-11	1.616E-11	1.447E-11
23	8	2	7.488E-11	7.520E-11	7.464E-11	6.881E-11	6.282E-11	5.813E-11	5.458E-11	4.913E-11	4.644E-11
24	8	3	1.261E-10	1.254E-10	1.235E-10	1.141E-10	1.062E-10	1.001E-10	9.524E-11	8.634E-11	8.026E-11
25	8	4	1.728E-10	1.718E-10	1.690E-10	1.556E-10	1.452E-10	1.377E-10	1.322E-10	1.233E-10	1.182E-10
26	8	5	2.134E-10	2.110E-10	2.079E-10	1.949E-10	1.847E-10	1.770E-10	1.711E-10	1.610E-10	1.543E-10
27	8	6	2.870E-10	2.805E-10	2.754E-10	2.618E-10	2.533E-10	2.472E-10	2.428E-10	2.358E-10	2.318E-10
28	8	7	3.314E-10	3.246E-10	3.203E-10	3.183E-10	3.251E-10	3.334E-10	3.418E-10	3.613E-10	3.780E-10
29	9	1	1.579E-11	1.584E-11	1.586E-11	1.557E-11	1.507E-11	1.465E-11	1.434E-11	1.396E-11	1.388E-11
30	9	2	5.030E-11	5.005E-11	4.980E-11	4.764E-11	4.487E-11	4.236E-11	4.027E-11	3.655E-11	3.428E-11
31	9	3	9.550E-11	9.318E-11	9.163E-11	8.662E-11	8.230E-11	7.893E-11	7.640E-11	7.258E-11	7.069E-11
32	9	4	1.381E-10	1.358E-10	1.341E-10	1.276E-10	1.215E-10	1.161E-10	1.115E-10	1.022E-10	9.545E-11
33	9	5	1.839E-10	1.819E-10	1.793E-10	1.683E-10	1.597E-10	1.533E-10	1.482E-10	1.394E-10	1.336E-10
34	9	6	2.122E-10	2.098E-10	2.074E-10	1.971E-10	1.884E-10	1.816E-10	1.762E-10	1.663E-10	1.592E-10
35	9	7	2.693E-10	2.696E-10	2.677E-10	2.579E-10	2.508E-10	2.458E-10	2.421E-10	2.358E-10	2.317E-10
36	9	8	2.992E-10	2.958E-10	2.934E-10	2.940E-10	3.016E-10	3.106E-10	3.199E-10	3.418E-10	3.606E-10
37	10	1	1.004E-11	1.022E-11	1.030E-11	1.029E-11	1.008E-11	9.852E-12	9.643E-12	9.281E-12	9.079E-12
38	10	2	4.213E-11	4.170E-11	4.123E-11	3.996E-11	3.927E-11	3.882E-11	3.855E-11	3.838E-11	3.851E-11
39	10	3	7.889E-11	7.611E-11	7.404E-11	6.874E-11	6.488E-11	6.164E-11	5.890E-11	5.384E-11	5.051E-11
40	10	4	1.188E-10	1.163E-10	1.140E-10	1.070E-10	1.020E-10	9.817E-11	9.520E-11	9.024E-11	8.727E-11
41	10	5	1.529E-10	1.504E-10	1.481E-10	1.399E-10	1.331E-10	1.273E-10	1.223E-10	1.120E-10	1.043E-10
42	10	6	1.780E-10	1.786E-10	1.779E-10	1.703E-10	1.627E-10	1.564E-10	1.512E-10	1.418E-10	1.354E-10
43	10	7	2.097E-10	2.054E-10	2.020E-10	1.918E-10	1.847E-10	1.792E-10	1.747E-10	1.661E-10	1.596E-10
44	10	8	2.504E-10	2.529E-10	2.526E-10	2.450E-10	2.386E-10	2.342E-10	2.312E-10	2.265E-10	2.238E-10
45	10	9	2.733E-10	2.726E-10	2.715E-10	2.728E-10	2.806E-10	2.903E-10	3.003E-10	3.242E-10	3.449E-10
46	11	1	1.064E-11	1.097E-11	1.117E-11	1.155E-11	1.178E-11	1.197E-11	1.212E-11	1.238E-11	1.249E-11
47	11	2	2.852E-11	2.943E-11	2.991E-11	3.019E-11	2.972E-11	2.909E-11	2.845E-11	2.705E-11	2.596E-11
48	11	3	6.249E-11	6.243E-11	6.224E-11	6.144E-11	6.072E-11	6.002E-11	5.939E-11	5.818E-11	5.728E-11
49	11	4	8.839E-11	8.703E-11	8.579E-11	8.125E-11	7.714E-11	7.347E-11	7.026E-11	6.404E-11	5.970E-11
50	11	5	1.237E-10	1.231E-10	1.219E-10	1.158E-10	1.105E-10	1.063E-10	1.029E-10	9.692E-11	9.308E-11
51	11	6	1.536E-10	1.520E-10	1.501E-10	1.417E-10	1.344E-10	1.281E-10	1.228E-10	1.124E-10	1.047E-10
52	11	7	1.721E-10	1.706E-10	1.692E-10	1.631E-10	1.571E-10	1.520E-10	1.476E-10	1.392E-10	1.333E-10
53	11	8	1.961E-10	1.927E-10	1.902E-10	1.821E-10	1.761E-10	1.715E-10	1.679E-10	1.609E-10	1.556E-10
54	11	9	2.355E-10	2.372E-10	2.372E-10	2.327E-10	2.285E-10	2.256E-10	2.236E-10	2.205E-10	2.185E-10
55	11	10	2.506E-10	2.528E-10	2.532E-10	2.551E-10	2.624E-10	2.721E-10	2.827E-10	3.085E-10	3.309E-10
56	12	1	9.304E-12	9.670E-12	9.885E-12	9.962E-12	9.669E-12	9.335E-12	9.019E-12	8.356E-12	7.839E-12
57	12	2	3.226E-11	3.324E-11	3.369E-11	3.396E-11	3.373E-11	3.344E-11	3.316E-11	3.251E-11	3.184E-11
58	12	3	4.227E-11	4.331E-11	4.388E-11	4.407E-11	4.316E-11	4.199E-11	4.081E-11	3.816E-11	3.605E-11
59	12	4	7.534E-11	7.484E-11	7.427E-11	7.225E-11	7.065E-11	6.934E-11	6.824E-11	6.617E-11	6.461E-11
60	12	5	8.580E-11	8.470E-11	8.383E-11	8.075E-11	7.780E-11	7.498E-11	7.239E-11	6.702E-11	6.300E-11
61	12	6	1.227E-10	1.213E-10	1.198E-10	1.137E-10	1.089E-10	1.050E-10	1.019E-10	9.633E-11	9.267E-11
62	12	7	1.388E-10	1.378E-10	1.369E-10	1.326E-10	1.278E-10	1.233E-10	1.192E-10	1.107E-10	1.041E-10
63	12	8	1.733E-10	1.694E-10	1.664E-10	1.582E-10	1.524E-10	1.479E-10	1.442E-10	1.370E-10	1.318E-10
64	12	9	1.812E-10	1.792E-10	1.783E-10	1.748E-10	1.711E-10	1.677E-10	1.647E-10	1.588E-10	1.543E-10
65	12	10	2.376E-10	2.377E-10	2.371E-10	2.318E-10	2.276E-10	2.247E-10	2.226E-10	2.192E-10	2.171E-10
66	12	11	2.249E-10	2.309E-10	2.342E-10	2.409E-10	2.490E-10	2.590E-10	2.698E-10	2.963E-10	3.194E-10
67	13	1	9.671E-12	9.867E-12	9.991E-12	1.004E-11	9.902E-12	9.734E-12	9.562E-12	9.138E-12	8.732E-12
68	13	2	2.180E-11	2.279E-11	2.346E-11	2.409E-11	2.356E-11	2.279E-11	2.198E-11	2.013E-11	1.859E-11
69	13	3	4.321E-11	4.438E-11	4.515E-11	4.610E-11	4.588E-11	4.537E-11	4.478E-11	4.324E-11	4.175E-11
70	13	4	4.648E-11	4.761E-11	4.834E-11	4.902E-11	4.832E-11	4.720E-11	4.597E-11	4.308E-11	4.072E-11
71	13	5	8.041E-11	7.885E-11	7.762E-11	7.437E-11	7.246E-11	7.105E-11	6.992E-11	6.778E-11	6.615E-11
72	13	6	8.356E-11	8.133E-11	7.981E-11	7.634E-11	7.415E-11	7.221E-11	7.040E-11	6.647E-11	6.338E-11
73	13	7	1.206E-10	1.179E-10	1.157E-10	1.093E-10	1.052E-10	1.022E-10	9.975E-11	9.537E-11	9.232E-11
74	13	8	1.398E-10	1.356E-10	1.332E-10	1.274E-10	1.231E-10	1.194E-10	1.161E-10	1.089E-10	1.033E-10
75	13	9	1.698E-10	1.666E-10	1.640E-10	1.559E-10	1.502E-10	1.460E-10	1.425E-10	1.361E-10	1.313E-10
76	13	10	1.774E-10	1.764E-10	1.758E-10	1.725E-10	1.690E-10	1.658E-10	1.630E-10	1.576E-10	1.533E-10
77	13	11	2.356E-10	2.367E-10	2.366E-10	2.319E-10	2.272E-10	2.239E-10	2.215E-10	2.178E-10	2.157E-10
78	13	12	2.093E-10	2.176E-10	2.224E-10	2.313E-10	2.394E-10	2.491E-10	2.596E-10	2.860E-10	3.092E-10
79	14	1	5.502E-12	5.682E-12	5.772E-12	5.764E-12	5.577E-12	5.354E-12	5.125E-12	4.596E-12	4.154E-12
80	14	2	2.254E-11	2.267E-11	2.278E-11	2.273E-11	2.231E-11	2.177E-11	2.121E-11	1.987E-11	1.869E-11
81	14	3	2.803E-11	2.939E-11	3.024E-11	3.105E-11	3.038E-11	2.937E-11	2.829E-11	2.583E-11	2.382E-11
82	14	4	4.827E-11	4.933E-11	5.002E-11	5.079E-11	5.043E-11	4.977E-11	4.901E-11	4.713E-11	4.537E-11
83	14	5	4.802E-11	4.940E-11	5.017E-11	5.086E-11	5.036E-11	4.951E-11	4.853E-11	4.610E-11	4.399E-11
84	14	6	7.690E-11	7.582E-11	7.475E-11	7.186E-11	7.042E-11	6.950E-11	6.879E-11	6.739E-11	6.618E-11
85	14	7	8.692E-11	8.343E-11	8.099E-11	7.566E-11	7.301E-11	7.110E-11	6.948E-11	6.616E-11	6.360E-11
86	14	8	1.205E-10	1.177E-10	1.154E-10	1.086E-10	1.044E-10	1.014E-10	9.910E-11	9.490E-11	9.198E-11
87	14	9	1.491E-10	1.421E-10	1.376E-10	1.276E-10	1.223E-10	1.184E-10	1.151E-10	1.084E-10	1.032E-10
88	14	10	1.569E-10	1.567E-10	1.560E-10	1.512E-10	1.469E-10	1.434E-10	1.405E-10	1.350E-10	1.308E-10
89	14	11	1.687E-10	1.690E-10	1.690E-10	1.672E-10	1.646E-10	1.621E-10	1.598E-10	1.553E-10	1.518E-10
90	14	12	2.273E-10	2.266E-10	2.268E-10	2.250E-10	2.214E-10	2.184E-10	2.161E-10	2.129E-10	2.113E-10
91	14	13	2.162E-10	2.220E-10	2.252E-10	2.312E-10	2.373E-10	2.456E-10	2.550E-10	2.799E-10	3.026E-10
92	15	1	6.176E-12	5.962E-12	5.782E-12	5.302E-12	5.004E-12	4.772E-12	4.573E-12	4.160E-12	3.827E-12
93	15	2	1.304E-11	1.321E-11	1.321E-11	1.272E-11	1.211E-11	1.151E-11	1.095E-11	9.725E-12	8.758E-12
94	15	3	3.361E-11	3.273E-11	3.203E-11	3.005E-11	2.864E-11	2.748E-11	2.647E-11	2.440E-11	2.276E-11
95	15	4	3.574E-11	3.662E-11	3.693E-11	3.625E-11	3.484E-11	3.339E-11	3.205E-11	2.923E-11	2.705E-11
96	15	5	5.859E-11	5.774E-11	5.699E-11	5.485E-11	5.347E-11	5.239E-11	5.142E-11	4.931E-11	4.744E-11
97	15	6	5.171E-11	5.298E-11	5.355E-11	5.353E-11	5.268E-11	5.171E-11	5.073E-11	4.844E-11	4.647E-11
98	15	7	7.711E-11	7.542E-11	7.405E-11	7.096E-11	6.975E-11	6.914E-11	6.873E-11	6.787E-11	6.694E-11
99	15	8	7.923E-11	7.807E-11	7.705E-11	7.397E-11	7.208E-11	7.070E-11	6.953E-11	6.703E-11	6.495E-11
100	15	9	1.171E-10	1.147E-10	1.128E-10	1.073E-10	1.038E-10	1.013E-10	9.947E-11	9.599E-11	9.338E-11
101	15	10	1.356E-10	1.331E-10	1.311E-10	1.243E-10	1.196E-10	1.162E-10	1.133E-10	1.076E-10	1.031E-10
102	15	11	1.514E-10	1.511E-10	1.510E-10	1.486E-10	1.456E-10	1.430E-10	1.407E-10	1.362E-10	1.325E-10
103	15	12	1.496E-10	1.540E-10	1.566E-10	1.597E-10	1.591E-10	1.579E-10	1.566E-10	1.536E-10	1.509E-10
104	15	13	2.397E-10	2.319E-10	2.281E-10	2.228E-10	2.199E-10	2.174E-10	2.155E-10	2.125E-10	2.110E-10
105	15	14	2.110E-10	2.185E-10	2.229E-10	2.301E-10	2.362E-10	2.442E-10	2.532E-10	2.770E-10	2.988E-10
106	16	1	2.171E-12	2.250E-12	2.281E-12	2.268E-12	2.203E-12	2.121E-12	2.034E-12	1.826E-12	1.650E-12
107	16	2	1.232E-11	1.199E-11	1.170E-11	1.083E-11	1.022E-11	9.703E-12	9.251E-12	8.315E-12	7.582E-12
108	16	3	1.508E-11	1.552E-11	1.569E-11	1.548E-11	1.487E-11	1.422E-11	1.358E-11	1.219E-11	1.108E-11
109	16	4	3.594E-11	3.523E-11	3.457E-11	3.244E-11	3.087E-11	2.961E-11	2.853E-11	2.635E-11	2.461E-11
110	16	5	3.686E-11	3.810E-11	3.867E-11	3.837E-11	3.698E-11	3.554E-11	3.419E-11	3.139E-11	2.924E-11
111	16	6	6.049E-11	5.999E-11	5.935E-11	5.690E-11	5.515E-11	5.384E-11	5.276E-11	5.055E-11	4.867E-11
112	16	7	4.916E-11	5.184E-11	5.339E-11	5.503E-11	5.459E-11	5.376E-11	5.286E-11	5.070E-11	4.881E-11
113	16	8	7.515E-11	7.424E-11	7.332E-11	7.084E-11	6.974E-11	6.918E-11	6.881E-11	6.806E-11	6.721E-11
114	16	9	6.218E-11	6.474E-11	6.634E-11	6.850E-11	6.869E-11	6.843E-11	6.797E-11	6.657E-11	6.512E-11
115	16	10	1.151E-10	1.126E-10	1.106E-10	1.054E-10	1.024E-10	1.003E-10	9.868E-11	9.554E-11	9.310E-11
116	16	11	1.046E-10	1.081E-10	1.103E-10	1.123E-10	1.113E-10	1.099E-10	1.085E-10	1.048E-10	1.014E-10
117	16	12	1.606E-10	1.574E-10	1.553E-10	1.501E-10	1.468E-10	1.444E-10	1.424E-10	1.381E-10	1.344E-10
118	16	13	1.354E-10	1.410E-10	1.451E-10	1.523E-10	1.540E-10	1.542E-10	1.538E-10	1.524E-10	1.505E-10
119	16	14	2.662E-10	2.532E-10	2.450E-10	2.303E-10	2.241E-10	2.202E-10	2.176E-10	2.137E-10	2.118E-10
120	16	15	2.154E-10	2.205E-10	2.236E-10	2.293E-10	2.344E-10	2.413E-10	2.494E-10	2.714E-10	2.922E-10
121	17	1	2.052E-12	2.020E-12	1.997E-12	1.910E-12	1.821E-12	1.732E-12	1.647E-12	1.461E-12	1.315E-12
122	17	2	3.565E-12	3.814E-12	3.979E-12	4.227E-12	4.223E-12	4.133E-12	4.010E-12	3.682E-12	3.395E-12
123	17	3	1.286E-11	1.271E-11	1.258E-11	1.207E-11	1.154E-11	1.105E-11	1.058E-11	9.593E-12	8.797E-12
124	17	4	1.455E-11	1.517E-11	1.555E-11	1.582E-11	1.542E-11	1.487E-11	1.431E-11	1.305E-11	1.203E-11
125	17	5	3.345E-11	3.334E-11	3.312E-11	3.188E-11	3.069E-11	2.965E-11	2.872E-11	2.676E-11	2.515E-11
126	17	6	3.652E-11	3.793E-11	3.877E-11	3.919E-11	3.814E-11	3.686E-11	3.562E-11	3.297E-11	3.090E-11
127	17	7	5.673E-11	5.715E-11	5.721E-11	5.623E-11	5.512E-11	5.413E-11	5.323E-11	5.121E-11	4.938E-11
128	17	8	4.817E-11	5.115E-11	5.312E-11	5.607E-11	5.628E-11	5.578E-11	5.505E-11	5.309E-11	5.127E-11
129	17	9	7.374E-11	7.288E-11	7.209E-11	7.027E-11	6.971E-11	6.951E-11	6.937E-11	6.886E-11	6.806E-11
130	17	10	5.508E-11	5.818E-11	6.026E-11	6.439E-11	6.605E-11	6.682E-11	6.712E-11	6.689E-11	6.610E-11
131	17	11	1.230E-10	1.175E-10	1.137E-10	1.057E-10	1.024E-10	1.005E-10	9.908E-11	9.634E-11	9.404E-11
132	17	12	9.167E-11	9.559E-11	9.793E-11	1.018E-10	1.029E-10	1.031E-10	1.029E-10	1.013E-10	9.909E-11
133	17	13	1.737E-10	1.674E-10	1.631E-10	1.537E-10	1.491E-10	1.461E-10	1.438E-10	1.392E-10	1.353E-10
134	17	14	1.303E-10	1.367E-10	1.409E-10	1.484E-10	1.508E-10	1.516E-10	1.518E-10	1.512E-10	1.500E-10
135	17	15	2.599E-10	2.521E-10	2.466E-10	2.337E-10	2.262E-10	2.210E-10	2.172E-10	2.117E-10	2.091E-10
136	17	16	2.153E-10	2.201E-10	2.236E-10	2.306E-10	2.358E-10	2.421E-10	2.494E-10	2.693E-10	2.885E-10
137	18	1	6.847E-13	7.157E-13	7.382E-13	7.808E-13	7.884E-13	7.809E-13	7.667E-13	7.246E-13	6.872E-13
138	18	2	3.740E-12	3.685E-12	3.641E-12	3.484E-12	3.325E-12	3.168E-12	3.018E-12	2.695E-12	2.444E-12
139	18	3	4.081E-12	4.328E-12	4.494E-12	4.761E-12	4.774E-12	4.700E-12	4.593E-12	4.301E-12	4.042E-12
140	18	4	1.317E-11	1.290E-11	1.270E-11	1.207E-11	1.154E-11	1.107E-11	1.065E-11	9.773E-12	9.066E-12
141	18	5	1.518E-11	1.566E-11	1.592E-11	1.595E-11	1.548E-11	1.494E-11	1.441E-11	1.328E-11	1.240E-11
142	18	6	3.386E-11	3.336E-11	3.295E-11	3.145E-11	3.018E-11	2.912E-11	2.823E-11	2.643E-11	2.501E-11
143	18	7	4.009E-11	4.091E-11	4.131E-11	4.092E-11	3.955E-11	3.812E-11	3.682E-11	3.420E-11	3.223E-11
144	18	8	5.688E-11	5.677E-11	5.669E-11	5.571E-11	5.455E-11	5.352E-11	5.262E-11	5.071E-11	4.904E-11
145	18	9	5.172E-11	5.418E-11	5.586E-11	5.847E-11	5.859E-11	5.803E-11	5.727E-11	5.533E-11	5.358E-11
146	18	10	7.030E-11	6.966E-11	6.931E-11	6.872E-11	6.875E-11	6.890E-11	6.899E-11	6.885E-11	6.824E-11
147	18	11	5.358E-11	5.620E-11	5.816E-11	6.285E-11	6.520E-11	6.651E-11	6.722E-11	6.770E-11	6.734E-11
148	18	12	1.176E-10	1.133E-10	1.103E-10	1.039E-10	1.014E-10	1.001E-10	9.912E-11	9.702E-11	9.500E-11
149	18	13	8.902E-11	9.220E-11	9.414E-11	9.766E-11	9.914E-11	9.988E-11	1.001E-10	9.954E-11	9.813E-11
150	18	14	1.668E-10	1.639E-10	1.615E-10	1.545E-10	1.503E-10	1.474E-10	1.451E-10	1.406E-10	1.368E-10
151	18	15	1.367E-10	1.417E-10	1.449E-10	1.500E-10	1.512E-10	1.514E-10	1.514E-10	1.507E-10	1.497E-10
152	18	16	2.455E-10	2.411E-10	2.379E-10	2.291E-10	2.230E-10	2.185E-10	2.151E-10	2.103E-10	2.080E-10
153	18	17	2.331E-10	2.343E-10	2.354E-10	2.376E-10	2.405E-10	2.450E-10	2.508E-10	2.679E-10	2.851E-10
154	19	1	5.956E-13	5.957E-13	5.917E-13	5.653E-13	5.366E-13	5.087E-13	4.825E-13	4.281E-13	3.886E-13
155	19	2	1.368E-12	1.432E-12	1.468E-12	1.523E-12	1.529E-12	1.515E-12	1.493E-12	1.433E-12	1.385E-12
156	19	3	4.065E-12	4.018E-12	3.967E-12	3.772E-12	3.600E-12	3.444E-12	3.301E-12	3.000E-12	2.768E-12
157	19	4	4.016E-12	4.271E-12	4.429E-12	4.668E-12	4.686E-12	4.636E-12	4.561E-12	4.354E-12	4.168E-12
158	19	5	1.279E-11	1.258E-11	1.239E-11	1.177E-11	1.129E-11	1.089E-11	1.053E-11	9.797E-12	9.200E-12
159	19	6	1.605E-11	1.633E-11	1.645E-11	1.626E-11	1.575E-11	1.523E-11	1.474E-11	1.373E-11	1.295E-11
160	19	7	3.241E-11	3.233E-11	3.211E-11	3.098E-11	2.997E-11	2.909E-11	2.833E-11	2.676E-11	2.546E-11
161	19	8	4.382E-11	4.438E-11	4.455E-11	4.368E-11	4.217E-11	4.068E-11	3.934E-11	3.664E-11	3.462E-11
162	19	9	5.363E-11	5.457E-11	5.503E-11	5.511E-11	5.441E-11	5.362E-11	5.284E-11	5.109E-11	4.950E-11
163	19	10	5.659E-11	5.885E-11	6.034E-11	6.262E-11	6.265E-11	6.201E-11	6.117E-11	5.899E-11	5.703E-11
164	19	11	6.500E-11	6.549E-11	6.586E-11	6.676E-11	6.732E-11	6.767E-11	6.787E-11	6.791E-11	6.750E-11
165	19	12	5.392E-11	5.629E-11	5.817E-11	6.316E-11	6.591E-11	6.748E-11	6.837E-11	6.914E-11	6.898E-11
166	19	13	1.078E-10	1.052E-10	1.034E-10	9.981E-11	9.840E-11	9.765E-11	9.703E-11	9.553E-11	9.395E-11
167	19	14	8.191E-11	8.546E-11	8.814E-11	9.413E-11	9.698E-11	9.856E-11	9.939E-11	9.963E-11	9.871E-11
168	19	15	1.536E-10	1.542E-10	1.541E-10	1.517E-10	1.496E-10	1.478E-10	1.461E-10	1.422E-10	1.384E-10
169	19	16	1.364E-10	1.412E-10	1.449E-10	1.516E-10	1.530E-10	1.532E-10	1.529E-10	1.518E-10	1.505E-10
170	19	17	2.463E-10	2.421E-10	2.384E-10	2.282E-10	2.218E-10	2.173E-10	2.140E-10	2.092E-10	2.070E-10
171	19	18	2.556E-10	2.545E-10	2.538E-10	2.499E-10	2.482E-10	2.495E-10	2.530E-10	2.663E-10	2.815E-10
172	20	1	3.019E-13	3.051E-13	3.061E-13	3.045E-13	3.005E-13	2.957E-13	2.907E-13	2.808E-13	2.757E-13
173	20	2	1.039E-12	1.027E-12	1.017E-12	9.733E-13	9.305E-13	8.897E-13	8.520E-13	7.748E-13	7.213E-13
174	20	3	1.465E-12	1.535E-12	1.577E-12	1.647E-12	1.661E-12	1.656E-12	1.644E-12	1.610E-12	1.584E-12
175	20	4	4.211E-12	4.107E-12	4.030E-12	3.806E-12	3.631E-12	3.484E-12	3.356E-12	3.098E-12	2.904E-12
176	20	5	4.141E-12	4.313E-12	4.431E-12	4.625E-12	4.637E-12	4.597E-12	4.542E-12	4.401E-12	4.278E-12
177	20	6	1.232E-11	1.212E-11	1.196E-11	1.143E-11	1.100E-11	1.064E-11	1.033E-11	9.702E-12	9.191E-12
178	20	7	1.821E-11	1.803E-11	1.789E-11	1.727E-11	1.661E-11	1.602E-11	1.551E-11	1.453E-11	1.381E-11
179	20	8	3.033E-11	3.058E-11	3.062E-11	3.006E-11	2.925E-11	2.848E-11	2.779E-11	2.636E-11	2.517E-11
180	20	9	4.942E-11	4.926E-11	4.903E-11	4.739E-11	4.547E-11	4.371E-11	4.219E-11	3.925E-11	3.712E-11
181	20	10	4.918E-11	5.135E-11	5.263E-11	5.425E-11	5.400E-11	5.331E-11	5.255E-11	5.077E-11	4.916E-11
182	20	11	6.352E-11	6.549E-11	6.686E-11	6.878E-11	6.832E-11	6.721E-11	6.598E-11	6.316E-11	6.084E-11
183	20	12	5.929E-11	6.215E-11	6.400E-11	6.743E-11	6.855E-11	6.893E-11	6.901E-11	6.867E-11	6.798E-11
184	20	13	5.872E-11	6.109E-11	6.299E-11	6.786E-11	7.032E-11	7.157E-11	7.216E-11	7.239E-11	7.195E-11
185	20	14	1.056E-10	1.054E-10	1.048E-10	1.026E-10	1.015E-10	1.007E-10	1.000E-10	9.823E-11	9.635E-11
186	20	15	8.448E-11	8.818E-11	9.072E-11	9.606E-11	9.871E-11	1.002E-10	1.010E-10	1.012E-10	1.004E-10
187	20	16	1.579E-10	1.585E-10	1.582E-10	1.553E-10	1.532E-10	1.517E-10	1.503E-10	1.466E-10	1.429E-10
188	20	17	1.337E-10	1.413E-10	1.463E-10	1.549E-10	1.571E-10	1.576E-10	1.574E-10	1.561E-10	1.544E-10
189	20	18	2.345E-10	2.316E-10	2.290E-10	2.216E-10	2.166E-10	2.131E-10	2.104E-10	2.068E-10	2.055E-10
190	20	19	2.442E-10	2.463E-10	2.479E-10	2.485E-10	2.477E-10	2.487E-10	2.515E-10	2.633E-10	2.773E-10
191	21	1	1.229E-13	1.230E-13	1.231E-13	1.220E-13	1.196E-13	1.168E-13	1.141E-13	1.092E-13	1.080E-13
192	21	2	5.755E-13	5.582E-13	5.486E-13	5.318E-13	5.238E-13	5.177E-13	5.129E-13	5.077E-13	5.126E-13
193	21	3	1.145E-12	1.115E-12	1.093E-12	1.035E-12	9.929E-13	9.574E-13	9.272E-13	8.722E-13	8.421E-13
194	21	4	1.483E-12	1.497E-12	1.514E-12	1.562E-12	1.584E-12	1.594E-12	1.600E-12	1.611E-12	1.628E-12
195	21	5	4.245E-12	4.075E-12	3.962E-12	3.700E-12	3.537E-12	3.413E-12	3.312E-12	3.123E-12	2.989E-12
196	21	6	4.241E-12	4.312E-12	4.371E-12	4.484E-12	4.496E-12	4.481E-12	4.460E-12	4.418E-12	4.391E-12
197	21	7	1.247E-11	1.195E-11	1.163E-11	1.095E-11	1.056E-11	1.027E-11	1.003E-11	9.559E-12	9.172E-12
198	21	8	1.932E-11	1.893E-11	1.864E-11	1.775E-11	1.702E-11	1.643E-11	1.596E-11	1.513E-11	1.457E-11
199	21	9	3.206E-11	3.111E-11	3.055E-11	2.927E-11	2.841E-11	2.771E-11	2.712E-11	2.591E-11	2.489E-11
200	21	10	5.330E-11	5.245E-11	5.180E-11	4.954E-11	4.749E-11	4.572E-11	4.423E-11	4.146E-11	3.952E-11
201	21	11	5.176E-11	5.209E-11	5.251E-11	5.337E-11	5.321E-11	5.268E-11	5.206E-11	5.051E-11	4.905E-11
202	21	12	6.966E-11	7.052E-11	7.129E-11	7.270E-11	7.231E-11	7.126E-11	7.006E-11	6.731E-11	6.508E-11
203	21	13	5.739E-11	6.001E-11	6.225E-11	6.746E-11	6.937E-11	7.003E-11	7.018E-11	6.981E-11	6.903E-11
204	21	14	6.595E-11	6.693E-11	6.820E-11	7.242E-11	7.456E-11	7.548E-11	7.578E-11	7.560E-11	7.501E-11
205	21	15	1.002E-10	1.023E-10	1.039E-10	1.060E-10	1.055E-10	1.046E-10	1.035E-10	1.009E-10	9.860E-11
206	21	16	9.559E-11	9.689E-11	9.786E-11	9.998E-11	1.010E-10	1.014E-10	1.015E-10	1.010E-10	9.993E-11
207	21	17	1.591E-10	1.621E-10	1.636E-10	1.637E-10	1.616E-10	1.593E-10	1.570E-10	1.519E-10	1.473E-10
208	21	18	1.387E-10	1.444E-10	1.476E-10	1.524E-10	1.537E-10	1.543E-10	1.544E-10	1.539E-10	1.528E-10
209	21	19	2.267E-10	2.254E-10	2.240E-10	2.187E-10	2.144E-10	2.108E-10	2.079E-10	2.038E-10	2.024E-10
210	21	20	2.067E-10	2.129E-10	2.168E-10	2.231E-10	2.259E-10	2.294E-10	2.340E-10	2.486E-10	2.644E-10
211	22	1	9.347E-14	8.775E-14	8.426E-14	7.766E-14	7.473E-14	7.309E-14	7.225E-14	7.313E-14	7.745E-14
212	22	2	1.934E-13	1.927E-13	1.928E-13	1.920E-13	1.892E-13	1.864E-13	1.844E-13	1.854E-13	1.951E-13
213	22	3	5.933E-13	5.672E-13	5.529E-13	5.293E-13	5.198E-13	5.151E-13	5.138E-13	5.235E-13	5.485E-13
214	22	4	1.281E-12	1.204E-12	1.155E-12	1.052E-12	9.934E-13	9.515E-13	9.207E-13	8.778E-13	8.687E-13
215	22	5	1.356E-12	1.363E-12	1.378E-12	1.422E-12	1.441E-12	1.452E-12	1.464E-12	1.506E-12	1.565E-12
216	22	6	4.476E-12	4.148E-12	3.947E-12	3.549E-12	3.346E-12	3.209E-12	3.110E-12	2.959E-12	2.881E-12
217	22	7	4.516E-12	4.476E-12	4.471E-12	4.460E-12	4.413E-12	4.366E-12	4.334E-12	4.318E-12	4.356E-12
218	22	8	1.205E-11	1.133E-11	1.090E-11	1.009E-11	9.656E-12	9.356E-12	9.132E-12	8.762E-12	8.512E-12
219	22	9	2.288E-11	2.158E-11	2.076E-11	1.895E-11	1.787E-11	1.710E-11	1.652E-11	1.560E-11	1.510E-11
220	22	10	3.050E-11	2.925E-11	2.856E-11	2.721E-11	2.631E-11	2.559E-11	2.502E-11	2.397E-11	2.321E-11
221	22	11	6.542E-11	6.150E-11	5.907E-11	5.384E-11	5.069E-11	4.833E-11	4.650E-11	4.335E-11	4.136E-11
222	22	12	5.147E-11	5.111E-11	5.121E-11	5.159E-11	5.111E-11	5.038E-11	4.964E-11	4.811E-11	4.688E-11
223	22	13	9.055E-11	8.676E-11	8.478E-11	8.133E-11	7.890E-11	7.667E-11	7.471E-11	7.098E-11	6.837E-11
224	22	14	6.271E-11	6.473E-11	6.641E-11	7.014E-11	7.113E-11	7.113E-11	7.082E-11	6.981E-11	6.887E-11
225	22	15	8.291E-11	8.122E-11	8.084E-11	8.190E-11	8.225E-11	8.185E-11	8.115E-11	7.941E-11	7.804E-11
226	22	16	1.167E-10	1.174E-10	1.175E-10	1.160E-10	1.140E-10	1.119E-10	1.099E-10	1.058E-10	1.027E-10
227	22	17	9.713E-11	9.759E-11	9.840E-11	1.012E-10	1.024E-10	1.026E-10	1.023E-10	1.009E-10	9.938E-11
228	22	18	1.894E-10	1.892E-10	1.881E-10	1.821E-10	1.774E-10	1.735E-10	1.700E-10	1.627E-10	1.567E-10
229	22	19	1.263E-10	1.323E-10	1.363E-10	1.438E-10	1.468E-10	1.482E-10	1.490E-10	1.498E-10	1.498E-10
230	22	20	2.462E-10	2.427E-10	2.388E-10	2.266E-10	2.196E-10	2.151E-10	2.120E-10	2.080E-10	2.066E-10
231	22	21	1.738E-10	1.834E-10	1.906E-10	2.066E-10	2.151E-10	2.218E-10	2.282E-10	2.449E-10	2.616E-10
!PARTNER 2
3 oH2-HCO+  (Denis-Alpizar et al. 2020: https://doi.org/10.1093/mnras/staa2308)  but see erratum
!NUMBER OF COLL TRANS
231
!NUMBER OF COLLISION TEMPERATURES
9
!COLL TEMPS
 10   		15  	 20 	      40	             60 	         80		   100 	         150                200 
!TRANS + UP + LOW + COLLRATES(cm^3 s^-1)      
   1    2    1  2.739e-10  2.558e-10  2.422e-10  2.156e-10  2.082e-10  2.074e-10  2.091e-10  2.170e-10  2.254e-10 
   2    3    1  1.545e-10  1.433e-10  1.341e-10  1.110e-10  9.908e-11  9.203e-11  8.744e-11  8.091e-11  7.746e-11 
   3    3    2  4.628e-10  4.336e-10  4.128e-10  3.716e-10  3.563e-10  3.496e-10  3.468e-10  3.473e-10  3.516e-10 
   4    4    1  8.943e-11  8.621e-11  8.246e-11  7.011e-11  6.232e-11  5.720e-11  5.360e-11  4.800e-11  4.481e-11 
   5    4    2  2.970e-10  2.743e-10  2.570e-10  2.152e-10  1.934e-10  1.798e-10  1.706e-10  1.565e-10  1.485e-10 
   6    4    3  4.785e-10  4.573e-10  4.411e-10  4.068e-10  3.945e-10  3.902e-10  3.894e-10  3.934e-10  3.996e-10 
   7    5    1  6.085e-11  5.937e-11  5.754e-11  5.034e-11  4.513e-11  4.143e-11  3.868e-11  3.413e-11  3.129e-11 
   8    5    2  1.888e-10  1.794e-10  1.709e-10  1.466e-10  1.320e-10  1.223e-10  1.155e-10  1.047e-10  9.846e-11 
   9    5    3  3.261e-10  3.111e-10  2.977e-10  2.601e-10  2.382e-10  2.239e-10  2.137e-10  1.972e-10  1.872e-10 
  10    5    4  4.336e-10  4.248e-10  4.169e-10  4.008e-10  3.976e-10  3.987e-10  4.015e-10  4.103e-10  4.190e-10 
  11    6    1  4.380e-11  4.232e-11  4.092e-11  3.635e-11  3.326e-11  3.112e-11  2.955e-11  2.698e-11  2.534e-11 
  12    6    2  1.428e-10  1.367e-10  1.313e-10  1.149e-10  1.042e-10  9.667e-11  9.088e-11  8.082e-11  7.428e-11 
  13    6    3  2.164e-10  2.103e-10  2.037e-10  1.818e-10  1.673e-10  1.570e-10  1.493e-10  1.367e-10  1.290e-10 
  14    6    4  3.382e-10  3.254e-10  3.141e-10  2.802e-10  2.588e-10  2.442e-10  2.338e-10  2.174e-10  2.081e-10 
  15    6    5  3.907e-10  3.875e-10  3.850e-10  3.812e-10  3.827e-10  3.866e-10  3.913e-10  4.041e-10  4.157e-10 
  16    7    1  3.702e-11  3.624e-11  3.520e-11  3.105e-11  2.798e-11  2.572e-11  2.399e-11  2.104e-11  1.921e-11 
  17    7    2  1.055e-10  1.029e-10  9.998e-11  9.030e-11  8.361e-11  7.864e-11  7.476e-11  6.787e-11  6.332e-11 
  18    7    3  1.809e-10  1.747e-10  1.688e-10  1.501e-10  1.373e-10  1.280e-10  1.208e-10  1.086e-10  1.009e-10 
  19    7    4  2.268e-10  2.218e-10  2.159e-10  1.951e-10  1.806e-10  1.702e-10  1.626e-10  1.501e-10  1.427e-10 
  20    7    5  3.046e-10  2.989e-10  2.928e-10  2.712e-10  2.563e-10  2.462e-10  2.389e-10  2.276e-10  2.214e-10 
  21    7    6  3.470e-10  3.468e-10  3.472e-10  3.526e-10  3.603e-10  3.686e-10  3.766e-10  3.948e-10  4.097e-10 
  22    8    1  3.168e-11  3.085e-11  3.014e-11  2.758e-11  2.545e-11  2.372e-11  2.229e-11  1.973e-11  1.808e-11 
  23    8    2  7.953e-11  7.763e-11  7.555e-11  6.812e-11  6.261e-11  5.847e-11  5.526e-11  4.986e-11  4.667e-11 
  24    8    3  1.225e-10  1.216e-10  1.197e-10  1.108e-10  1.036e-10  9.806e-11  9.374e-11  8.620e-11  8.131e-11 
  25    8    4  1.828e-10  1.804e-10  1.770e-10  1.629e-10  1.517e-10  1.432e-10  1.367e-10  1.257e-10  1.190e-10 
  26    8    5  2.115e-10  2.093e-10  2.063e-10  1.932e-10  1.825e-10  1.744e-10  1.682e-10  1.578e-10  1.513e-10 
  27    8    6  2.802e-10  2.755e-10  2.714e-10  2.587e-10  2.503e-10  2.444e-10  2.402e-10  2.333e-10  2.292e-10 
  28    8    7  3.314e-10  3.308e-10  3.307e-10  3.358e-10  3.446e-10  3.538e-10  3.627e-10  3.828e-10  3.991e-10 
  29    9    1  1.952e-11  1.874e-11  1.826e-11  1.706e-11  1.617e-11  1.547e-11  1.491e-11  1.397e-11  1.343e-11 
  30    9    2  6.669e-11  6.431e-11  6.259e-11  5.767e-11  5.398e-11  5.100e-11  4.857e-11  4.419e-11  4.134e-11 
  31    9    3  9.805e-11  9.612e-11  9.414e-11  8.723e-11  8.216e-11  7.837e-11  7.545e-11  7.057e-11  6.768e-11 
  32    9    4  1.316e-10  1.305e-10  1.290e-10  1.217e-10  1.155e-10  1.106e-10  1.066e-10  9.938e-11  9.437e-11 
  33    9    5  1.893e-10  1.871e-10  1.844e-10  1.729e-10  1.635e-10  1.562e-10  1.504e-10  1.402e-10  1.333e-10 
  34    9    6  2.174e-10  2.139e-10  2.102e-10  1.976e-10  1.883e-10  1.812e-10  1.755e-10  1.652e-10  1.584e-10 
  35    9    7  2.651e-10  2.632e-10  2.608e-10  2.524e-10  2.469e-10  2.430e-10  2.400e-10  2.348e-10  2.312e-10 
  36    9    8  3.057e-10  3.076e-10  3.085e-10  3.149e-10  3.248e-10  3.353e-10  3.452e-10  3.674e-10  3.851e-10 
  37   10    1  1.573e-11  1.521e-11  1.478e-11  1.361e-11  1.284e-11  1.226e-11  1.179e-11  1.096e-11  1.043e-11 
  38   10    2  4.723e-11  4.637e-11  4.552e-11  4.264e-11  4.053e-11  3.900e-11  3.788e-11  3.621e-11  3.537e-11 
  39   10    3  8.715e-11  8.552e-11  8.383e-11  7.761e-11  7.262e-11  6.865e-11  6.545e-11  5.980e-11  5.612e-11 
  40   10    4  1.036e-10  1.050e-10  1.052e-10  1.017e-10  9.738e-11  9.375e-11  9.079e-11  8.555e-11  8.219e-11 
  41   10    5  1.444e-10  1.431e-10  1.414e-10  1.340e-10  1.276e-10  1.222e-10  1.178e-10  1.093e-10  1.033e-10 
  42   10    6  1.934e-10  1.896e-10  1.863e-10  1.756e-10  1.672e-10  1.605e-10  1.549e-10  1.446e-10  1.373e-10 
  43   10    7  2.099e-10  2.067e-10  2.036e-10  1.928e-10  1.848e-10  1.786e-10  1.735e-10  1.642e-10  1.578e-10 
  44   10    8  2.549e-10  2.515e-10  2.488e-10  2.421e-10  2.383e-10  2.356e-10  2.333e-10  2.291e-10  2.260e-10 
  45   10    9  2.740e-10  2.782e-10  2.811e-10  2.913e-10  3.030e-10  3.147e-10  3.258e-10  3.503e-10  3.699e-10 
  46   11    1  1.127e-11  1.107e-11  1.097e-11  1.095e-11  1.098e-11  1.097e-11  1.095e-11  1.091e-11  1.086e-11 
  47   11    2  3.206e-11  3.219e-11  3.222e-11  3.204e-11  3.142e-11  3.062e-11  2.981e-11  2.806e-11  2.671e-11 
  48   11    3  5.770e-11  5.827e-11  5.865e-11  5.891e-11  5.822e-11  5.728e-11  5.636e-11  5.449e-11  5.311e-11 
  49   11    4  8.965e-11  9.052e-11  9.067e-11  8.808e-11  8.436e-11  8.086e-11  7.776e-11  7.168e-11  6.726e-11 
  50   11    5  1.130e-10  1.137e-10  1.136e-10  1.102e-10  1.061e-10  1.025e-10  9.940e-11  9.356e-11  8.951e-11 
  51   11    6  1.453e-10  1.443e-10  1.428e-10  1.362e-10  1.303e-10  1.253e-10  1.210e-10  1.127e-10  1.067e-10 
  52   11    7  2.000e-10  1.937e-10  1.886e-10  1.748e-10  1.660e-10  1.595e-10  1.541e-10  1.442e-10  1.371e-10 
  53   11    8  1.975e-10  1.954e-10  1.931e-10  1.846e-10  1.779e-10  1.726e-10  1.684e-10  1.605e-10  1.552e-10 
  54   11    9  2.473e-10  2.444e-10  2.419e-10  2.346e-10  2.306e-10  2.282e-10  2.264e-10  2.236e-10  2.217e-10 
  55   11   10  2.500e-10  2.550e-10  2.588e-10  2.713e-10  2.841e-10  2.967e-10  3.085e-10  3.347e-10  3.557e-10 
  56   12    1  8.679e-12  8.746e-12  8.762e-12  8.735e-12  8.619e-12  8.439e-12  8.236e-12  7.744e-12  7.327e-12 
  57   12    2  3.030e-11  3.014e-11  3.006e-11  3.011e-11  3.013e-11  3.002e-11  2.983e-11  2.929e-11  2.872e-11 
  58   12    3  4.600e-11  4.629e-11  4.639e-11  4.601e-11  4.498e-11  4.371e-11  4.243e-11  3.958e-11  3.730e-11 
  59   12    4  7.154e-11  7.154e-11  7.153e-11  7.081e-11  6.945e-11  6.796e-11  6.654e-11  6.361e-11  6.141e-11 
  60   12    5  9.577e-11  9.597e-11  9.573e-11  9.267e-11  8.898e-11  8.555e-11  8.251e-11  7.643e-11  7.191e-11 
  61   12    6  1.169e-10  1.166e-10  1.158e-10  1.114e-10  1.071e-10  1.034e-10  1.004e-10  9.460e-11  9.052e-11 
  62   12    7  1.467e-10  1.442e-10  1.420e-10  1.343e-10  1.285e-10  1.240e-10  1.202e-10  1.129e-10  1.075e-10 
  63   12    8  1.819e-10  1.795e-10  1.768e-10  1.670e-10  1.596e-10  1.540e-10  1.494e-10  1.407e-10  1.343e-10 
  64   12    9  1.878e-10  1.859e-10  1.839e-10  1.765e-10  1.710e-10  1.668e-10  1.633e-10  1.571e-10  1.527e-10 
  65   12   10  2.338e-10  2.327e-10  2.314e-10  2.266e-10  2.234e-10  2.215e-10  2.203e-10  2.186e-10  2.174e-10 
  66   12   11  2.424e-10  2.461e-10  2.490e-10  2.599e-10  2.719e-10  2.842e-10  2.960e-10  3.227e-10  3.445e-10 
  67   13    1  1.024e-11  1.019e-11  1.009e-11  9.772e-12  9.535e-12  9.329e-12  9.141e-12  8.731e-12  8.381e-12 
  68   13    2  2.215e-11  2.296e-11  2.327e-11  2.318e-11  2.260e-11  2.190e-11  2.118e-11  1.954e-11  1.816e-11 
  69   13    3  4.414e-11  4.445e-11  4.440e-11  4.391e-11  4.335e-11  4.271e-11  4.205e-11  4.048e-11  3.910e-11 
  70   13    4  5.132e-11  5.310e-11  5.384e-11  5.380e-11  5.249e-11  5.092e-11  4.935e-11  4.590e-11  4.315e-11 
  71   13    5  7.487e-11  7.547e-11  7.543e-11  7.404e-11  7.228e-11  7.055e-11  6.897e-11  6.578e-11  6.341e-11 
  72   13    6  9.550e-11  9.634e-11  9.610e-11  9.269e-11  8.905e-11  8.584e-11  8.304e-11  7.745e-11  7.327e-11 
  73   13    7  1.088e-10  1.103e-10  1.104e-10  1.072e-10  1.035e-10  1.004e-10  9.771e-11  9.259e-11  8.894e-11 
  74   13    8  1.397e-10  1.401e-10  1.390e-10  1.321e-10  1.264e-10  1.220e-10  1.185e-10  1.119e-10  1.070e-10 
  75   13    9  1.549e-10  1.580e-10  1.589e-10  1.565e-10  1.525e-10  1.488e-10  1.455e-10  1.386e-10  1.332e-10 
  76   13   10  1.713e-10  1.740e-10  1.744e-10  1.711e-10  1.673e-10  1.642e-10  1.616e-10  1.566e-10  1.530e-10 
  77   13   11  2.171e-10  2.196e-10  2.203e-10  2.192e-10  2.180e-10  2.173e-10  2.169e-10  2.165e-10  2.159e-10 
  78   13   12  2.258e-10  2.337e-10  2.383e-10  2.496e-10  2.606e-10  2.720e-10  2.834e-10  3.098e-10  3.320e-10 
  79   14    1  6.638e-12  6.762e-12  6.771e-12  6.519e-12  6.197e-12  5.894e-12  5.616e-12  5.028e-12  4.561e-12 
  80   14    2  2.694e-11  2.662e-11  2.618e-11  2.465e-11  2.351e-11  2.260e-11  2.184e-11  2.033e-11  1.917e-11 
  81   14    3  3.006e-11  3.121e-11  3.166e-11  3.143e-11  3.039e-11  2.925e-11  2.815e-11  2.575e-11  2.382e-11 
  82   14    4  5.159e-11  5.198e-11  5.187e-11  5.072e-11  4.948e-11  4.835e-11  4.731e-11  4.512e-11  4.329e-11 
  83   14    5  4.919e-11  5.193e-11  5.337e-11  5.473e-11  5.401e-11  5.282e-11  5.152e-11  4.850e-11  4.597e-11 
  84   14    6  7.312e-11  7.381e-11  7.381e-11  7.252e-11  7.105e-11  6.968e-11  6.844e-11  6.584e-11  6.380e-11 
  85   14    7  8.595e-11  8.842e-11  8.927e-11  8.832e-11  8.615e-11  8.401e-11  8.203e-11  7.778e-11  7.434e-11 
  86   14    8  1.033e-10  1.052e-10  1.054e-10  1.029e-10  1.000e-10  9.757e-11  9.551e-11  9.148e-11  8.845e-11 
  87   14    9  1.227e-10  1.257e-10  1.266e-10  1.247e-10  1.214e-10  1.185e-10  1.160e-10  1.109e-10  1.069e-10 
  88   14   10  1.561e-10  1.564e-10  1.558e-10  1.518e-10  1.482e-10  1.452e-10  1.425e-10  1.367e-10  1.320e-10 
  89   14   11  1.572e-10  1.615e-10  1.634e-10  1.641e-10  1.622e-10  1.603e-10  1.585e-10  1.547e-10  1.518e-10 
  90   14   12  2.257e-10  2.276e-10  2.272e-10  2.231e-10  2.201e-10  2.183e-10  2.171e-10  2.156e-10  2.146e-10 
  91   14   13  2.264e-10  2.326e-10  2.362e-10  2.454e-10  2.547e-10  2.648e-10  2.753e-10  3.006e-10  3.226e-10 
  92   15    1  6.510e-12  6.413e-12  6.309e-12  5.941e-12  5.641e-12  5.388e-12  5.169e-12  4.724e-12  4.376e-12 
  93   15    2  1.351e-11  1.381e-11  1.395e-11  1.377e-11  1.321e-11  1.260e-11  1.202e-11  1.076e-11  9.755e-12 
  94   15    3  3.216e-11  3.205e-11  3.182e-11  3.058e-11  2.934e-11  2.824e-11  2.727e-11  2.530e-11  2.375e-11 
  95   15    4  3.033e-11  3.185e-11  3.272e-11  3.347e-11  3.277e-11  3.178e-11  3.075e-11  2.842e-11  2.650e-11 
  96   15    5  5.120e-11  5.185e-11  5.202e-11  5.143e-11  5.045e-11  4.949e-11  4.859e-11  4.658e-11  4.484e-11 
  97   15    6  4.662e-11  4.951e-11  5.119e-11  5.339e-11  5.330e-11  5.261e-11  5.173e-11  4.944e-11  4.734e-11 
  98   15    7  7.113e-11  7.173e-11  7.169e-11  7.047e-11  6.927e-11  6.824e-11  6.733e-11  6.538e-11  6.373e-11 
  99   15    8  8.066e-11  8.367e-11  8.497e-11  8.532e-11  8.407e-11  8.263e-11  8.120e-11  7.786e-11  7.493e-11 
 100   15    9  1.022e-10  1.036e-10  1.036e-10  1.013e-10  9.891e-11  9.697e-11  9.531e-11  9.188e-11  8.910e-11 
 101   15   10  1.191e-10  1.211e-10  1.217e-10  1.203e-10  1.182e-10  1.163e-10  1.146e-10  1.106e-10  1.072e-10 
 102   15   11  1.540e-10  1.545e-10  1.538e-10  1.495e-10  1.462e-10  1.435e-10  1.412e-10  1.363e-10  1.321e-10 
 103   15   12  1.533e-10  1.573e-10  1.591e-10  1.600e-10  1.587e-10  1.574e-10  1.562e-10  1.535e-10  1.512e-10 
 104   15   13  2.215e-10  2.252e-10  2.262e-10  2.241e-10  2.210e-10  2.189e-10  2.174e-10  2.154e-10  2.143e-10 
 105   15   14  2.300e-10  2.357e-10  2.384e-10  2.447e-10  2.520e-10  2.608e-10  2.703e-10  2.942e-10  3.158e-10 
 106   16    1  2.762e-12  2.779e-12  2.787e-12  2.744e-12  2.651e-12  2.545e-12  2.438e-12  2.191e-12  1.983e-12 
 107   16    2  1.385e-11  1.336e-11  1.303e-11  1.218e-11  1.157e-11  1.103e-11  1.056e-11  9.591e-12  8.829e-12 
 108   16    3  1.653e-11  1.669e-11  1.678e-11  1.657e-11  1.600e-11  1.535e-11  1.471e-11  1.330e-11  1.216e-11 
 109   16    4  3.605e-11  3.503e-11  3.437e-11  3.261e-11  3.128e-11  3.016e-11  2.919e-11  2.719e-11  2.559e-11 
 110   16    5  3.298e-11  3.391e-11  3.447e-11  3.483e-11  3.419e-11  3.333e-11  3.243e-11  3.031e-11  2.849e-11 
 111   16    6  5.356e-11  5.266e-11  5.215e-11  5.094e-11  5.010e-11  4.938e-11  4.870e-11  4.710e-11  4.559e-11 
 112   16    7  4.847e-11  5.019e-11  5.134e-11  5.311e-11  5.326e-11  5.289e-11  5.230e-11  5.052e-11  4.874e-11 
 113   16    8  7.227e-11  7.059e-11  6.966e-11  6.804e-11  6.731e-11  6.677e-11  6.625e-11  6.498e-11  6.371e-11 
 114   16    9  8.236e-11  8.357e-11  8.406e-11  8.388e-11  8.309e-11  8.219e-11  8.121e-11  7.861e-11  7.608e-11 
 115   16   10  1.041e-10  1.030e-10  1.021e-10  9.920e-11  9.737e-11  9.602e-11  9.485e-11  9.222e-11  8.982e-11 
 116   16   11  1.254e-10  1.247e-10  1.236e-10  1.196e-10  1.170e-10  1.152e-10  1.136e-10  1.103e-10  1.073e-10 
 117   16   12  1.489e-10  1.490e-10  1.487e-10  1.460e-10  1.437e-10  1.417e-10  1.400e-10  1.359e-10  1.322e-10 
 118   16   13  1.609e-10  1.619e-10  1.621e-10  1.603e-10  1.583e-10  1.566e-10  1.552e-10  1.525e-10  1.505e-10 
 119   16   14  2.247e-10  2.263e-10  2.269e-10  2.251e-10  2.223e-10  2.202e-10  2.187e-10  2.166e-10  2.153e-10 
 120   16   15  2.433e-10  2.449e-10  2.461e-10  2.492e-10  2.541e-10  2.611e-10  2.692e-10  2.909e-10  3.113e-10 
 121   17    1  2.482e-12  2.495e-12  2.476e-12  2.358e-12  2.244e-12  2.137e-12  2.038e-12  1.824e-12  1.655e-12 
 122   17    2  5.064e-12  5.316e-12  5.433e-12  5.514e-12  5.399e-12  5.224e-12  5.031e-12  4.567e-12  4.174e-12 
 123   17    3  1.542e-11  1.542e-11  1.528e-11  1.454e-11  1.385e-11  1.324e-11  1.269e-11  1.154e-11  1.064e-11 
 124   17    4  1.736e-11  1.803e-11  1.830e-11  1.815e-11  1.752e-11  1.683e-11  1.617e-11  1.471e-11  1.355e-11 
 125   17    5  3.550e-11  3.549e-11  3.517e-11  3.365e-11  3.237e-11  3.130e-11  3.036e-11  2.842e-11  2.685e-11 
 126   17    6  3.351e-11  3.526e-11  3.611e-11  3.664e-11  3.595e-11  3.504e-11  3.411e-11  3.196e-11  3.016e-11 
 127   17    7  5.157e-11  5.198e-11  5.197e-11  5.138e-11  5.075e-11  5.014e-11  4.953e-11  4.804e-11  4.659e-11 
 128   17    8  4.748e-11  5.007e-11  5.160e-11  5.395e-11  5.438e-11  5.421e-11  5.377e-11  5.225e-11  5.061e-11 
 129   17    9  6.628e-11  6.623e-11  6.608e-11  6.574e-11  6.567e-11  6.557e-11  6.539e-11  6.468e-11  6.374e-11 
 130   17   10  7.377e-11  7.668e-11  7.823e-11  8.026e-11  8.065e-11  8.057e-11  8.019e-11  7.861e-11  7.667e-11 
 131   17   11  9.043e-11  9.235e-11  9.318e-11  9.364e-11  9.336e-11  9.295e-11  9.243e-11  9.084e-11  8.905e-11 
 132   17   12  1.112e-10  1.136e-10  1.144e-10  1.144e-10  1.137e-10  1.129e-10  1.121e-10  1.100e-10  1.076e-10 
 133   17   13  1.306e-10  1.352e-10  1.375e-10  1.396e-10  1.392e-10  1.383e-10  1.372e-10  1.342e-10  1.311e-10 
 134   17   14  1.551e-10  1.577e-10  1.587e-10  1.591e-10  1.580e-10  1.568e-10  1.556e-10  1.533e-10  1.514e-10 
 135   17   15  2.199e-10  2.243e-10  2.259e-10  2.248e-10  2.220e-10  2.198e-10  2.181e-10  2.156e-10  2.140e-10 
 136   17   16  2.432e-10  2.470e-10  2.490e-10  2.523e-10  2.560e-10  2.615e-10  2.682e-10  2.875e-10  3.064e-10 
 137   18    1  9.531e-13  9.875e-13  1.009e-12  1.039e-12  1.032e-12  1.010e-12  9.824e-13  9.095e-13  8.462e-13 
 138   18    2  4.911e-12  4.870e-12  4.813e-12  4.577e-12  4.351e-12  4.139e-12  3.942e-12  3.525e-12  3.201e-12 
 139   18    3  6.227e-12  6.395e-12  6.493e-12  6.567e-12  6.432e-12  6.236e-12  6.025e-12  5.527e-12  5.111e-12 
 140   18    4  1.664e-11  1.642e-11  1.617e-11  1.529e-11  1.456e-11  1.392e-11  1.337e-11  1.224e-11  1.137e-11 
 141   18    5  1.878e-11  1.911e-11  1.924e-11  1.893e-11  1.823e-11  1.751e-11  1.683e-11  1.540e-11  1.428e-11 
 142   18    6  3.689e-11  3.646e-11  3.598e-11  3.432e-11  3.301e-11  3.193e-11  3.100e-11  2.912e-11  2.761e-11 
 143   18    7  3.590e-11  3.723e-11  3.796e-11  3.842e-11  3.765e-11  3.667e-11  3.569e-11  3.351e-11  3.171e-11 
 144   18    8  5.273e-11  5.278e-11  5.269e-11  5.220e-11  5.163e-11  5.104e-11  5.043e-11  4.896e-11  4.754e-11 
 145   18    9  4.766e-11  5.056e-11  5.240e-11  5.544e-11  5.606e-11  5.597e-11  5.558e-11  5.418e-11  5.265e-11 
 146   18   10  6.547e-11  6.537e-11  6.528e-11  6.548e-11  6.579e-11  6.595e-11  6.594e-11  6.549e-11  6.469e-11 
 147   18   11  6.913e-11  7.293e-11  7.513e-11  7.860e-11  7.969e-11  8.006e-11  8.004e-11  7.909e-11  7.757e-11 
 148   18   12  8.723e-11  8.909e-11  9.006e-11  9.158e-11  9.206e-11  9.213e-11  9.194e-11  9.083e-11  8.933e-11 
 149   18   13  1.037e-10  1.072e-10  1.089e-10  1.108e-10  1.112e-10  1.112e-10  1.110e-10  1.097e-10  1.080e-10 
 150   18   14  1.262e-10  1.314e-10  1.343e-10  1.380e-10  1.382e-10  1.376e-10  1.367e-10  1.341e-10  1.313e-10 
 151   18   15  1.527e-10  1.558e-10  1.571e-10  1.581e-10  1.575e-10  1.568e-10  1.559e-10  1.540e-10  1.524e-10 
 152   18   16  2.152e-10  2.206e-10  2.232e-10  2.241e-10  2.217e-10  2.194e-10  2.176e-10  2.146e-10  2.128e-10 
 153   18   17  2.404e-10  2.448e-10  2.471e-10  2.509e-10  2.546e-10  2.599e-10  2.662e-10  2.846e-10  3.027e-10 
 154   19    1  8.500e-13  8.400e-13  8.308e-13  7.915e-13  7.516e-13  7.134e-13  6.779e-13  6.028e-13  5.461e-13 
 155   19    2  2.007e-12  2.026e-12  2.042e-12  2.062e-12  2.041e-12  2.003e-12  1.958e-12  1.845e-12  1.749e-12 
 156   19    3  5.609e-12  5.520e-12  5.441e-12  5.152e-12  4.894e-12  4.664e-12  4.458e-12  4.035e-12  3.714e-12 
 157   19    4  6.677e-12  6.744e-12  6.782e-12  6.733e-12  6.563e-12  6.367e-12  6.171e-12  5.732e-12  5.374e-12 
 158   19    5  1.711e-11  1.671e-11  1.637e-11  1.533e-11  1.456e-11  1.394e-11  1.342e-11  1.240e-11  1.163e-11 
 159   19    6  1.985e-11  1.997e-11  1.995e-11  1.936e-11  1.858e-11  1.784e-11  1.717e-11  1.583e-11  1.480e-11 
 160   19    7  3.824e-11  3.742e-11  3.672e-11  3.466e-11  3.326e-11  3.218e-11  3.128e-11  2.949e-11  2.808e-11 
 161   19    8  3.855e-11  3.965e-11  4.021e-11  4.030e-11  3.936e-11  3.828e-11  3.725e-11  3.503e-11  3.326e-11 
 162   19    9  5.446e-11  5.408e-11  5.373e-11  5.279e-11  5.214e-11  5.153e-11  5.094e-11  4.954e-11  4.819e-11 
 163   19   10  4.746e-11  5.079e-11  5.296e-11  5.682e-11  5.781e-11  5.788e-11  5.759e-11  5.633e-11  5.486e-11 
 164   19   11  6.338e-11  6.357e-11  6.373e-11  6.471e-11  6.556e-11  6.606e-11  6.628e-11  6.617e-11  6.554e-11 
 165   19   12  6.532e-11  6.937e-11  7.206e-11  7.727e-11  7.926e-11  8.010e-11  8.036e-11  7.981e-11  7.856e-11 
 166   19   13  8.687e-11  8.843e-11  8.939e-11  9.155e-11  9.259e-11  9.298e-11  9.296e-11  9.200e-11  9.049e-11 
 167   19   14  1.061e-10  1.088e-10  1.100e-10  1.113e-10  1.114e-10  1.112e-10  1.108e-10  1.094e-10  1.078e-10 
 168   19   15  1.262e-10  1.309e-10  1.338e-10  1.384e-10  1.393e-10  1.389e-10  1.381e-10  1.354e-10  1.325e-10 
 169   19   16  1.598e-10  1.615e-10  1.618e-10  1.599e-10  1.579e-10  1.562e-10  1.549e-10  1.525e-10  1.509e-10 
 170   19   17  2.110e-10  2.171e-10  2.203e-10  2.235e-10  2.221e-10  2.201e-10  2.182e-10  2.144e-10  2.118e-10 
 171   19   18  2.393e-10  2.434e-10  2.450e-10  2.466e-10  2.482e-10  2.511e-10  2.552e-10  2.678e-10  2.807e-10 
 172   20    1  4.306e-13  4.265e-13  4.234e-13  4.111e-13  3.989e-13  3.882e-13  3.788e-13  3.606e-13  3.486e-13 
 173   20    2  1.492e-12  1.487e-12  1.474e-12  1.399e-12  1.320e-12  1.251e-12  1.192e-12  1.075e-12  9.945e-13 
 174   20    3  2.266e-12  2.298e-12  2.317e-12  2.315e-12  2.270e-12  2.219e-12  2.170e-12  2.067e-12  1.989e-12 
 175   20    4  5.679e-12  5.587e-12  5.500e-12  5.181e-12  4.903e-12  4.670e-12  4.475e-12  4.100e-12  3.831e-12 
 176   20    5  6.293e-12  6.496e-12  6.599e-12  6.605e-12  6.427e-12  6.232e-12  6.049e-12  5.674e-12  5.388e-12 
 177   20    6  1.707e-11  1.664e-11  1.629e-11  1.523e-11  1.446e-11  1.385e-11  1.335e-11  1.241e-11  1.172e-11 
 178   20    7  1.973e-11  2.019e-11  2.033e-11  1.989e-11  1.910e-11  1.834e-11  1.768e-11  1.638e-11  1.543e-11 
 179   20    8  3.863e-11  3.783e-11  3.715e-11  3.506e-11  3.353e-11  3.234e-11  3.138e-11  2.955e-11  2.817e-11 
 180   20    9  4.021e-11  4.185e-11  4.264e-11  4.283e-11  4.170e-11  4.043e-11  3.925e-11  3.687e-11  3.504e-11 
 181   20   10  5.682e-11  5.641e-11  5.600e-11  5.461e-11  5.344e-11  5.242e-11  5.154e-11  4.974e-11  4.826e-11 
 182   20   11  5.018e-11  5.399e-11  5.634e-11  6.025e-11  6.098e-11  6.076e-11  6.023e-11  5.863e-11  5.704e-11 
 183   20   12  6.805e-11  6.770e-11  6.742e-11  6.734e-11  6.755e-11  6.756e-11  6.743e-11  6.682e-11  6.600e-11 
 184   20   13  6.418e-11  6.879e-11  7.189e-11  7.819e-11  8.059e-11  8.156e-11  8.186e-11  8.138e-11  8.022e-11 
 185   20   14  9.436e-11  9.468e-11  9.475e-11  9.531e-11  9.576e-11  9.580e-11  9.554e-11  9.420e-11  9.252e-11 
 186   20   15  9.727e-11  1.025e-10  1.056e-10  1.108e-10  1.123e-10  1.127e-10  1.126e-10  1.116e-10  1.100e-10 
 187   20   16  1.370e-10  1.395e-10  1.409e-10  1.429e-10  1.430e-10  1.422e-10  1.411e-10  1.379e-10  1.348e-10 
 188   20   17  1.472e-10  1.527e-10  1.554e-10  1.577e-10  1.569e-10  1.558e-10  1.549e-10  1.530e-10  1.517e-10 
 189   20   18  2.317e-10  2.317e-10  2.311e-10  2.276e-10  2.240e-10  2.209e-10  2.184e-10  2.140e-10  2.113e-10 
 190   20   19  2.257e-10  2.321e-10  2.348e-10  2.374e-10  2.397e-10  2.434e-10  2.480e-10  2.612e-10  2.741e-10 
 191   21    1  2.184e-13  2.209e-13  2.201e-13  2.106e-13  2.014e-13  1.946e-13  1.901e-13  1.864e-13  1.888e-13 
 192   21    2  8.504e-13  8.388e-13  8.271e-13  7.929e-13  7.716e-13  7.589e-13  7.530e-13  7.579e-13  7.765e-13 
 193   21    3  1.671e-12  1.654e-12  1.627e-12  1.527e-12  1.451e-12  1.396e-12  1.357e-12  1.312e-12  1.304e-12 
 194   21    4  2.149e-12  2.197e-12  2.221e-12  2.235e-12  2.214e-12  2.194e-12  2.184e-12  2.192e-12  2.227e-12 
 195   21    5  5.735e-12  5.587e-12  5.448e-12  5.054e-12  4.795e-12  4.608e-12  4.472e-12  4.265e-12  4.155e-12 
 196   21    6  6.109e-12  6.281e-12  6.353e-12  6.335e-12  6.200e-12  6.068e-12  5.964e-12  5.813e-12  5.743e-12 
 197   21    7  1.665e-11  1.617e-11  1.576e-11  1.465e-11  1.396e-11  1.346e-11  1.309e-11  1.247e-11  1.205e-11 
 198   21    8  2.095e-11  2.113e-11  2.106e-11  2.025e-11  1.940e-11  1.869e-11  1.812e-11  1.719e-11  1.661e-11 
 199   21    9  3.655e-11  3.608e-11  3.557e-11  3.389e-11  3.264e-11  3.169e-11  3.096e-11  2.972e-11  2.885e-11 
 200   21   10  4.406e-11  4.517e-11  4.553e-11  4.494e-11  4.358e-11  4.227e-11  4.116e-11  3.919e-11  3.788e-11 
 201   21   11  5.399e-11  5.450e-11  5.469e-11  5.434e-11  5.348e-11  5.265e-11  5.196e-11  5.078e-11  4.993e-11 
 202   21   12  5.661e-11  5.965e-11  6.143e-11  6.416e-11  6.433e-11  6.383e-11  6.321e-11  6.190e-11  6.086e-11 
 203   21   13  7.265e-11  7.249e-11  7.222e-11  7.151e-11  7.101e-11  7.058e-11  7.025e-11  6.981e-11  6.954e-11 
 204   21   14  7.195e-11  7.508e-11  7.709e-11  8.129e-11  8.290e-11  8.360e-11  8.400e-11  8.464e-11  8.494e-11 
 205   21   15  1.111e-10  1.098e-10  1.084e-10  1.047e-10  1.030e-10  1.020e-10  1.014e-10  1.008e-10  1.006e-10 
 206   21   16  9.719e-11  1.024e-10  1.054e-10  1.108e-10  1.127e-10  1.138e-10  1.146e-10  1.165e-10  1.178e-10 
 207   21   17  1.533e-10  1.549e-10  1.549e-10  1.527e-10  1.507e-10  1.491e-10  1.481e-10  1.467e-10  1.461e-10 
 208   21   18  1.352e-10  1.422e-10  1.463e-10  1.527e-10  1.545e-10  1.554e-10  1.562e-10  1.585e-10  1.607e-10 
 209   21   19  2.325e-10  2.336e-10  2.329e-10  2.279e-10  2.236e-10  2.207e-10  2.191e-10  2.185e-10  2.200e-10 
 210   21   20  2.002e-10  2.087e-10  2.139e-10  2.246e-10  2.311e-10  2.374e-10  2.440e-10  2.611e-10  2.769e-10 
 211   22    1  1.782e-13  1.731e-13  1.674e-13  1.501e-13  1.397e-13  1.332e-13  1.287e-13  1.233e-13  1.230e-13 
 212   22    2  4.148e-13  4.165e-13  4.108e-13  3.777e-13  3.517e-13  3.332e-13  3.200e-13  3.020e-13  2.986e-13 
 213   22    3  9.537e-13  9.397e-13  9.193e-13  8.496e-13  8.065e-13  7.793e-13  7.617e-13  7.433e-13  7.473e-13 
 214   22    4  1.793e-12  1.768e-12  1.725e-12  1.559e-12  1.444e-12  1.363e-12  1.305e-12  1.217e-12  1.178e-12 
 215   22    5  2.090e-12  2.127e-12  2.130e-12  2.072e-12  2.014e-12  1.973e-12  1.947e-12  1.926e-12  1.938e-12 
 216   22    6  5.523e-12  5.419e-12  5.281e-12  4.808e-12  4.494e-12  4.279e-12  4.125e-12  3.892e-12  3.764e-12 
 217   22    7  6.568e-12  6.663e-12  6.652e-12  6.386e-12  6.116e-12  5.910e-12  5.759e-12  5.537e-12  5.426e-12 
 218   22    8  1.541e-11  1.510e-11  1.474e-11  1.358e-11  1.283e-11  1.231e-11  1.194e-11  1.135e-11  1.099e-11 
 219   22    9  2.388e-11  2.379e-11  2.343e-11  2.178e-11  2.046e-11  1.948e-11  1.873e-11  1.749e-11  1.672e-11 
 220   22   10  3.468e-11  3.427e-11  3.372e-11  3.178e-11  3.039e-11  2.937e-11  2.860e-11  2.732e-11  2.646e-11 
 221   22   11  5.151e-11  5.197e-11  5.165e-11  4.911e-11  4.675e-11  4.484e-11  4.332e-11  4.061e-11  3.879e-11 
 222   22   12  5.310e-11  5.331e-11  5.326e-11  5.246e-11  5.137e-11  5.036e-11  4.951e-11  4.797e-11  4.687e-11 
 223   22   13  6.604e-11  6.834e-11  6.934e-11  6.966e-11  6.847e-11  6.713e-11  6.589e-11  6.343e-11  6.159e-11 
 224   22   14  7.313e-11  7.322e-11  7.329e-11  7.326e-11  7.259e-11  7.175e-11  7.095e-11  6.936e-11  6.815e-11 
 225   22   15  7.606e-11  7.936e-11  8.129e-11  8.425e-11  8.469e-11  8.445e-11  8.399e-11  8.272e-11  8.150e-11 
 226   22   16  1.132e-10  1.131e-10  1.127e-10  1.111e-10  1.094e-10  1.078e-10  1.063e-10  1.029e-10  1.002e-10 
 227   22   17  9.632e-11  1.019e-10  1.051e-10  1.104e-10  1.118e-10  1.122e-10  1.121e-10  1.113e-10  1.100e-10 
 228   22   18  1.580e-10  1.602e-10  1.607e-10  1.594e-10  1.574e-10  1.553e-10  1.532e-10  1.485e-10  1.444e-10 
 229   22   19  1.291e-10  1.360e-10  1.403e-10  1.483e-10  1.513e-10  1.525e-10  1.531e-10  1.534e-10  1.532e-10 
 230   22   20  2.268e-10  2.286e-10  2.284e-10  2.248e-10  2.216e-10  2.190e-10  2.170e-10  2.136e-10  2.116e-10 
 231   22   21  1.800e-10  1.888e-10  1.954e-10  2.116e-10  2.221e-10  2.309e-10  2.390e-10  2.571e-10  2.723e-10 
