!MOLECULE
HCS+
!MOLECULAR WEIGHT
45.1
!NUMBER OF ENERGY LEVELS
31
!LEVEL + ENERGIES(cm^-1) + WEIGHT + J
    1       0.0000    1.0     0
    2       1.4235    3.0     1
    3       4.2704    5.0     2
    4       8.5407    7.0     3
    5      14.2343    9.0     4
    6      21.3513   11.0     5
    7      29.8914   13.0     6
    8      39.8547   15.0     7
    9      51.2409   17.0     8
   10      64.0499   19.0     9
   11      78.2817   21.0    10
   12      93.9359   23.0    11
   13     111.0125   25.0    12
   14     129.5112   27.0    13
   15     149.4317   29.0    14
   16     170.7740   31.0    15
   17     193.5376   33.0    16
   18     217.7223   35.0    17
   19     243.3279   37.0    18
   20     270.3540   39.0    19
   21     298.8002   41.0    20
   22     328.6663   43.0    21
   23     359.9519   45.0    22
   24     392.6566   47.0    23
   25     426.7800   49.0    24
   26     462.3217   51.0    25
   27     499.2813   53.0    26
   28     537.6583   55.0    27
   29     577.4522   57.0    28
   30     618.6626   59.0    29
   31     661.2890   61.0    30
!NUMBER OF RADIATIVE TRANSITIONS
30
!TRANS + UP + LOW + EINSTEINA(s^-1) + FREQ(GHz) + E_u(K)
    1     2     1  1.1559e-06	   42.6741954    2.05
    2     3     2  1.1096e-05	   85.3478900    6.14
    3     4     3  4.0126e-05	  128.0205700   12.29
    4     5     4  9.8625e-05	  170.6916030   20.48
    5     6     5  1.9700e-04	  213.3606500   30.72
    6     7     6  3.4561e-04	  256.0271000   43.01
    7     8     7  5.5493e-04	  298.6904530   57.34
    8     9     8  8.3518e-04	  341.3502290   73.72
    9    10     9  1.1970e-03	  384.0058060   92.15
   10    11    10  1.6505e-03	  426.6567892  112.63
   11    12    11  2.2059e-03	  469.3026050  135.15
   12    13    12  2.8741e-03	  511.9426850  159.72
   13    14    13  3.6648e-03	  554.5766760  186.34
   14    15    14  4.5885e-03	  597.2039070  215.00
   15    16    15  5.6557e-03	  639.8239079  245.70
   16    17    16  6.8761e-03	  682.4361761  278.46
   17    18    17  8.2614e-03	  725.0401800  313.25
   18    19    18  9.8206e-03	  767.6354160  350.09
   19    20    19  1.1564e-02	  810.2213970  388.98
   20    21    20  1.3501e-02	  852.7975478  429.90
   21    22    21  1.5643e-02	  895.3633890  472.87
   22    23    22  1.8001e-02	  937.9183930  517.89
   23    24    23  2.0582e-02	  980.4620663  564.94
   24    25    24  2.3398e-02	 1022.9938721  614.04
   25    26    25  2.6461e-02	 1065.5133033  665.17
   26    27    26  2.9781e-02	 1108.0198456  718.35
   27    28    27  3.3359e-02	 1150.5129847  773.56
   28    29    28  3.7214e-02	 1192.9922066  830.82
   29    30    29  4.1355e-02	 1235.4569973  890.11
   30    31    30  4.5802e-02	 1277.9068431  951.44
!NUMBER OF COLL PARTNERS
1
!COLLISIONS BETWEEN
1 HCS+ - H2 adopting HCO+ - H2 from Flower (1999) + extrapolation
!NUMBER OF COLL TRANS
465
!NUMBER OF COLL TEMPS
15
!COLL TEMPS
   10.0   20.0   30.0   50.0   70.0  100.0  150.0  200.0  250.0  300.0  350.0  400.0  500.0 1000.0 2000.0
!TRANS + UP + LOW + COLLRATES(cm^3 s^-1)
    1     2     1  2.6e-10 2.3e-10 2.1e-10 2.0e-10 1.9e-10 1.8e-10 2.0e-10 2.2e-10 2.3e-10 2.5e-10 2.7e-10 2.8e-10 2.9e-10 3.2e-10 3.4e-10
    2     3     1  1.4e-10 1.2e-10 1.1e-10 1.0e-10 9.2e-11 8.8e-11 8.4e-11 8.2e-11 8.1e-11 8.3e-11 8.1e-11 8.5e-11 8.8e-11 9.7e-11 1.1e-10
    3     3     2  3.8e-10 3.7e-10 3.4e-10 3.4e-10 3.3e-10 3.5e-10 3.6e-10 3.8e-10 4.0e-10 4.2e-10 4.4e-10 4.4e-10 4.6e-10 5.1e-10 5.6e-10
    4     4     1  1.0e-10 9.1e-11 8.4e-11 7.3e-11 6.8e-11 6.3e-11 5.9e-11 5.6e-11 5.5e-11 5.5e-11 5.5e-11 5.5e-11 5.8e-11 6.6e-11 7.4e-11
    5     4     2  2.5e-10 2.3e-10 2.1e-10 1.9e-10 1.8e-10 1.7e-10 1.7e-10 1.7e-10 1.8e-10 1.8e-10 1.8e-10 1.8e-10 1.9e-10 2.1e-10 2.3e-10
    6     4     3  4.3e-10 4.2e-10 4.0e-10 3.9e-10 3.9e-10 4.0e-10 4.2e-10 4.3e-10 4.5e-10 4.7e-10 4.9e-10 4.9e-10 5.1e-10 5.7e-10 6.3e-10
    7     5     1  5.9e-11 5.8e-11 5.5e-11 5.2e-11 4.6e-11 4.4e-11 4.1e-11 4.1e-11 4.2e-11 4.2e-11 4.3e-11 4.4e-11 4.7e-11 5.5e-11 6.5e-11
    8     5     2  1.6e-10 1.6e-10 1.5e-10 1.5e-10 1.4e-10 1.3e-10 1.2e-10 1.2e-10 1.2e-10 1.2e-10 1.1e-10 1.1e-10 1.2e-10 1.3e-10 1.5e-10
    9     5     3  2.9e-10 2.7e-10 2.5e-10 2.4e-10 2.3e-10 2.2e-10 2.2e-10 2.2e-10 2.2e-10 2.2e-10 2.2e-10 2.2e-10 2.3e-10 2.6e-10 2.8e-10
   10     5     4  4.0e-10 4.0e-10 3.9e-10 3.9e-10 4.0e-10 4.2e-10 4.4e-10 4.5e-10 4.7e-10 4.9e-10 5.1e-10 5.1e-10 5.3e-10 6.0e-10 6.7e-10
   11     6     1  3.3e-11 3.4e-11 3.4e-11 3.3e-11 3.3e-11 3.1e-11 3.0e-11 2.9e-11 2.7e-11 2.6e-11 2.6e-11 2.6e-11 2.7e-11 3.2e-11 3.7e-11
   12     6     2  1.2e-10 1.2e-10 1.1e-10 1.1e-10 1.0e-10 9.8e-11 9.6e-11 9.6e-11 9.5e-11 9.3e-11 9.4e-11 9.4e-11 9.9e-11 1.2e-10 1.4e-10
   13     6     3  2.1e-10 2.0e-10 1.9e-10 1.8e-10 1.7e-10 1.6e-10 1.5e-10 1.5e-10 1.5e-10 1.4e-10 1.4e-10 1.4e-10 1.5e-10 1.7e-10 1.9e-10
   14     6     4  3.0e-10 2.9e-10 2.8e-10 2.7e-10 2.6e-10 2.5e-10 2.5e-10 2.4e-10 2.4e-10 2.4e-10 2.5e-10 2.5e-10 2.6e-10 2.9e-10 3.3e-10
   15     6     5  4.2e-10 4.1e-10 4.0e-10 4.0e-10 4.0e-10 4.2e-10 4.4e-10 4.6e-10 4.8e-10 5.0e-10 5.1e-10 5.1e-10 5.3e-10 6.1e-10 6.8e-10
   16     7     1  3.2e-11 3.0e-11 2.9e-11 2.8e-11 2.8e-11 2.8e-11 2.7e-11 2.5e-11 2.4e-11 2.4e-11 2.2e-11 2.2e-11 2.3e-11 2.8e-11 3.4e-11
   17     7     2  9.6e-11 9.3e-11 8.9e-11 8.5e-11 8.1e-11 7.5e-11 6.9e-11 6.6e-11 6.3e-11 6.1e-11 5.9e-11 5.9e-11 6.2e-11 7.2e-11 8.5e-11
   18     7     3  1.7e-10 1.7e-10 1.6e-10 1.5e-10 1.4e-10 1.3e-10 1.3e-10 1.2e-10 1.2e-10 1.2e-10 1.2e-10 1.2e-10 1.3e-10 1.5e-10 1.8e-10
   19     7     4  2.1e-10 2.1e-10 2.0e-10 1.9e-10 1.8e-10 1.7e-10 1.7e-10 1.6e-10 1.6e-10 1.6e-10 1.6e-10 1.6e-10 1.7e-10 1.9e-10 2.2e-10
   20     7     5  2.9e-10 2.8e-10 2.7e-10 2.6e-10 2.5e-10 2.5e-10 2.5e-10 2.5e-10 2.5e-10 2.5e-10 2.5e-10 2.5e-10 2.6e-10 2.9e-10 3.3e-10
   21     7     6  3.8e-10 3.8e-10 3.8e-10 3.9e-10 4.0e-10 4.2e-10 4.4e-10 4.6e-10 4.8e-10 5.0e-10 5.2e-10 5.2e-10 5.4e-10 6.2e-10 7.0e-10
   22     8     1  3.1e-11 3.0e-11 2.9e-11 2.6e-11 2.4e-11 2.2e-11 1.9e-11 1.7e-11 1.6e-11 1.5e-11 1.4e-11 1.3e-11 1.4e-11 1.6e-11 1.9e-11
   23     8     2  8.2e-11 8.0e-11 7.6e-11 7.2e-11 6.8e-11 6.2e-11 5.7e-11 5.3e-11 5.1e-11 4.8e-11 4.6e-11 4.6e-11 4.9e-11 5.9e-11 7.2e-11
   24     8     3  1.3e-10 1.3e-10 1.2e-10 1.1e-10 1.1e-10 9.8e-11 9.0e-11 8.6e-11 8.2e-11 7.9e-11 7.7e-11 7.7e-11 8.1e-11 9.4e-11 1.1e-10
   25     8     4  1.6e-10 1.6e-10 1.6e-10 1.5e-10 1.5e-10 1.4e-10 1.4e-10 1.3e-10 1.3e-10 1.3e-10 1.3e-10 1.3e-10 1.4e-10 1.6e-10 1.9e-10
   26     8     5  2.0e-10 2.1e-10 2.0e-10 1.9e-10 1.9e-10 1.8e-10 1.7e-10 1.7e-10 1.7e-10 1.7e-10 1.7e-10 1.7e-10 1.8e-10 2.0e-10 2.4e-10
   27     8     6  2.5e-10 2.5e-10 2.5e-10 2.5e-10 2.5e-10 2.5e-10 2.5e-10 2.5e-10 2.5e-10 2.6e-10 2.6e-10 2.6e-10 2.7e-10 3.1e-10 3.4e-10
   28     8     7  3.3e-10 3.5e-10 3.6e-10 3.8e-10 4.0e-10 4.2e-10 4.4e-10 4.7e-10 4.9e-10 5.0e-10 5.2e-10 5.2e-10 5.4e-10 6.2e-10 7.0e-10
   29     9     1  2.9e-11 2.8e-11 2.6e-11 2.3e-11 2.1e-11 1.9e-11 1.6e-11 1.4e-11 1.3e-11 1.2e-11 1.1e-11 1.0e-11 1.1e-11 1.3e-11 1.5e-11
   30     9     2  7.3e-11 6.9e-11 6.2e-11 5.7e-11 5.1e-11 4.5e-11 4.0e-11 3.7e-11 3.5e-11 3.4e-11 3.2e-11 3.2e-11 3.4e-11 4.0e-11 4.7e-11
   31     9     3  1.0e-10 1.0e-10 9.5e-11 9.0e-11 8.5e-11 7.7e-11 7.2e-11 6.9e-11 6.6e-11 6.4e-11 6.2e-11 6.2e-11 6.6e-11 7.9e-11 9.6e-11
   32     9     4  1.4e-10 1.4e-10 1.3e-10 1.2e-10 1.2e-10 1.1e-10 1.0e-10 9.7e-11 9.4e-11 9.0e-11 8.8e-11 8.8e-11 9.2e-11 1.1e-10 1.3e-10
   33     9     5  1.8e-10 1.8e-10 1.7e-10 1.6e-10 1.5e-10 1.5e-10 1.4e-10 1.4e-10 1.4e-10 1.4e-10 1.4e-10 1.4e-10 1.5e-10 1.7e-10 2.1e-10
   34     9     6  2.1e-10 2.1e-10 2.0e-10 1.9e-10 1.9e-10 1.8e-10 1.8e-10 1.7e-10 1.7e-10 1.7e-10 1.7e-10 1.7e-10 1.8e-10 2.0e-10 2.4e-10
   35     9     7  2.6e-10 2.5e-10 2.4e-10 2.4e-10 2.4e-10 2.4e-10 2.5e-10 2.5e-10 2.5e-10 2.5e-10 2.6e-10 2.6e-10 2.7e-10 3.0e-10 3.4e-10
   36     9     8  3.1e-10 3.3e-10 3.5e-10 3.7e-10 4.0e-10 4.3e-10 4.5e-10 4.7e-10 4.9e-10 5.1e-10 5.2e-10 5.2e-10 5.4e-10 6.3e-10 7.1e-10
   37    10     1  1.3e-11 1.5e-11 1.5e-11 1.4e-11 1.3e-11 1.2e-11 1.1e-11 9.6e-12 9.1e-12 8.7e-12 8.4e-12 8.3e-12 8.8e-12 1.1e-11 1.4e-11
   38    10     2  4.9e-11 4.8e-11 4.5e-11 4.2e-11 3.9e-11 3.4e-11 3.1e-11 2.9e-11 2.8e-11 2.7e-11 2.6e-11 2.6e-11 2.7e-11 3.2e-11 3.9e-11
   39    10     3  7.9e-11 7.7e-11 7.3e-11 6.8e-11 6.3e-11 5.6e-11 5.2e-11 4.9e-11 4.6e-11 4.5e-11 4.3e-11 4.3e-11 4.5e-11 5.3e-11 6.2e-11
   40    10     4  1.0e-10 1.0e-10 9.9e-11 9.6e-11 9.2e-11 8.6e-11 8.1e-11 7.8e-11 7.6e-11 7.3e-11 7.1e-11 7.1e-11 7.5e-11 9.0e-11 1.1e-10
   41    10     5  1.3e-10 1.3e-10 1.3e-10 1.3e-10 1.2e-10 1.1e-10 1.1e-10 1.0e-10 1.0e-10 9.7e-11 9.5e-11 9.5e-11 9.9e-11 1.1e-10 1.3e-10
   42    10     6  1.7e-10 1.7e-10 1.7e-10 1.6e-10 1.5e-10 1.5e-10 1.5e-10 1.5e-10 1.5e-10 1.4e-10 1.4e-10 1.4e-10 1.5e-10 1.7e-10 2.1e-10
   43    10     7  2.0e-10 2.0e-10 2.0e-10 1.9e-10 1.9e-10 1.8e-10 1.8e-10 1.7e-10 1.7e-10 1.7e-10 1.7e-10 1.7e-10 1.8e-10 2.0e-10 2.3e-10
   44    10     8  2.4e-10 2.4e-10 2.3e-10 2.3e-10 2.3e-10 2.4e-10 2.4e-10 2.4e-10 2.5e-10 2.5e-10 2.5e-10 2.5e-10 2.6e-10 2.9e-10 3.3e-10
   45    10     9  2.8e-10 3.0e-10 3.3e-10 3.5e-10 3.8e-10 4.1e-10 4.4e-10 4.6e-10 4.8e-10 5.0e-10 5.2e-10 5.2e-10 5.4e-10 6.3e-10 7.1e-10
   46    11     1  9.0e-12 9.5e-12 9.5e-12 9.2e-12 8.8e-12 8.4e-12 7.9e-12 7.6e-12 7.5e-12 7.3e-12 7.2e-12 7.1e-12 7.5e-12 9.3e-12 1.2e-11
   47    11     2  2.6e-11 2.7e-11 2.6e-11 2.6e-11 2.5e-11 2.3e-11 2.2e-11 2.1e-11 2.1e-11 2.0e-11 2.0e-11 2.0e-11 2.1e-11 2.6e-11 3.2e-11
   48    11     3  5.6e-11 5.5e-11 5.3e-11 5.1e-11 4.9e-11 4.5e-11 4.3e-11 4.0e-11 3.9e-11 3.8e-11 3.7e-11 3.7e-11 3.9e-11 4.5e-11 5.4e-11
   49    11     4  8.1e-11 7.9e-11 7.5e-11 7.2e-11 6.8e-11 6.3e-11 5.9e-11 5.6e-11 5.4e-11 5.2e-11 5.1e-11 5.1e-11 5.3e-11 6.2e-11 7.3e-11
   50    11     5  9.9e-11 1.0e-10 9.9e-11 9.8e-11 9.5e-11 9.0e-11 8.6e-11 8.3e-11 8.0e-11 7.8e-11 7.6e-11 7.6e-11 8.0e-11 9.6e-11 1.2e-10
   51    11     6  1.3e-10 1.3e-10 1.3e-10 1.2e-10 1.2e-10 1.2e-10 1.1e-10 1.1e-10 1.0e-10 1.0e-10 9.9e-11 9.9e-11 1.0e-10 1.2e-10 1.4e-10
   52    11     7  1.7e-10 1.7e-10 1.6e-10 1.6e-10 1.5e-10 1.5e-10 1.5e-10 1.5e-10 1.5e-10 1.5e-10 1.5e-10 1.5e-10 1.6e-10 1.8e-10 2.2e-10
   53    11     8  2.1e-10 2.0e-10 1.9e-10 1.9e-10 1.8e-10 1.8e-10 1.7e-10 1.7e-10 1.7e-10 1.7e-10 1.8e-10 1.8e-10 1.9e-10 2.1e-10 2.5e-10
   54    11     9  2.6e-10 2.5e-10 2.4e-10 2.3e-10 2.3e-10 2.3e-10 2.4e-10 2.4e-10 2.4e-10 2.5e-10 2.5e-10 2.5e-10 2.6e-10 2.9e-10 3.3e-10
   55    11    10  2.8e-10 3.0e-10 3.2e-10 3.4e-10 3.7e-10 4.0e-10 4.3e-10 4.5e-10 4.8e-10 4.9e-10 5.1e-10 5.1e-10 5.3e-10 6.2e-10 7.0e-10
   56    12     1  6.0e-12 6.0e-12 6.0e-12 6.0e-12 6.1e-12 6.1e-12 6.0e-12 5.7e-12 5.6e-12 5.4e-12 5.2e-12 5.1e-12 5.3e-12 6.4e-12 7.9e-12
   57    12     2  2.1e-11 2.1e-11 2.0e-11 2.0e-11 1.9e-11 1.9e-11 1.9e-11 1.8e-11 1.8e-11 1.8e-11 1.7e-11 1.7e-11 1.8e-11 2.2e-11 2.8e-11
   58    12     3  3.6e-11 3.6e-11 3.5e-11 3.5e-11 3.4e-11 3.2e-11 3.1e-11 3.0e-11 2.9e-11 2.8e-11 2.8e-11 2.8e-11 2.9e-11 3.6e-11 4.4e-11
   59    12     4  5.7e-11 5.7e-11 5.6e-11 5.5e-11 5.3e-11 5.0e-11 4.7e-11 4.6e-11 4.4e-11 4.2e-11 4.1e-11 4.1e-11 4.3e-11 5.0e-11 5.9e-11
   60    12     5  7.5e-11 7.5e-11 7.3e-11 7.1e-11 6.8e-11 6.4e-11 6.1e-11 5.8e-11 5.6e-11 5.5e-11 5.3e-11 5.3e-11 5.5e-11 6.4e-11 7.5e-11
   61    12     6  9.1e-11 9.3e-11 9.3e-11 9.3e-11 9.1e-11 8.7e-11 8.4e-11 8.2e-11 7.9e-11 7.8e-11 7.6e-11 7.6e-11 8.0e-11 9.5e-11 1.2e-10
   62    12     7  1.1e-10 1.1e-10 1.2e-10 1.2e-10 1.2e-10 1.1e-10 1.1e-10 1.1e-10 1.0e-10 1.0e-10 9.9e-11 9.9e-11 1.0e-10 1.2e-10 1.4e-10
   63    12     8  1.6e-10 1.6e-10 1.5e-10 1.5e-10 1.5e-10 1.5e-10 1.4e-10 1.4e-10 1.4e-10 1.5e-10 1.5e-10 1.5e-10 1.6e-10 1.8e-10 2.2e-10
   64    12     9  1.9e-10 1.9e-10 1.8e-10 1.8e-10 1.8e-10 1.7e-10 1.7e-10 1.7e-10 1.7e-10 1.7e-10 1.7e-10 1.7e-10 1.8e-10 2.0e-10 2.3e-10
   65    12    10  2.4e-10 2.4e-10 2.3e-10 2.3e-10 2.2e-10 2.3e-10 2.3e-10 2.3e-10 2.4e-10 2.4e-10 2.4e-10 2.4e-10 2.5e-10 2.8e-10 3.2e-10
   66    12    11  2.6e-10 2.8e-10 3.0e-10 3.3e-10 3.5e-10 3.9e-10 4.2e-10 4.4e-10 4.6e-10 4.8e-10 5.0e-10 5.0e-10 5.2e-10 6.0e-10 6.9e-10
   67    13     1  6.8e-12 6.2e-12 5.8e-12 5.5e-12 5.4e-12 5.4e-12 5.3e-12 5.2e-12 5.1e-12 4.9e-12 4.8e-12 4.8e-12 5.0e-12 6.0e-12 7.5e-12
   68    13     2  1.6e-11 1.6e-11 1.6e-11 1.6e-11 1.6e-11 1.5e-11 1.5e-11 1.4e-11 1.4e-11 1.3e-11 1.3e-11 1.3e-11 1.4e-11 1.6e-11 2.0e-11
   69    13     3  2.8e-11 2.8e-11 2.7e-11 2.7e-11 2.6e-11 2.6e-11 2.5e-11 2.5e-11 2.4e-11 2.4e-11 2.3e-11 2.3e-11 2.4e-11 2.9e-11 3.7e-11
   70    13     4  3.7e-11 3.7e-11 3.6e-11 3.6e-11 3.6e-11 3.5e-11 3.4e-11 3.3e-11 3.2e-11 3.2e-11 3.1e-11 3.1e-11 3.3e-11 3.9e-11 4.8e-11
   71    13     5  5.6e-11 5.7e-11 5.7e-11 5.6e-11 5.4e-11 5.1e-11 4.9e-11 4.8e-11 4.6e-11 4.5e-11 4.4e-11 4.4e-11 4.6e-11 5.3e-11 6.3e-11
   72    13     6  6.6e-11 6.8e-11 6.8e-11 6.7e-11 6.6e-11 6.3e-11 6.0e-11 5.8e-11 5.7e-11 5.6e-11 5.5e-11 5.5e-11 5.7e-11 6.5e-11 7.7e-11
   73    13     7  8.5e-11 8.6e-11 8.7e-11 8.6e-11 8.5e-11 8.3e-11 8.2e-11 8.0e-11 7.9e-11 7.7e-11 7.6e-11 7.6e-11 8.0e-11 9.4e-11 1.1e-10
   74    13     8  1.1e-10 1.1e-10 1.1e-10 1.1e-10 1.1e-10 1.1e-10 1.1e-10 1.0e-10 1.0e-10 1.0e-10 1.0e-10 1.0e-10 1.0e-10 1.2e-10 1.4e-10
   75    13     9  1.5e-10 1.5e-10 1.4e-10 1.4e-10 1.4e-10 1.4e-10 1.4e-10 1.4e-10 1.4e-10 1.4e-10 1.4e-10 1.4e-10 1.5e-10 1.7e-10 2.0e-10
   76    13    10  1.9e-10 1.8e-10 1.8e-10 1.7e-10 1.7e-10 1.7e-10 1.6e-10 1.6e-10 1.6e-10 1.7e-10 1.7e-10 1.7e-10 1.8e-10 2.0e-10 2.3e-10
   77    13    11  2.4e-10 2.4e-10 2.3e-10 2.2e-10 2.2e-10 2.2e-10 2.2e-10 2.3e-10 2.3e-10 2.4e-10 2.4e-10 2.4e-10 2.5e-10 2.8e-10 3.2e-10
   78    13    12  2.7e-10 2.8e-10 2.9e-10 3.1e-10 3.4e-10 3.8e-10 4.1e-10 4.3e-10 4.5e-10 4.8e-10 4.9e-10 4.9e-10 5.1e-10 5.9e-10 6.8e-10
   79    14     1  4.4e-12 4.6e-12 4.6e-12 4.5e-12 4.5e-12 4.4e-12 4.3e-12 4.1e-12 4.0e-12 3.8e-12 3.7e-12 3.5e-12 3.6e-12 4.2e-12 5.0e-12
   80    14     2  1.4e-11 1.4e-11 1.4e-11 1.4e-11 1.4e-11 1.4e-11 1.3e-11 1.3e-11 1.2e-11 1.2e-11 1.2e-11 1.2e-11 1.3e-11 1.5e-11 1.8e-11
   81    14     3  1.9e-11 1.9e-11 2.0e-11 2.0e-11 2.0e-11 2.0e-11 2.0e-11 1.9e-11 1.8e-11 1.7e-11 1.7e-11 1.7e-11 1.8e-11 2.1e-11 2.5e-11
   82    14     4  2.9e-11 2.9e-11 2.9e-11 2.9e-11 2.9e-11 2.9e-11 2.8e-11 2.8e-11 2.8e-11 2.7e-11 2.7e-11 2.7e-11 2.8e-11 3.4e-11 4.2e-11
   83    14     5  3.8e-11 3.8e-11 3.8e-11 3.7e-11 3.7e-11 3.6e-11 3.5e-11 3.5e-11 3.4e-11 3.4e-11 3.3e-11 3.3e-11 3.5e-11 4.1e-11 5.1e-11
   84    14     6  4.8e-11 5.0e-11 5.2e-11 5.2e-11 5.1e-11 5.0e-11 4.8e-11 4.7e-11 4.6e-11 4.4e-11 4.4e-11 4.4e-11 4.6e-11 5.2e-11 6.2e-11
   85    14     7  5.6e-11 5.9e-11 6.2e-11 6.3e-11 6.3e-11 6.1e-11 6.0e-11 5.8e-11 5.7e-11 5.6e-11 5.6e-11 5.6e-11 5.8e-11 6.6e-11 7.8e-11
   86    14     8  7.1e-11 7.4e-11 7.7e-11 7.8e-11 7.9e-11 7.9e-11 7.8e-11 7.7e-11 7.6e-11 7.4e-11 7.4e-11 7.4e-11 7.7e-11 9.1e-11 1.1e-10
   87    14     9  1.1e-10 1.1e-10 1.1e-10 1.1e-10 1.1e-10 1.1e-10 1.1e-10 1.0e-10 1.0e-10 1.0e-10 1.0e-10 1.0e-10 1.0e-10 1.2e-10 1.4e-10
   88    14    10  1.5e-10 1.5e-10 1.4e-10 1.4e-10 1.4e-10 1.4e-10 1.4e-10 1.4e-10 1.4e-10 1.4e-10 1.4e-10 1.4e-10 1.5e-10 1.7e-10 2.0e-10
   89    14    11  1.7e-10 1.7e-10 1.7e-10 1.6e-10 1.6e-10 1.6e-10 1.6e-10 1.6e-10 1.6e-10 1.6e-10 1.7e-10 1.7e-10 1.8e-10 2.0e-10 2.3e-10
   90    14    12  2.3e-10 2.3e-10 2.2e-10 2.2e-10 2.2e-10 2.2e-10 2.2e-10 2.2e-10 2.3e-10 2.3e-10 2.4e-10 2.4e-10 2.5e-10 2.8e-10 3.2e-10
   91    14    13  2.7e-10 2.8e-10 2.9e-10 3.0e-10 3.3e-10 3.6e-10 3.9e-10 4.2e-10 4.4e-10 4.6e-10 4.8e-10 4.8e-10 5.0e-10 5.8e-10 6.6e-10
   92    15     1  4.0e-12 4.2e-12 4.2e-12 4.2e-12 4.1e-12 4.0e-12 3.8e-12 3.6e-12 3.4e-12 3.3e-12 3.2e-12 3.1e-12 3.2e-12 3.7e-12 4.5e-12
   93    15     2  1.0e-11 1.0e-11 1.0e-11 1.0e-11 1.0e-11 1.0e-11 9.6e-12 9.2e-12 9.0e-12 8.6e-12 8.3e-12 8.3e-12 8.6e-12 9.8e-12 1.2e-11
   94    15     3  1.7e-11 1.7e-11 1.7e-11 1.7e-11 1.7e-11 1.7e-11 1.7e-11 1.6e-11 1.6e-11 1.6e-11 1.6e-11 1.6e-11 1.7e-11 2.0e-11 2.4e-11
   95    15     4  2.1e-11 2.1e-11 2.2e-11 2.2e-11 2.2e-11 2.2e-11 2.1e-11 2.0e-11 2.0e-11 1.9e-11 1.9e-11 1.9e-11 2.0e-11 2.3e-11 2.8e-11
   96    15     5  2.7e-11 2.7e-11 2.8e-11 2.8e-11 2.9e-11 2.9e-11 2.9e-11 2.9e-11 2.9e-11 2.8e-11 2.8e-11 2.8e-11 2.9e-11 3.5e-11 4.3e-11
   97    15     6  3.5e-11 3.5e-11 3.6e-11 3.6e-11 3.6e-11 3.6e-11 3.6e-11 3.6e-11 3.6e-11 3.5e-11 3.5e-11 3.5e-11 3.6e-11 4.3e-11 5.3e-11
   98    15     7  4.3e-11 4.5e-11 4.7e-11 4.8e-11 4.8e-11 4.8e-11 4.7e-11 4.6e-11 4.5e-11 4.4e-11 4.4e-11 4.4e-11 4.5e-11 5.2e-11 6.1e-11
   99    15     8  4.8e-11 5.1e-11 5.4e-11 5.6e-11 5.7e-11 5.8e-11 5.7e-11 5.7e-11 5.7e-11 5.7e-11 5.7e-11 5.7e-11 5.9e-11 6.7e-11 7.8e-11
  100    15     9  6.1e-11 6.4e-11 6.8e-11 7.0e-11 7.2e-11 7.4e-11 7.5e-11 7.5e-11 7.5e-11 7.4e-11 7.4e-11 7.4e-11 7.7e-11 9.0e-11 1.1e-10
  101    15    10  9.9e-11 1.0e-10 1.0e-10 1.0e-10 1.0e-10 1.0e-10 1.0e-10 1.0e-10 1.0e-10 1.0e-10 1.0e-10 1.0e-10 1.0e-10 1.2e-10 1.4e-10
  102    15    11  1.5e-10 1.4e-10 1.4e-10 1.4e-10 1.4e-10 1.4e-10 1.4e-10 1.4e-10 1.4e-10 1.5e-10 1.5e-10 1.5e-10 1.6e-10 1.8e-10 2.1e-10
  103    15    12  1.7e-10 1.7e-10 1.6e-10 1.6e-10 1.6e-10 1.6e-10 1.6e-10 1.6e-10 1.6e-10 1.6e-10 1.6e-10 1.6e-10 1.7e-10 1.9e-10 2.2e-10
  104    15    13  2.4e-10 2.4e-10 2.3e-10 2.2e-10 2.2e-10 2.2e-10 2.2e-10 2.2e-10 2.3e-10 2.3e-10 2.3e-10 2.3e-10 2.4e-10 2.7e-10 3.0e-10
  105    15    14  2.9e-10 2.9e-10 3.0e-10 3.0e-10 3.2e-10 3.5e-10 3.8e-10 4.1e-10 4.3e-10 4.5e-10 4.7e-10 4.7e-10 4.9e-10 5.7e-10 6.5e-10
  106    16     1  2.4e-12 2.5e-12 2.6e-12 2.7e-12 2.7e-12 2.7e-12 2.6e-12 2.5e-12 2.4e-12 2.3e-12 2.2e-12 2.1e-12 2.1e-12 2.3e-12 2.7e-12
  107    16     2  8.0e-12 8.3e-12 8.6e-12 8.6e-12 8.6e-12 8.3e-12 8.1e-12 7.8e-12 7.7e-12 7.6e-12 7.5e-12 7.5e-12 7.7e-12 8.8e-12 1.1e-11
  108    16     3  1.3e-11 1.3e-11 1.3e-11 1.3e-11 1.3e-11 1.3e-11 1.2e-11 1.2e-11 1.2e-11 1.1e-11 1.1e-11 1.1e-11 1.1e-11 1.3e-11 1.5e-11
  109    16     4  1.7e-11 1.7e-11 1.8e-11 1.8e-11 1.9e-11 1.9e-11 1.8e-11 1.8e-11 1.8e-11 1.7e-11 1.7e-11 1.7e-11 1.8e-11 2.0e-11 2.5e-11
  110    16     5  2.1e-11 2.2e-11 2.2e-11 2.2e-11 2.3e-11 2.2e-11 2.2e-11 2.1e-11 2.1e-11 2.1e-11 2.0e-11 2.0e-11 2.1e-11 2.4e-11 2.9e-11
  111    16     6  2.5e-11 2.6e-11 2.7e-11 2.8e-11 2.9e-11 3.0e-11 3.0e-11 3.0e-11 3.0e-11 2.9e-11 2.9e-11 2.9e-11 3.0e-11 3.6e-11 4.4e-11
  112    16     7  3.1e-11 3.2e-11 3.3e-11 3.4e-11 3.4e-11 3.5e-11 3.5e-11 3.5e-11 3.5e-11 3.5e-11 3.5e-11 3.5e-11 3.6e-11 4.3e-11 5.2e-11
  113    16     8  4.0e-11 4.2e-11 4.4e-11 4.5e-11 4.6e-11 4.7e-11 4.6e-11 4.6e-11 4.5e-11 4.5e-11 4.4e-11 4.4e-11 4.5e-11 5.1e-11 6.0e-11
  114    16     9  4.4e-11 4.7e-11 5.0e-11 5.2e-11 5.4e-11 5.5e-11 5.6e-11 5.6e-11 5.6e-11 5.7e-11 5.7e-11 5.7e-11 5.9e-11 6.6e-11 7.8e-11
  115    16    10  5.8e-11 6.0e-11 6.4e-11 6.7e-11 7.0e-11 7.2e-11 7.3e-11 7.4e-11 7.4e-11 7.4e-11 7.4e-11 7.4e-11 7.7e-11 9.0e-11 1.1e-10
  116    16    11  8.6e-11 8.9e-11 9.3e-11 9.5e-11 9.8e-11 1.0e-10 1.0e-10 1.0e-10 1.0e-10 1.0e-10 1.0e-10 1.0e-10 1.0e-10 1.2e-10 1.3e-10
  117    16    12  1.5e-10 1.5e-10 1.4e-10 1.4e-10 1.4e-10 1.4e-10 1.4e-10 1.5e-10 1.5e-10 1.5e-10 1.5e-10 1.5e-10 1.6e-10 1.8e-10 2.1e-10
  118    16    13  1.8e-10 1.7e-10 1.7e-10 1.6e-10 1.6e-10 1.6e-10 1.6e-10 1.6e-10 1.6e-10 1.6e-10 1.6e-10 1.6e-10 1.7e-10 1.9e-10 2.1e-10
  119    16    14  2.5e-10 2.4e-10 2.3e-10 2.2e-10 2.2e-10 2.1e-10 2.2e-10 2.2e-10 2.2e-10 2.3e-10 2.3e-10 2.3e-10 2.4e-10 2.7e-10 3.0e-10
  120    16    15  2.9e-10 2.9e-10 2.9e-10 3.0e-10 3.2e-10 3.4e-10 3.7e-10 4.0e-10 4.2e-10 4.4e-10 4.6e-10 4.6e-10 4.8e-10 5.6e-10 6.4e-10
  121    17     1  1.7e-12 1.9e-12 1.9e-12 2.0e-12 2.0e-12 2.1e-12 2.1e-12 2.0e-12 2.0e-12 2.0e-12 1.9e-12 1.9e-12 2.0e-12 2.2e-12 2.7e-12
  122    17     2  7.2e-12 7.2e-12 7.1e-12 6.9e-12 6.7e-12 6.3e-12 6.1e-12 5.8e-12 5.6e-12 5.4e-12 5.3e-12 5.3e-12 5.4e-12 5.8e-12 6.7e-12
  123    17     3  1.1e-11 1.1e-11 1.1e-11 1.1e-11 1.1e-11 1.1e-11 1.0e-11 1.0e-11 9.9e-12 9.7e-12 9.6e-12 9.6e-12 9.9e-12 1.1e-11 1.3e-11
  124    17     4  1.5e-11 1.5e-11 1.6e-11 1.6e-11 1.5e-11 1.5e-11 1.4e-11 1.4e-11 1.4e-11 1.3e-11 1.3e-11 1.3e-11 1.3e-11 1.5e-11 1.8e-11
  125    17     5  1.8e-11 1.9e-11 2.0e-11 2.0e-11 2.0e-11 2.0e-11 2.0e-11 2.0e-11 1.9e-11 1.9e-11 1.9e-11 1.9e-11 2.0e-11 2.3e-11 2.8e-11
  126    17     6  2.2e-11 2.3e-11 2.3e-11 2.4e-11 2.4e-11 2.3e-11 2.3e-11 2.3e-11 2.2e-11 2.2e-11 2.1e-11 2.1e-11 2.2e-11 2.5e-11 3.0e-11
  127    17     7  2.5e-11 2.6e-11 2.7e-11 2.8e-11 2.9e-11 3.0e-11 3.1e-11 3.1e-11 3.1e-11 3.0e-11 3.0e-11 3.0e-11 3.1e-11 3.7e-11 4.5e-11
  128    17     8  2.8e-11 3.0e-11 3.1e-11 3.2e-11 3.3e-11 3.4e-11 3.5e-11 3.5e-11 3.6e-11 3.6e-11 3.6e-11 3.6e-11 3.7e-11 4.4e-11 5.3e-11
  129    17     9  3.5e-11 3.7e-11 4.0e-11 4.1e-11 4.3e-11 4.4e-11 4.4e-11 4.4e-11 4.4e-11 4.4e-11 4.4e-11 4.4e-11 4.5e-11 5.1e-11 6.0e-11
  130    17    10  4.1e-11 4.4e-11 4.8e-11 5.0e-11 5.2e-11 5.3e-11 5.4e-11 5.5e-11 5.6e-11 5.7e-11 5.7e-11 5.7e-11 5.9e-11 6.6e-11 7.7e-11
  131    17    11  5.9e-11 6.0e-11 6.3e-11 6.5e-11 6.7e-11 7.0e-11 7.1e-11 7.2e-11 7.2e-11 7.2e-11 7.2e-11 7.2e-11 7.5e-11 8.7e-11 1.0e-10
  132    17    12  7.8e-11 8.0e-11 8.4e-11 8.7e-11 9.0e-11 9.4e-11 9.7e-11 9.8e-11 1.0e-10 1.0e-10 1.0e-10 1.0e-10 1.0e-10 1.1e-10 1.3e-10
  133    17    13  1.3e-10 1.4e-10 1.4e-10 1.4e-10 1.4e-10 1.4e-10 1.4e-10 1.4e-10 1.4e-10 1.5e-10 1.5e-10 1.5e-10 1.6e-10 1.8e-10 2.1e-10
  134    17    14  1.7e-10 1.7e-10 1.7e-10 1.7e-10 1.6e-10 1.6e-10 1.6e-10 1.6e-10 1.6e-10 1.6e-10 1.7e-10 1.7e-10 1.8e-10 2.0e-10 2.3e-10
  135    17    15  2.1e-10 2.1e-10 2.0e-10 2.0e-10 2.0e-10 2.0e-10 2.1e-10 2.1e-10 2.2e-10 2.2e-10 2.2e-10 2.2e-10 2.3e-10 2.5e-10 2.9e-10
  136    17    16  2.7e-10 2.7e-10 2.8e-10 2.9e-10 3.0e-10 3.3e-10 3.6e-10 3.9e-10 4.1e-10 4.4e-10 4.6e-10 4.6e-10 4.8e-10 5.6e-10 6.4e-10
  137    18     1  2.4e-12 1.9e-12 1.8e-12 1.6e-12 1.5e-12 1.4e-12 1.4e-12 1.4e-12 1.3e-12 1.3e-12 1.3e-12 1.3e-12 1.3e-12 1.4e-12 1.5e-12
  138    18     2  4.8e-12 4.6e-12 4.4e-12 4.4e-12 4.5e-12 4.5e-12 4.6e-12 4.5e-12 4.5e-12 4.5e-12 4.4e-12 4.4e-12 4.5e-12 5.1e-12 6.1e-12
  139    18     3  9.6e-12 8.8e-12 8.1e-12 7.8e-12 7.6e-12 7.5e-12 7.3e-12 7.2e-12 7.1e-12 6.9e-12 6.8e-12 6.8e-12 6.9e-12 7.4e-12 8.4e-12
  140    18     4  1.1e-11 1.1e-11 1.1e-11 1.1e-11 1.1e-11 1.1e-11 1.1e-11 1.1e-11 1.1e-11 1.1e-11 1.1e-11 1.1e-11 1.1e-11 1.3e-11 1.5e-11
  141    18     5  1.4e-11 1.4e-11 1.4e-11 1.4e-11 1.5e-11 1.5e-11 1.5e-11 1.4e-11 1.4e-11 1.4e-11 1.4e-11 1.4e-11 1.4e-11 1.6e-11 1.9e-11
  142    18     6  1.7e-11 1.7e-11 1.8e-11 1.8e-11 1.9e-11 1.9e-11 2.0e-11 2.0e-11 2.0e-11 2.0e-11 2.0e-11 2.0e-11 2.1e-11 2.4e-11 2.8e-11
  143    18     7  2.1e-11 2.1e-11 2.1e-11 2.2e-11 2.2e-11 2.2e-11 2.2e-11 2.2e-11 2.2e-11 2.2e-11 2.2e-11 2.2e-11 2.3e-11 2.6e-11 3.1e-11
  144    18     8  2.2e-11 2.3e-11 2.4e-11 2.5e-11 2.6e-11 2.8e-11 2.9e-11 3.0e-11 3.0e-11 3.0e-11 3.0e-11 3.0e-11 3.1e-11 3.6e-11 4.4e-11
  145    18     9  2.5e-11 2.5e-11 2.6e-11 2.7e-11 2.8e-11 3.0e-11 3.2e-11 3.3e-11 3.4e-11 3.5e-11 3.6e-11 3.6e-11 3.7e-11 4.3e-11 5.2e-11
  146    18    10  3.0e-11 3.2e-11 3.4e-11 3.5e-11 3.7e-11 3.9e-11 4.1e-11 4.2e-11 4.2e-11 4.3e-11 4.3e-11 4.3e-11 4.4e-11 4.9e-11 5.8e-11
  147    18    11  3.2e-11 3.4e-11 3.8e-11 4.0e-11 4.3e-11 4.7e-11 4.9e-11 5.1e-11 5.3e-11 5.4e-11 5.6e-11 5.6e-11 5.7e-11 6.4e-11 7.5e-11
  148    18    12  5.6e-11 5.8e-11 6.1e-11 6.3e-11 6.6e-11 6.9e-11 7.0e-11 7.1e-11 7.2e-11 7.3e-11 7.3e-11 7.3e-11 7.6e-11 8.7e-11 1.0e-10
  149    18    13  8.7e-11 8.7e-11 8.9e-11 9.1e-11 9.3e-11 9.5e-11 9.8e-11 9.9e-11 1.0e-10 1.0e-10 1.0e-10 1.0e-10 1.0e-10 1.1e-10 1.3e-10
  150    18    14  1.6e-10 1.5e-10 1.4e-10 1.4e-10 1.4e-10 1.4e-10 1.4e-10 1.4e-10 1.4e-10 1.5e-10 1.5e-10 1.5e-10 1.5e-10 1.8e-10 2.1e-10
  151    18    15  1.7e-10 1.6e-10 1.6e-10 1.5e-10 1.5e-10 1.5e-10 1.5e-10 1.5e-10 1.6e-10 1.6e-10 1.6e-10 1.6e-10 1.6e-10 1.8e-10 2.1e-10
  152    18    16  2.1e-10 2.0e-10 2.0e-10 2.0e-10 2.0e-10 2.0e-10 2.1e-10 2.1e-10 2.2e-10 2.2e-10 2.3e-10 2.3e-10 2.4e-10 2.7e-10 3.0e-10
  153    18    17  2.6e-10 2.6e-10 2.7e-10 2.8e-10 3.0e-10 3.3e-10 3.6e-10 3.8e-10 4.1e-10 4.3e-10 4.5e-10 4.5e-10 4.7e-10 5.5e-10 6.3e-10
  154    19     1  1.7e-12 1.6e-12 1.5e-12 1.4e-12 1.3e-12 1.2e-12 1.1e-12 1.1e-12 1.1e-12 1.0e-12 1.0e-12 9.7e-13 9.7e-13 9.9e-13 1.1e-12
  155    19     2  4.4e-12 4.2e-12 3.8e-12 3.5e-12 3.3e-12 3.1e-12 2.9e-12 2.9e-12 2.9e-12 2.9e-12 2.9e-12 2.9e-12 2.9e-12 3.0e-12 3.4e-12
  156    19     3  6.5e-12 6.2e-12 6.0e-12 5.8e-12 5.7e-12 5.6e-12 5.7e-12 5.7e-12 5.7e-12 5.8e-12 5.8e-12 5.8e-12 5.9e-12 6.7e-12 7.9e-12
  157    19     4  1.0e-11 9.9e-12 9.3e-12 9.0e-12 8.7e-12 8.4e-12 8.2e-12 8.1e-12 8.1e-12 8.0e-12 8.0e-12 8.0e-12 8.1e-12 8.6e-12 9.7e-12
  158    19     5  1.1e-11 1.1e-11 1.1e-11 1.1e-11 1.1e-11 1.1e-11 1.1e-11 1.1e-11 1.2e-11 1.2e-11 1.2e-11 1.2e-11 1.2e-11 1.4e-11 1.6e-11
  159    19     6  1.4e-11 1.4e-11 1.4e-11 1.4e-11 1.5e-11 1.5e-11 1.4e-11 1.4e-11 1.4e-11 1.4e-11 1.4e-11 1.4e-11 1.4e-11 1.6e-11 1.8e-11
  160    19     7  2.1e-11 2.1e-11 2.0e-11 2.0e-11 1.9e-11 1.9e-11 1.9e-11 1.9e-11 2.0e-11 2.0e-11 2.0e-11 2.0e-11 2.1e-11 2.3e-11 2.8e-11
  161    19     8  2.5e-11 2.4e-11 2.3e-11 2.3e-11 2.2e-11 2.2e-11 2.2e-11 2.2e-11 2.2e-11 2.2e-11 2.2e-11 2.2e-11 2.3e-11 2.5e-11 3.0e-11
  162    19     9  2.8e-11 2.7e-11 2.6e-11 2.6e-11 2.6e-11 2.7e-11 2.7e-11 2.8e-11 2.9e-11 2.9e-11 3.0e-11 3.0e-11 3.1e-11 3.6e-11 4.4e-11
  163    19    10  3.1e-11 3.0e-11 2.9e-11 2.9e-11 2.9e-11 3.0e-11 3.1e-11 3.3e-11 3.4e-11 3.5e-11 3.6e-11 3.6e-11 3.7e-11 4.3e-11 5.2e-11
  164    19    11  3.6e-11 3.6e-11 3.6e-11 3.6e-11 3.7e-11 3.8e-11 3.9e-11 4.0e-11 4.1e-11 4.2e-11 4.2e-11 4.2e-11 4.3e-11 4.8e-11 5.6e-11
  165    19    12  3.6e-11 3.7e-11 3.9e-11 4.1e-11 4.3e-11 4.6e-11 4.8e-11 5.0e-11 5.2e-11 5.4e-11 5.5e-11 5.5e-11 5.6e-11 6.3e-11 7.3e-11
  166    19    13  5.6e-11 5.8e-11 6.1e-11 6.3e-11 6.5e-11 6.7e-11 6.8e-11 6.9e-11 6.9e-11 7.0e-11 7.0e-11 7.0e-11 7.2e-11 8.3e-11 9.9e-11
  167    19    14  8.9e-11 9.2e-11 9.5e-11 9.6e-11 9.7e-11 9.9e-11 1.0e-10 1.0e-10 1.0e-10 1.0e-10 1.1e-10 1.1e-10 1.1e-10 1.2e-10 1.4e-10
  168    19    15  1.8e-10 1.7e-10 1.5e-10 1.4e-10 1.4e-10 1.4e-10 1.3e-10 1.4e-10 1.4e-10 1.4e-10 1.4e-10 1.4e-10 1.4e-10 1.6e-10 1.9e-10
  169    19    16  1.6e-10 1.5e-10 1.5e-10 1.4e-10 1.4e-10 1.4e-10 1.4e-10 1.5e-10 1.5e-10 1.6e-10 1.6e-10 1.6e-10 1.6e-10 1.8e-10 2.1e-10
  170    19    17  1.8e-10 1.8e-10 1.8e-10 1.8e-10 1.8e-10 1.9e-10 2.0e-10 2.1e-10 2.2e-10 2.3e-10 2.3e-10 2.3e-10 2.4e-10 2.6e-10 3.0e-10
  171    19    18  2.5e-10 2.5e-10 2.6e-10 2.7e-10 2.9e-10 3.2e-10 3.5e-10 3.8e-10 4.0e-10 4.3e-10 4.5e-10 4.5e-10 4.7e-10 5.5e-10 6.3e-10
  172    20     1  7.6e-13 8.2e-13 8.5e-13 8.7e-13 8.7e-13 8.4e-13 8.0e-13 7.6e-13 7.4e-13 7.3e-13 7.3e-13 7.3e-13 7.4e-13 7.8e-13 8.8e-13
  173    20     2  3.5e-12 3.5e-12 3.5e-12 3.5e-12 3.4e-12 3.3e-12 3.2e-12 3.0e-12 2.9e-12 2.8e-12 2.8e-12 2.8e-12 2.8e-12 2.8e-12 3.1e-12
  174    20     3  5.9e-12 5.7e-12 5.5e-12 5.3e-12 5.0e-12 4.7e-12 4.5e-12 4.3e-12 4.2e-12 4.1e-12 4.1e-12 4.1e-12 4.1e-12 4.2e-12 4.7e-12
  175    20     4  8.4e-12 8.4e-12 8.5e-12 8.5e-12 8.4e-12 8.3e-12 8.3e-12 8.2e-12 8.1e-12 8.1e-12 8.1e-12 8.1e-12 8.3e-12 9.2e-12 1.1e-11
  176    20     5  1.0e-11 1.1e-11 1.1e-11 1.1e-11 1.1e-11 1.1e-11 1.0e-11 1.0e-11 1.0e-11 9.9e-12 9.8e-12 9.8e-12 9.9e-12 1.0e-11 1.2e-11
  177    20     6  1.2e-11 1.2e-11 1.3e-11 1.3e-11 1.3e-11 1.3e-11 1.3e-11 1.3e-11 1.3e-11 1.3e-11 1.3e-11 1.3e-11 1.3e-11 1.5e-11 1.7e-11
  178    20     7  1.5e-11 1.6e-11 1.6e-11 1.6e-11 1.7e-11 1.7e-11 1.7e-11 1.7e-11 1.6e-11 1.6e-11 1.6e-11 1.6e-11 1.6e-11 1.8e-11 2.1e-11
  179    20     8  2.6e-11 2.4e-11 2.3e-11 2.2e-11 2.2e-11 2.1e-11 2.1e-11 2.1e-11 2.0e-11 2.0e-11 2.0e-11 2.0e-11 2.1e-11 2.3e-11 2.8e-11
  180    20     9  3.2e-11 3.1e-11 2.9e-11 2.7e-11 2.6e-11 2.6e-11 2.5e-11 2.5e-11 2.4e-11 2.4e-11 2.4e-11 2.4e-11 2.5e-11 2.8e-11 3.3e-11
  181    20    10  3.9e-11 3.7e-11 3.4e-11 3.3e-11 3.3e-11 3.2e-11 3.2e-11 3.1e-11 3.1e-11 3.1e-11 3.1e-11 3.1e-11 3.2e-11 3.7e-11 4.5e-11
  182    20    11  4.0e-11 3.8e-11 3.6e-11 3.5e-11 3.5e-11 3.6e-11 3.7e-11 3.8e-11 3.9e-11 4.0e-11 4.0e-11 4.0e-11 4.1e-11 4.7e-11 5.7e-11
  183    20    12  5.0e-11 4.8e-11 4.6e-11 4.6e-11 4.5e-11 4.5e-11 4.5e-11 4.5e-11 4.6e-11 4.6e-11 4.6e-11 4.6e-11 4.7e-11 5.2e-11 6.0e-11
  184    20    13  4.5e-11 4.6e-11 4.7e-11 4.9e-11 5.0e-11 5.3e-11 5.4e-11 5.6e-11 5.7e-11 5.9e-11 6.0e-11 6.0e-11 6.1e-11 6.8e-11 7.9e-11
  185    20    14  6.0e-11 6.1e-11 6.3e-11 6.5e-11 6.6e-11 6.7e-11 6.8e-11 6.8e-11 6.9e-11 6.9e-11 6.9e-11 6.9e-11 7.1e-11 8.2e-11 9.7e-11
  186    20    15  1.0e-10 1.1e-10 1.1e-10 1.1e-10 1.1e-10 1.1e-10 1.1e-10 1.1e-10 1.1e-10 1.1e-10 1.1e-10 1.1e-10 1.1e-10 1.2e-10 1.4e-10
  187    20    16  2.1e-10 2.0e-10 1.8e-10 1.7e-10 1.6e-10 1.5e-10 1.5e-10 1.5e-10 1.5e-10 1.5e-10 1.5e-10 1.5e-10 1.5e-10 1.7e-10 2.0e-10
  188    20    17  1.7e-10 1.6e-10 1.5e-10 1.4e-10 1.4e-10 1.4e-10 1.4e-10 1.4e-10 1.5e-10 1.5e-10 1.6e-10 1.6e-10 1.6e-10 1.8e-10 2.1e-10
  189    20    18  1.6e-10 1.6e-10 1.6e-10 1.6e-10 1.7e-10 1.8e-10 1.9e-10 2.0e-10 2.1e-10 2.2e-10 2.3e-10 2.3e-10 2.4e-10 2.6e-10 3.0e-10
  190    20    19  2.6e-10 2.6e-10 2.6e-10 2.7e-10 2.9e-10 3.2e-10 3.5e-10 3.8e-10 4.1e-10 4.3e-10 4.6e-10 4.6e-10 4.8e-10 5.6e-10 6.4e-10
  191    21     1  3.7e-13 4.8e-13 5.1e-13 5.2e-13 5.2e-13 5.2e-13 5.3e-13 5.4e-13 5.5e-13 5.6e-13 5.7e-13 5.8e-13 5.9e-13 6.2e-13 7.0e-13
  192    21     2  1.3e-12 1.4e-12 1.5e-12 1.5e-12 1.5e-12 1.6e-12 1.7e-12 1.7e-12 1.8e-12 1.9e-12 1.9e-12 1.9e-12 1.9e-12 2.0e-12 2.3e-12
  193    21     3  3.5e-12 3.4e-12 3.3e-12 3.2e-12 3.2e-12 3.1e-12 3.2e-12 3.2e-12 3.2e-12 3.3e-12 3.3e-12 3.3e-12 3.3e-12 3.3e-12 3.5e-12
  194    21     4  3.6e-12 3.7e-12 3.9e-12 4.0e-12 4.1e-12 4.3e-12 4.5e-12 4.7e-12 4.8e-12 4.9e-12 5.0e-12 5.0e-12 5.0e-12 5.1e-12 5.6e-12
  195    21     5  5.4e-12 5.4e-12 5.5e-12 5.6e-12 5.8e-12 6.1e-12 6.4e-12 6.7e-12 6.9e-12 7.2e-12 7.3e-12 7.3e-12 7.4e-12 8.2e-12 9.6e-12
  196    21     6  5.1e-12 5.5e-12 5.9e-12 6.3e-12 6.7e-12 7.4e-12 7.9e-12 8.3e-12 8.6e-12 8.8e-12 9.0e-12 9.0e-12 9.0e-12 9.5e-12 1.1e-11
  197    21     7  9.7e-12 9.5e-12 9.2e-12 9.1e-12 9.3e-12 9.8e-12 1.0e-11 1.1e-11 1.2e-11 1.2e-11 1.2e-11 1.2e-11 1.2e-11 1.3e-11 1.6e-11
  198    21     8  1.2e-11 1.1e-11 1.1e-11 1.1e-11 1.1e-11 1.2e-11 1.2e-11 1.3e-11 1.3e-11 1.4e-11 1.4e-11 1.4e-11 1.4e-11 1.5e-11 1.8e-11
  199    21     9  2.2e-11 2.1e-11 1.9e-11 1.8e-11 1.7e-11 1.7e-11 1.7e-11 1.8e-11 1.8e-11 1.8e-11 1.9e-11 1.9e-11 1.9e-11 2.2e-11 2.6e-11
  200    21    10  2.3e-11 2.2e-11 2.0e-11 2.0e-11 2.0e-11 2.0e-11 2.0e-11 2.1e-11 2.1e-11 2.2e-11 2.2e-11 2.2e-11 2.2e-11 2.5e-11 3.0e-11
  201    21    11  2.3e-11 2.2e-11 2.2e-11 2.2e-11 2.2e-11 2.3e-11 2.4e-11 2.5e-11 2.6e-11 2.7e-11 2.8e-11 2.8e-11 2.9e-11 3.3e-11 4.0e-11
  202    21    12  2.3e-11 2.3e-11 2.3e-11 2.3e-11 2.4e-11 2.6e-11 2.8e-11 3.1e-11 3.3e-11 3.4e-11 3.6e-11 3.6e-11 3.7e-11 4.2e-11 5.1e-11
  203    21    13  2.4e-11 2.5e-11 2.7e-11 2.8e-11 2.9e-11 3.2e-11 3.4e-11 3.6e-11 3.8e-11 4.0e-11 4.2e-11 4.2e-11 4.3e-11 4.7e-11 5.5e-11
  204    21    14  2.9e-11 3.0e-11 3.2e-11 3.4e-11 3.7e-11 4.0e-11 4.3e-11 4.7e-11 5.0e-11 5.2e-11 5.5e-11 5.5e-11 5.6e-11 6.2e-11 7.1e-11
  205    21    15  3.9e-11 4.1e-11 4.3e-11 4.5e-11 4.7e-11 5.0e-11 5.3e-11 5.6e-11 5.8e-11 6.1e-11 6.3e-11 6.3e-11 6.5e-11 7.4e-11 8.8e-11
  206    21    16  9.2e-11 9.5e-11 9.8e-11 9.9e-11 9.9e-11 1.0e-10 1.0e-10 1.0e-10 1.0e-10 1.1e-10 1.1e-10 1.1e-10 1.1e-10 1.2e-10 1.4e-10
  207    21    17  1.7e-10 1.6e-10 1.6e-10 1.6e-10 1.6e-10 1.6e-10 1.6e-10 1.6e-10 1.7e-10 1.7e-10 1.7e-10 1.7e-10 1.7e-10 2.0e-10 2.3e-10
  208    21    18  1.6e-10 1.6e-10 1.6e-10 1.6e-10 1.7e-10 1.8e-10 1.9e-10 2.0e-10 2.1e-10 2.2e-10 2.2e-10 2.2e-10 2.3e-10 2.5e-10 2.9e-10
  209    21    19  1.2e-10 1.3e-10 1.4e-10 1.4e-10 1.6e-10 1.8e-10 2.0e-10 2.1e-10 2.3e-10 2.4e-10 2.5e-10 2.5e-10 2.6e-10 2.9e-10 3.2e-10
  210    21    20  3.6e-10 3.6e-10 3.5e-10 3.5e-10 3.5e-10 3.8e-10 4.0e-10 4.4e-10 4.7e-10 5.0e-10 5.2e-10 5.2e-10 5.4e-10 6.3e-10 7.3e-10
  211    22     1  3.5e-13 3.9e-13 4.0e-13 4.0e-13 3.8e-13 3.7e-13 3.6e-13 3.6e-13 3.6e-13 3.5e-13 3.6e-13 3.6e-13 3.7e-13 3.9e-13 4.5e-13
  212    22     2  9.4e-13 1.1e-12 1.2e-12 1.2e-12 1.2e-12 1.2e-12 1.2e-12 1.2e-12 1.2e-12 1.2e-12 1.2e-12 1.3e-12 1.3e-12 1.4e-12 1.5e-12
  213    22     3  2.0e-12 2.2e-12 2.3e-12 2.3e-12 2.3e-12 2.3e-12 2.2e-12 2.2e-12 2.1e-12 2.1e-12 2.1e-12 2.1e-12 2.2e-12 2.3e-12 2.5e-12
  214    22     4  3.5e-12 3.8e-12 3.8e-12 3.8e-12 3.7e-12 3.5e-12 3.4e-12 3.5e-12 3.5e-12 3.4e-12 3.4e-12 3.4e-12 3.4e-12 3.4e-12 3.6e-12
  215    22     5  4.9e-12 4.8e-12 4.9e-12 4.9e-12 4.8e-12 4.7e-12 4.8e-12 4.8e-12 4.7e-12 4.7e-12 4.8e-12 4.8e-12 4.8e-12 4.9e-12 5.3e-12
  216    22     6  4.9e-12 5.7e-12 6.0e-12 6.5e-12 6.6e-12 6.9e-12 7.1e-12 7.1e-12 7.2e-12 7.2e-12 7.1e-12 7.2e-12 7.3e-12 8.0e-12 9.3e-12
  217    22     7  6.3e-12 7.0e-12 7.6e-12 8.2e-12 8.5e-12 8.8e-12 9.1e-12 9.2e-12 9.0e-12 8.9e-12 8.8e-12 8.7e-12 8.7e-12 9.1e-12 1.0e-11
  218    22     8  7.5e-12 9.1e-12 1.0e-11 1.1e-11 1.2e-11 1.3e-11 1.3e-11 1.3e-11 1.3e-11 1.3e-11 1.3e-11 1.3e-11 1.3e-11 1.4e-11 1.6e-11
  219    22     9  8.4e-12 9.9e-12 1.1e-11 1.3e-11 1.4e-11 1.5e-11 1.5e-11 1.6e-11 1.6e-11 1.5e-11 1.5e-11 1.5e-11 1.5e-11 1.6e-11 1.9e-11
  220    22    10  9.9e-12 1.2e-11 1.4e-11 1.6e-11 1.7e-11 1.9e-11 2.0e-11 2.1e-11 2.1e-11 2.1e-11 2.1e-11 2.1e-11 2.1e-11 2.4e-11 2.8e-11
  221    22    11  9.8e-12 1.2e-11 1.4e-11 1.7e-11 1.9e-11 2.1e-11 2.3e-11 2.3e-11 2.4e-11 2.3e-11 2.3e-11 2.3e-11 2.4e-11 2.6e-11 3.1e-11
  222    22    12  1.2e-11 1.6e-11 1.8e-11 2.2e-11 2.5e-11 2.7e-11 3.0e-11 3.1e-11 3.2e-11 3.2e-11 3.2e-11 3.2e-11 3.3e-11 3.8e-11 4.5e-11
  223    22    13  1.2e-11 1.8e-11 2.2e-11 2.7e-11 3.1e-11 3.4e-11 3.7e-11 3.6e-11 3.7e-11 3.6e-11 3.6e-11 3.6e-11 3.7e-11 4.2e-11 5.0e-11
  224    22    14  1.7e-11 2.5e-11 3.1e-11 3.9e-11 4.3e-11 4.8e-11 4.9e-11 4.9e-11 5.0e-11 4.9e-11 4.8e-11 4.6e-11 4.7e-11 5.2e-11 5.9e-11
  225    22    15  1.6e-11 2.5e-11 3.3e-11 4.3e-11 4.9e-11 5.5e-11 5.8e-11 5.8e-11 5.8e-11 5.8e-11 5.6e-11 5.5e-11 5.6e-11 6.1e-11 7.1e-11
  226    22    16  1.8e-11 2.9e-11 3.7e-11 5.1e-11 6.0e-11 7.0e-11 7.8e-11 7.9e-11 8.1e-11 8.3e-11 8.0e-11 8.0e-11 8.3e-11 9.4e-11 1.1e-10
  227    22    17  1.7e-11 2.9e-11 4.0e-11 5.6e-11 6.7e-11 7.7e-11 8.6e-11 9.0e-11 9.0e-11 9.0e-11 9.1e-11 9.2e-11 9.3e-11 1.0e-10 1.2e-10
  228    22    18  2.1e-11 3.8e-11 5.1e-11 7.3e-11 8.5e-11 1.0e-10 1.1e-10 1.2e-10 1.3e-10 1.3e-10 1.3e-10 1.4e-10 1.4e-10 1.6e-10 1.9e-10
  229    22    19  2.3e-11 4.3e-11 6.1e-11 8.6e-11 1.0e-10 1.2e-10 1.4e-10 1.4e-10 1.5e-10 1.5e-10 1.6e-10 1.6e-10 1.6e-10 1.8e-10 2.1e-10
  230    22    20  2.7e-11 5.2e-11 7.3e-11 1.1e-10 1.3e-10 1.5e-10 1.8e-10 1.9e-10 2.0e-10 2.1e-10 2.2e-10 2.3e-10 2.3e-10 2.6e-10 2.9e-10
  231    22    21  3.2e-11 6.7e-11 9.8e-11 1.5e-10 1.9e-10 2.2e-10 2.8e-10 3.3e-10 3.6e-10 3.9e-10 4.3e-10 4.5e-10 4.7e-10 5.5e-10 6.3e-10
  232    23     1  2.7e-13 3.0e-13 3.1e-13 3.1e-13 2.9e-13 2.8e-13 2.7e-13 2.7e-13 2.7e-13 2.7e-13 2.8e-13 2.8e-13 2.8e-13 3.0e-13 3.4e-13
  233    23     2  8.0e-13 9.0e-13 9.3e-13 9.3e-13 9.0e-13 8.6e-13 8.4e-13 8.4e-13 8.4e-13 8.4e-13 8.5e-13 8.6e-13 8.7e-13 9.3e-13 1.1e-12
  234    23     3  1.2e-12 1.5e-12 1.6e-12 1.6e-12 1.6e-12 1.5e-12 1.6e-12 1.6e-12 1.6e-12 1.6e-12 1.7e-12 1.7e-12 1.7e-12 1.8e-12 2.0e-12
  235    23     4  2.1e-12 2.4e-12 2.5e-12 2.6e-12 2.6e-12 2.5e-12 2.5e-12 2.4e-12 2.4e-12 2.4e-12 2.5e-12 2.5e-12 2.5e-12 2.6e-12 2.9e-12
  236    23     5  3.4e-12 3.7e-12 3.8e-12 3.9e-12 3.8e-12 3.7e-12 3.6e-12 3.7e-12 3.8e-12 3.6e-12 3.7e-12 3.7e-12 3.6e-12 3.6e-12 3.8e-12
  237    23     6  4.5e-12 4.6e-12 4.8e-12 4.8e-12 4.8e-12 4.8e-12 4.9e-12 5.0e-12 4.8e-12 4.9e-12 5.0e-12 5.0e-12 5.0e-12 5.1e-12 5.5e-12
  238    23     7  4.5e-12 5.3e-12 5.7e-12 6.2e-12 6.4e-12 6.8e-12 7.1e-12 7.2e-12 7.4e-12 7.4e-12 7.3e-12 7.4e-12 7.5e-12 8.2e-12 9.4e-12
  239    23     8  5.7e-12 6.4e-12 7.0e-12 7.8e-12 8.2e-12 8.6e-12 9.0e-12 9.2e-12 9.1e-12 9.0e-12 9.0e-12 8.9e-12 8.9e-12 9.2e-12 1.0e-11
  240    23     9  6.6e-12 8.3e-12 9.2e-12 1.1e-11 1.1e-11 1.2e-11 1.3e-11 1.3e-11 1.3e-11 1.3e-11 1.3e-11 1.3e-11 1.3e-11 1.4e-11 1.6e-11
  241    23    10  7.3e-12 8.9e-12 1.0e-11 1.2e-11 1.3e-11 1.4e-11 1.5e-11 1.5e-11 1.6e-11 1.5e-11 1.5e-11 1.5e-11 1.5e-11 1.6e-11 1.9e-11
  242    23    11  8.7e-12 1.1e-11 1.2e-11 1.5e-11 1.6e-11 1.8e-11 1.9e-11 2.0e-11 2.1e-11 2.1e-11 2.1e-11 2.1e-11 2.1e-11 2.4e-11 2.8e-11
  243    23    12  8.5e-12 1.1e-11 1.3e-11 1.6e-11 1.8e-11 2.0e-11 2.2e-11 2.3e-11 2.3e-11 2.3e-11 2.3e-11 2.3e-11 2.3e-11 2.6e-11 3.0e-11
  244    23    13  9.9e-12 1.4e-11 1.6e-11 2.1e-11 2.3e-11 2.6e-11 2.9e-11 3.0e-11 3.1e-11 3.1e-11 3.2e-11 3.2e-11 3.3e-11 3.7e-11 4.4e-11
  245    23    14  1.1e-11 1.6e-11 2.0e-11 2.5e-11 2.9e-11 3.2e-11 3.6e-11 3.5e-11 3.6e-11 3.6e-11 3.6e-11 3.6e-11 3.7e-11 4.2e-11 4.9e-11
  246    23    15  1.4e-11 2.2e-11 2.7e-11 3.6e-11 4.1e-11 4.5e-11 4.8e-11 4.8e-11 4.9e-11 4.8e-11 4.7e-11 4.6e-11 4.6e-11 5.1e-11 5.8e-11
  247    23    16  1.4e-11 2.2e-11 3.0e-11 3.9e-11 4.6e-11 5.2e-11 5.6e-11 5.6e-11 5.7e-11 5.6e-11 5.5e-11 5.4e-11 5.5e-11 6.0e-11 6.9e-11
  248    23    17  1.6e-11 2.5e-11 3.4e-11 4.6e-11 5.6e-11 6.7e-11 7.5e-11 7.7e-11 7.9e-11 8.1e-11 7.8e-11 7.9e-11 8.1e-11 9.2e-11 1.1e-10
  249    23    18  1.5e-11 2.6e-11 3.6e-11 5.1e-11 6.3e-11 7.3e-11 8.3e-11 8.7e-11 8.8e-11 8.8e-11 9.0e-11 9.0e-11 9.2e-11 1.0e-10 1.1e-10
  250    23    19  1.8e-11 3.3e-11 4.6e-11 6.7e-11 7.9e-11 9.5e-11 1.1e-10 1.2e-10 1.2e-10 1.3e-10 1.3e-10 1.4e-10 1.4e-10 1.6e-10 1.8e-10
  251    23    20  2.0e-11 3.8e-11 5.4e-11 7.8e-11 9.7e-11 1.1e-10 1.3e-10 1.4e-10 1.4e-10 1.5e-10 1.5e-10 1.6e-10 1.6e-10 1.8e-10 2.0e-10
  252    23    21  2.3e-11 4.5e-11 6.5e-11 9.8e-11 1.2e-10 1.4e-10 1.7e-10 1.8e-10 1.9e-10 2.1e-10 2.1e-10 2.2e-10 2.3e-10 2.5e-10 2.8e-10
  253    23    22  2.8e-11 5.9e-11 8.7e-11 1.4e-10 1.7e-10 2.1e-10 2.7e-10 3.1e-10 3.5e-10 3.8e-10 4.2e-10 4.4e-10 4.6e-10 5.4e-10 6.2e-10
  254    24     1  2.0e-13 2.3e-13 2.4e-13 2.4e-13 2.3e-13 2.1e-13 2.1e-13 2.1e-13 2.1e-13 2.1e-13 2.1e-13 2.2e-13 2.2e-13 2.3e-13 2.5e-13
  255    24     2  6.0e-13 6.9e-13 7.1e-13 7.1e-13 6.8e-13 6.5e-13 6.4e-13 6.4e-13 6.4e-13 6.4e-13 6.6e-13 6.7e-13 6.7e-13 7.1e-13 7.9e-13
  256    24     3  1.0e-12 1.2e-12 1.2e-12 1.2e-12 1.2e-12 1.1e-12 1.1e-12 1.1e-12 1.1e-12 1.1e-12 1.1e-12 1.2e-12 1.2e-12 1.2e-12 1.4e-12
  257    24     4  1.3e-12 1.6e-12 1.7e-12 1.8e-12 1.7e-12 1.7e-12 1.8e-12 1.8e-12 1.8e-12 1.9e-12 1.9e-12 2.0e-12 2.0e-12 2.1e-12 2.3e-12
  258    24     5  2.0e-12 2.4e-12 2.5e-12 2.6e-12 2.7e-12 2.6e-12 2.6e-12 2.6e-12 2.6e-12 2.6e-12 2.7e-12 2.7e-12 2.7e-12 2.8e-12 3.1e-12
  259    24     6  3.2e-12 3.6e-12 3.7e-12 3.8e-12 3.8e-12 3.7e-12 3.7e-12 3.8e-12 3.9e-12 3.8e-12 3.8e-12 3.8e-12 3.8e-12 3.7e-12 3.9e-12
  260    24     7  4.2e-12 4.3e-12 4.5e-12 4.7e-12 4.7e-12 4.7e-12 4.9e-12 5.1e-12 4.9e-12 5.0e-12 5.1e-12 5.2e-12 5.1e-12 5.2e-12 5.6e-12
  261    24     8  4.0e-12 4.9e-12 5.3e-12 5.9e-12 6.2e-12 6.7e-12 7.0e-12 7.2e-12 7.4e-12 7.5e-12 7.4e-12 7.5e-12 7.6e-12 8.2e-12 9.5e-12
  262    24     9  5.0e-12 5.8e-12 6.5e-12 7.3e-12 7.8e-12 8.4e-12 8.9e-12 9.1e-12 9.1e-12 9.0e-12 9.0e-12 8.9e-12 8.9e-12 9.2e-12 1.0e-11
  263    24    10  5.8e-12 7.4e-12 8.4e-12 9.9e-12 1.1e-11 1.2e-11 1.3e-11 1.3e-11 1.3e-11 1.3e-11 1.3e-11 1.3e-11 1.3e-11 1.4e-11 1.6e-11
  264    24    11  6.4e-12 8.0e-12 9.3e-12 1.1e-11 1.2e-11 1.3e-11 1.5e-11 1.5e-11 1.5e-11 1.5e-11 1.5e-11 1.5e-11 1.5e-11 1.6e-11 1.8e-11
  265    24    12  7.6e-12 9.7e-12 1.1e-11 1.4e-11 1.5e-11 1.7e-11 1.9e-11 2.0e-11 2.0e-11 2.0e-11 2.1e-11 2.1e-11 2.1e-11 2.3e-11 2.7e-11
  266    24    13  7.4e-12 9.6e-12 1.2e-11 1.4e-11 1.7e-11 1.9e-11 2.1e-11 2.2e-11 2.3e-11 2.3e-11 2.3e-11 2.3e-11 2.3e-11 2.6e-11 3.0e-11
  267    24    14  8.6e-12 1.2e-11 1.5e-11 1.9e-11 2.2e-11 2.5e-11 2.8e-11 2.9e-11 3.0e-11 3.1e-11 3.1e-11 3.2e-11 3.2e-11 3.6e-11 4.3e-11
  268    24    15  9.2e-12 1.4e-11 1.8e-11 2.3e-11 2.7e-11 3.1e-11 3.4e-11 3.4e-11 3.5e-11 3.5e-11 3.5e-11 3.6e-11 3.6e-11 4.1e-11 4.8e-11
  269    24    16  1.2e-11 1.9e-11 2.5e-11 3.3e-11 3.8e-11 4.3e-11 4.6e-11 4.7e-11 4.7e-11 4.7e-11 4.6e-11 4.5e-11 4.6e-11 5.0e-11 5.7e-11
  270    24    17  1.2e-11 2.0e-11 2.7e-11 3.6e-11 4.3e-11 4.9e-11 5.4e-11 5.4e-11 5.6e-11 5.5e-11 5.4e-11 5.3e-11 5.4e-11 5.9e-11 6.8e-11
  271    24    18  1.4e-11 2.2e-11 3.0e-11 4.3e-11 5.2e-11 6.3e-11 7.2e-11 7.5e-11 7.7e-11 7.9e-11 7.7e-11 7.8e-11 8.0e-11 9.0e-11 1.1e-10
  272    24    19  1.3e-11 2.3e-11 3.2e-11 4.7e-11 5.8e-11 6.9e-11 7.9e-11 8.4e-11 8.5e-11 8.6e-11 8.8e-11 8.9e-11 9.0e-11 9.8e-11 1.1e-10
  273    24    20  1.6e-11 2.9e-11 4.1e-11 6.1e-11 7.3e-11 8.9e-11 1.0e-10 1.1e-10 1.2e-10 1.3e-10 1.3e-10 1.3e-10 1.4e-10 1.5e-10 1.8e-10
  274    24    21  1.7e-11 3.3e-11 4.9e-11 7.2e-11 9.0e-11 1.1e-10 1.3e-10 1.3e-10 1.4e-10 1.4e-10 1.5e-10 1.5e-10 1.6e-10 1.7e-10 2.0e-10
  275    24    22  2.0e-11 4.0e-11 5.8e-11 8.9e-11 1.1e-10 1.4e-10 1.6e-10 1.8e-10 1.9e-10 2.0e-10 2.0e-10 2.2e-10 2.2e-10 2.5e-10 2.8e-10
  276    24    23  2.4e-11 5.2e-11 7.8e-11 1.2e-10 1.6e-10 1.9e-10 2.6e-10 3.0e-10 3.4e-10 3.7e-10 4.1e-10 4.3e-10 4.6e-10 5.3e-10 6.1e-10
  277    25     1  1.5e-13 1.7e-13 1.8e-13 1.8e-13 1.7e-13 1.6e-13 1.6e-13 1.6e-13 1.6e-13 1.6e-13 1.7e-13 1.7e-13 1.7e-13 1.7e-13 1.9e-13
  278    25     2  4.5e-13 5.2e-13 5.5e-13 5.5e-13 5.2e-13 5.0e-13 4.8e-13 4.9e-13 4.9e-13 5.0e-13 5.1e-13 5.2e-13 5.2e-13 5.4e-13 5.9e-13
  279    25     3  7.6e-13 8.9e-13 9.2e-13 9.3e-13 9.0e-13 8.6e-13 8.4e-13 8.6e-13 8.6e-13 8.6e-13 8.9e-13 9.0e-13 9.1e-13 9.5e-13 1.1e-12
  280    25     4  1.1e-12 1.3e-12 1.3e-12 1.3e-12 1.3e-12 1.3e-12 1.2e-12 1.3e-12 1.3e-12 1.3e-12 1.3e-12 1.3e-12 1.4e-12 1.4e-12 1.6e-12
  281    25     5  1.3e-12 1.6e-12 1.7e-12 1.8e-12 1.8e-12 1.8e-12 1.8e-12 1.9e-12 2.0e-12 2.0e-12 2.1e-12 2.1e-12 2.1e-12 2.2e-12 2.4e-12
  282    25     6  1.9e-12 2.3e-12 2.5e-12 2.6e-12 2.7e-12 2.7e-12 2.7e-12 2.7e-12 2.7e-12 2.7e-12 2.8e-12 2.8e-12 2.8e-12 2.9e-12 3.2e-12
  283    25     7  2.9e-12 3.4e-12 3.5e-12 3.7e-12 3.7e-12 3.7e-12 3.7e-12 3.9e-12 4.0e-12 3.9e-12 3.9e-12 4.0e-12 3.9e-12 3.8e-12 4.0e-12
  284    25     8  3.8e-12 3.9e-12 4.2e-12 4.4e-12 4.5e-12 4.6e-12 4.9e-12 5.1e-12 5.0e-12 5.1e-12 5.2e-12 5.3e-12 5.2e-12 5.2e-12 5.6e-12
  285    25     9  3.6e-12 4.4e-12 4.9e-12 5.6e-12 5.9e-12 6.5e-12 6.9e-12 7.1e-12 7.4e-12 7.5e-12 7.4e-12 7.6e-12 7.7e-12 8.3e-12 9.5e-12
  286    25    10  4.5e-12 5.2e-12 5.9e-12 6.9e-12 7.4e-12 8.0e-12 8.7e-12 9.0e-12 9.0e-12 9.0e-12 9.0e-12 9.0e-12 9.0e-12 9.2e-12 1.0e-11
  287    25    11  5.1e-12 6.7e-12 7.7e-12 9.3e-12 1.0e-11 1.1e-11 1.2e-11 1.3e-11 1.3e-11 1.3e-11 1.3e-11 1.3e-11 1.3e-11 1.4e-11 1.6e-11
  288    25    12  5.6e-12 7.1e-12 8.4e-12 1.0e-11 1.2e-11 1.3e-11 1.4e-11 1.5e-11 1.5e-11 1.5e-11 1.5e-11 1.5e-11 1.5e-11 1.6e-11 1.8e-11
  289    25    13  6.6e-12 8.7e-12 1.0e-11 1.3e-11 1.4e-11 1.6e-11 1.8e-11 1.9e-11 2.0e-11 2.0e-11 2.0e-11 2.1e-11 2.1e-11 2.3e-11 2.7e-11
  290    25    14  6.4e-12 8.5e-12 1.0e-11 1.3e-11 1.6e-11 1.8e-11 2.1e-11 2.2e-11 2.2e-11 2.3e-11 2.3e-11 2.3e-11 2.3e-11 2.5e-11 2.9e-11
  291    25    15  7.5e-12 1.1e-11 1.3e-11 1.8e-11 2.0e-11 2.3e-11 2.7e-11 2.8e-11 3.0e-11 3.0e-11 3.1e-11 3.1e-11 3.2e-11 3.6e-11 4.3e-11
  292    25    16  7.9e-12 1.2e-11 1.6e-11 2.1e-11 2.5e-11 2.9e-11 3.3e-11 3.3e-11 3.4e-11 3.5e-11 3.5e-11 3.5e-11 3.6e-11 4.0e-11 4.7e-11
  293    25    17  1.1e-11 1.7e-11 2.2e-11 3.0e-11 3.5e-11 4.1e-11 4.4e-11 4.5e-11 4.6e-11 4.6e-11 4.5e-11 4.4e-11 4.5e-11 4.9e-11 5.6e-11
  294    25    18  1.0e-11 1.7e-11 2.4e-11 3.3e-11 4.0e-11 4.7e-11 5.2e-11 5.3e-11 5.4e-11 5.4e-11 5.4e-11 5.2e-11 5.3e-11 5.8e-11 6.6e-11
  295    25    19  1.2e-11 2.0e-11 2.7e-11 3.9e-11 4.9e-11 5.9e-11 6.9e-11 7.2e-11 7.5e-11 7.8e-11 7.5e-11 7.6e-11 7.9e-11 8.8e-11 1.0e-10
  296    25    20  1.1e-11 2.0e-11 2.9e-11 4.3e-11 5.4e-11 6.5e-11 7.6e-11 8.1e-11 8.3e-11 8.4e-11 8.6e-11 8.7e-11 8.8e-11 9.6e-11 1.1e-10
  297    25    21  1.4e-11 2.6e-11 3.7e-11 5.6e-11 6.8e-11 8.4e-11 9.9e-11 1.1e-10 1.2e-10 1.2e-10 1.3e-10 1.3e-10 1.3e-10 1.5e-10 1.7e-10
  298    25    22  1.5e-11 2.9e-11 4.3e-11 6.6e-11 8.3e-11 1.0e-10 1.2e-10 1.3e-10 1.4e-10 1.4e-10 1.5e-10 1.5e-10 1.5e-10 1.7e-10 1.9e-10
  299    25    23  1.7e-11 3.5e-11 5.2e-11 8.2e-11 1.0e-10 1.3e-10 1.5e-10 1.7e-10 1.8e-10 2.0e-10 2.0e-10 2.1e-10 2.2e-10 2.4e-10 2.7e-10
  300    25    24  2.1e-11 4.5e-11 6.9e-11 1.1e-10 1.5e-10 1.8e-10 2.4e-10 2.9e-10 3.3e-10 3.6e-10 4.0e-10 4.3e-10 4.5e-10 5.2e-10 6.0e-10
  301    26     1  1.1e-13 1.3e-13 1.4e-13 1.4e-13 1.3e-13 1.2e-13 1.2e-13 1.2e-13 1.2e-13 1.2e-13 1.3e-13 1.3e-13 1.3e-13 1.2e-13 1.1e-13
  302    26     2  3.4e-13 4.0e-13 4.2e-13 4.2e-13 4.0e-13 3.8e-13 3.7e-13 3.8e-13 3.8e-13 3.8e-13 3.9e-13 4.0e-13 4.0e-13 4.1e-13 4.4e-13
  303    26     3  5.7e-13 6.8e-13 7.1e-13 7.1e-13 6.8e-13 6.5e-13 6.4e-13 6.6e-13 6.6e-13 6.6e-13 6.9e-13 7.0e-13 7.0e-13 7.3e-13 7.9e-13
  304    26     4  8.2e-13 9.7e-13 1.0e-12 1.0e-12 1.0e-12 9.6e-13 9.5e-13 9.8e-13 9.8e-13 9.9e-13 1.0e-12 1.0e-12 1.1e-12 1.1e-12 1.2e-12
  305    26     5  1.1e-12 1.3e-12 1.3e-12 1.4e-12 1.4e-12 1.3e-12 1.3e-12 1.4e-12 1.4e-12 1.4e-12 1.4e-12 1.5e-12 1.5e-12 1.6e-12 1.7e-12
  306    26     6  1.2e-12 1.6e-12 1.7e-12 1.8e-12 1.8e-12 1.8e-12 1.9e-12 2.0e-12 2.0e-12 2.1e-12 2.2e-12 2.2e-12 2.2e-12 2.3e-12 2.5e-12
  307    26     7  1.8e-12 2.1e-12 2.3e-12 2.5e-12 2.6e-12 2.6e-12 2.7e-12 2.7e-12 2.8e-12 2.8e-12 2.9e-12 2.9e-12 2.9e-12 3.0e-12 3.2e-12
  308    26     8  2.7e-12 3.1e-12 3.3e-12 3.5e-12 3.6e-12 3.6e-12 3.7e-12 3.9e-12 4.0e-12 3.9e-12 4.0e-12 4.0e-12 4.0e-12 3.9e-12 4.0e-12
  309    26     9  3.4e-12 3.6e-12 3.9e-12 4.2e-12 4.3e-12 4.5e-12 4.8e-12 5.0e-12 5.0e-12 5.1e-12 5.2e-12 5.3e-12 5.3e-12 5.2e-12 5.6e-12
  310    26    10  3.2e-12 4.0e-12 4.5e-12 5.2e-12 5.6e-12 6.2e-12 6.8e-12 7.0e-12 7.4e-12 7.5e-12 7.5e-12 7.6e-12 7.7e-12 8.3e-12 9.4e-12
  311    26    11  3.9e-12 4.7e-12 5.4e-12 6.4e-12 7.0e-12 7.7e-12 8.4e-12 8.8e-12 8.9e-12 9.0e-12 9.0e-12 9.0e-12 8.9e-12 9.2e-12 9.9e-12
  312    26    12  4.5e-12 6.0e-12 7.0e-12 8.6e-12 9.6e-12 1.1e-11 1.2e-11 1.2e-11 1.3e-11 1.3e-11 1.3e-11 1.3e-11 1.3e-11 1.4e-11 1.6e-11
  313    26    13  4.9e-12 6.4e-12 7.6e-12 9.4e-12 1.1e-11 1.2e-11 1.4e-11 1.5e-11 1.5e-11 1.5e-11 1.5e-11 1.5e-11 1.5e-11 1.6e-11 1.8e-11
  314    26    14  5.8e-12 7.7e-12 9.1e-12 1.2e-11 1.3e-11 1.6e-11 1.8e-11 1.9e-11 2.0e-11 2.0e-11 2.0e-11 2.1e-11 2.1e-11 2.3e-11 2.6e-11
  315    26    15  5.6e-12 7.6e-12 9.4e-12 1.2e-11 1.5e-11 1.7e-11 2.0e-11 2.1e-11 2.2e-11 2.2e-11 2.2e-11 2.2e-11 2.3e-11 2.5e-11 2.9e-11
  316    26    16  6.5e-12 9.6e-12 1.2e-11 1.6e-11 1.9e-11 2.2e-11 2.6e-11 2.8e-11 2.9e-11 3.0e-11 3.0e-11 3.1e-11 3.2e-11 3.5e-11 4.2e-11
  317    26    17  6.9e-12 1.1e-11 1.4e-11 2.0e-11 2.3e-11 2.7e-11 3.2e-11 3.2e-11 3.4e-11 3.4e-11 3.4e-11 3.5e-11 3.5e-11 3.9e-11 4.6e-11
  318    26    18  9.4e-12 1.5e-11 2.0e-11 2.8e-11 3.3e-11 3.9e-11 4.2e-11 4.4e-11 4.5e-11 4.5e-11 4.5e-11 4.4e-11 4.4e-11 4.8e-11 5.5e-11
  319    26    19  9.1e-12 1.6e-11 2.2e-11 3.0e-11 3.7e-11 4.4e-11 4.9e-11 5.1e-11 5.3e-11 5.3e-11 5.2e-11 5.2e-11 5.3e-11 5.7e-11 6.5e-11
  320    26    20  1.0e-11 1.8e-11 2.4e-11 3.6e-11 4.5e-11 5.6e-11 6.6e-11 7.0e-11 7.3e-11 7.6e-11 7.4e-11 7.5e-11 7.7e-11 8.6e-11 1.0e-10
  321    26    21  9.6e-12 1.8e-11 2.6e-11 3.9e-11 5.0e-11 6.1e-11 7.3e-11 7.8e-11 8.1e-11 8.2e-11 8.4e-11 8.6e-11 8.7e-11 9.4e-11 1.1e-10
  322    26    22  1.2e-11 2.3e-11 3.3e-11 5.1e-11 6.3e-11 7.9e-11 9.4e-11 1.0e-10 1.1e-10 1.2e-10 1.2e-10 1.3e-10 1.3e-10 1.5e-10 1.7e-10
  323    26    23  1.3e-11 2.6e-11 3.9e-11 6.0e-11 7.7e-11 9.5e-11 1.1e-10 1.3e-10 1.3e-10 1.4e-10 1.4e-10 1.5e-10 1.5e-10 1.6e-10 1.9e-10
  324    26    24  1.5e-11 3.1e-11 4.7e-11 7.4e-11 9.4e-11 1.2e-10 1.5e-10 1.6e-10 1.8e-10 1.9e-10 2.0e-10 2.1e-10 2.1e-10 2.4e-10 2.7e-10
  325    26    25  1.8e-11 4.0e-11 6.2e-11 1.0e-10 1.4e-10 1.7e-10 2.3e-10 2.8e-10 3.1e-10 3.5e-10 3.9e-10 4.2e-10 4.4e-10 5.0e-10 5.8e-10
  326    27     1  8.5e-14 1.0e-13 1.1e-13 1.1e-13 1.0e-13 9.4e-14 9.2e-14 9.4e-14 9.4e-14 9.5e-14 9.9e-14 1.0e-13 1.0e-13 1.0e-13 1.1e-13
  327    27     2  2.6e-13 3.1e-13 3.2e-13 3.2e-13 3.1e-13 2.9e-13 2.8e-13 2.9e-13 2.9e-13 2.9e-13 3.1e-13 3.1e-13 3.0e-13 2.7e-13 2.6e-13
  328    27     3  4.3e-13 5.2e-13 5.4e-13 5.5e-13 5.2e-13 5.0e-13 4.9e-13 5.0e-13 5.0e-13 5.1e-13 5.3e-13 5.4e-13 5.4e-13 5.5e-13 5.9e-13
  329    27     4  6.2e-13 7.4e-13 7.8e-13 7.9e-13 7.6e-13 7.3e-13 7.3e-13 7.5e-13 7.5e-13 7.6e-13 7.9e-13 8.1e-13 8.2e-13 8.4e-13 9.1e-13
  330    27     5  8.1e-13 9.8e-13 1.0e-12 1.1e-12 1.0e-12 1.0e-12 1.0e-12 1.0e-12 1.0e-12 1.1e-12 1.1e-12 1.1e-12 1.1e-12 1.2e-12 1.3e-12
  331    27     6  1.0e-12 1.2e-12 1.3e-12 1.4e-12 1.4e-12 1.3e-12 1.3e-12 1.4e-12 1.4e-12 1.4e-12 1.5e-12 1.5e-12 1.5e-12 1.6e-12 1.8e-12
  332    27     7  1.1e-12 1.5e-12 1.6e-12 1.7e-12 1.8e-12 1.8e-12 1.9e-12 2.0e-12 2.1e-12 2.1e-12 2.2e-12 2.3e-12 2.3e-12 2.4e-12 2.6e-12
  333    27     8  1.6e-12 2.0e-12 2.2e-12 2.4e-12 2.5e-12 2.6e-12 2.7e-12 2.7e-12 2.8e-12 2.8e-12 2.9e-12 3.0e-12 3.0e-12 3.0e-12 3.3e-12
  334    27     9  2.4e-12 2.8e-12 3.1e-12 3.3e-12 3.4e-12 3.5e-12 3.6e-12 3.8e-12 4.0e-12 3.9e-12 4.0e-12 4.1e-12 4.0e-12 3.9e-12 4.0e-12
  335    27    10  3.0e-12 3.3e-12 3.6e-12 3.9e-12 4.1e-12 4.3e-12 4.7e-12 5.0e-12 4.9e-12 5.1e-12 5.2e-12 5.3e-12 5.3e-12 5.2e-12 5.5e-12
  336    27    11  2.9e-12 3.6e-12 4.1e-12 4.9e-12 5.3e-12 6.0e-12 6.6e-12 6.9e-12 7.3e-12 7.4e-12 7.4e-12 7.6e-12 7.7e-12 8.2e-12 9.3e-12
  337    27    12  3.5e-12 4.2e-12 4.9e-12 6.0e-12 6.6e-12 7.4e-12 8.2e-12 8.7e-12 8.8e-12 8.9e-12 8.9e-12 8.9e-12 8.9e-12 9.1e-12 9.8e-12
  338    27    13  4.0e-12 5.4e-12 6.4e-12 8.0e-12 9.0e-12 1.0e-11 1.2e-11 1.2e-11 1.2e-11 1.3e-11 1.3e-11 1.3e-11 1.3e-11 1.4e-11 1.6e-11
  339    27    14  4.4e-12 5.7e-12 6.9e-12 8.7e-12 1.0e-11 1.2e-11 1.3e-11 1.4e-11 1.5e-11 1.5e-11 1.5e-11 1.5e-11 1.5e-11 1.6e-11 1.8e-11
  340    27    15  5.1e-12 6.9e-12 8.3e-12 1.1e-11 1.2e-11 1.5e-11 1.7e-11 1.8e-11 1.9e-11 2.0e-11 2.0e-11 2.0e-11 2.1e-11 2.2e-11 2.6e-11
  341    27    16  4.9e-12 6.8e-12 8.5e-12 1.1e-11 1.4e-11 1.6e-11 1.9e-11 2.1e-11 2.2e-11 2.2e-11 2.2e-11 2.2e-11 2.3e-11 2.4e-11 2.8e-11
  342    27    17  5.7e-12 8.5e-12 1.1e-11 1.5e-11 1.8e-11 2.1e-11 2.5e-11 2.7e-11 2.8e-11 2.9e-11 3.0e-11 3.0e-11 3.1e-11 3.5e-11 4.1e-11
  343    27    18  6.1e-12 9.7e-12 1.3e-11 1.8e-11 2.2e-11 2.6e-11 3.0e-11 3.1e-11 3.3e-11 3.3e-11 3.4e-11 3.4e-11 3.5e-11 3.9e-11 4.5e-11
  344    27    19  8.2e-12 1.4e-11 1.8e-11 2.5e-11 3.1e-11 3.6e-11 4.1e-11 4.2e-11 4.4e-11 4.4e-11 4.4e-11 4.3e-11 4.4e-11 4.7e-11 5.3e-11
  345    27    20  7.9e-12 1.4e-11 1.9e-11 2.8e-11 3.4e-11 4.1e-11 4.7e-11 4.9e-11 5.1e-11 5.2e-11 5.1e-11 5.1e-11 5.2e-11 5.6e-11 6.3e-11
  346    27    21  8.8e-12 1.6e-11 2.2e-11 3.3e-11 4.2e-11 5.3e-11 6.3e-11 6.7e-11 7.1e-11 7.4e-11 7.2e-11 7.4e-11 7.6e-11 8.4e-11 9.9e-11
  347    27    22  8.4e-12 1.6e-11 2.3e-11 3.6e-11 4.7e-11 5.7e-11 7.0e-11 7.6e-11 7.8e-11 8.0e-11 8.2e-11 8.4e-11 8.5e-11 9.2e-11 1.0e-10
  348    27    23  1.0e-11 2.0e-11 3.0e-11 4.7e-11 5.9e-11 7.5e-11 9.0e-11 1.0e-10 1.1e-10 1.2e-10 1.2e-10 1.3e-10 1.3e-10 1.4e-10 1.6e-10
  349    27    24  1.1e-11 2.3e-11 3.5e-11 5.5e-11 7.1e-11 8.9e-11 1.1e-10 1.2e-10 1.3e-10 1.3e-10 1.4e-10 1.4e-10 1.5e-10 1.6e-10 1.8e-10
  350    27    25  1.3e-11 2.7e-11 4.2e-11 6.8e-11 8.7e-11 1.1e-10 1.4e-10 1.6e-10 1.7e-10 1.9e-10 1.9e-10 2.0e-10 2.1e-10 2.3e-10 2.6e-10
  351    27    26  1.6e-11 3.5e-11 5.6e-11 9.4e-11 1.3e-10 1.6e-10 2.2e-10 2.7e-10 3.0e-10 3.4e-10 3.8e-10 4.1e-10 4.3e-10 4.9e-10 5.7e-10
  352    28     1  6.4e-14 7.7e-14 8.1e-14 8.1e-14 7.6e-14 7.2e-14 7.0e-14 7.2e-14 7.2e-14 7.3e-14 7.7e-14 7.9e-14 7.8e-14 7.7e-14 8.1e-14
  353    28     2  1.9e-13 2.3e-13 2.5e-13 2.5e-13 2.3e-13 2.2e-13 2.1e-13 2.2e-13 2.2e-13 2.3e-13 2.4e-13 2.4e-13 2.4e-13 2.4e-13 2.5e-13
  354    28     3  3.3e-13 3.9e-13 4.2e-13 4.2e-13 4.0e-13 3.8e-13 3.7e-13 3.8e-13 3.9e-13 3.9e-13 4.1e-13 4.2e-13 4.1e-13 3.7e-13 3.5e-13
  355    28     4  4.7e-13 5.6e-13 6.0e-13 6.1e-13 5.8e-13 5.6e-13 5.5e-13 5.7e-13 5.8e-13 5.9e-13 6.1e-13 6.3e-13 6.3e-13 6.4e-13 6.8e-13
  356    28     5  6.2e-13 7.5e-13 8.0e-13 8.2e-13 7.9e-13 7.7e-13 7.7e-13 8.0e-13 8.1e-13 8.2e-13 8.6e-13 8.8e-13 8.8e-13 9.1e-13 9.8e-13
  357    28     6  7.8e-13 9.5e-13 1.0e-12 1.1e-12 1.0e-12 1.0e-12 1.0e-12 1.1e-12 1.1e-12 1.1e-12 1.2e-12 1.2e-12 1.2e-12 1.2e-12 1.3e-12
  358    28     7  9.5e-13 1.2e-12 1.3e-12 1.3e-12 1.3e-12 1.3e-12 1.3e-12 1.4e-12 1.5e-12 1.5e-12 1.5e-12 1.6e-12 1.6e-12 1.7e-12 1.8e-12
  359    28     8  1.0e-12 1.4e-12 1.5e-12 1.7e-12 1.7e-12 1.8e-12 1.9e-12 2.0e-12 2.1e-12 2.2e-12 2.2e-12 2.3e-12 2.3e-12 2.4e-12 2.6e-12
  360    28     9  1.5e-12 1.8e-12 2.0e-12 2.3e-12 2.4e-12 2.5e-12 2.6e-12 2.7e-12 2.8e-12 2.8e-12 2.9e-12 3.0e-12 3.0e-12 3.0e-12 3.3e-12
  361    28    10  2.2e-12 2.6e-12 2.8e-12 3.1e-12 3.3e-12 3.4e-12 3.5e-12 3.8e-12 4.0e-12 3.9e-12 4.0e-12 4.1e-12 4.0e-12 3.9e-12 4.0e-12
  362    28    11  2.7e-12 3.0e-12 3.3e-12 3.7e-12 3.9e-12 4.1e-12 4.6e-12 4.9e-12 4.9e-12 5.0e-12 5.2e-12 5.3e-12 5.3e-12 5.2e-12 5.5e-12
  363    28    12  2.5e-12 3.3e-12 3.7e-12 4.5e-12 5.0e-12 5.7e-12 6.4e-12 6.8e-12 7.2e-12 7.4e-12 7.4e-12 7.6e-12 7.6e-12 8.2e-12 9.2e-12
  364    28    13  3.1e-12 3.8e-12 4.5e-12 5.5e-12 6.2e-12 7.0e-12 7.9e-12 8.5e-12 8.6e-12 8.8e-12 8.9e-12 8.9e-12 8.8e-12 9.0e-12 9.7e-12
  365    28    14  3.5e-12 4.8e-12 5.8e-12 7.4e-12 8.5e-12 9.8e-12 1.1e-11 1.2e-11 1.2e-11 1.3e-11 1.3e-11 1.3e-11 1.3e-11 1.4e-11 1.5e-11
  366    28    15  3.8e-12 5.1e-12 6.3e-12 8.1e-12 9.5e-12 1.1e-11 1.3e-11 1.4e-11 1.4e-11 1.5e-11 1.5e-11 1.5e-11 1.5e-11 1.6e-11 1.7e-11
  367    28    16  4.5e-12 6.2e-12 7.5e-12 9.8e-12 1.2e-11 1.4e-11 1.6e-11 1.8e-11 1.9e-11 1.9e-11 2.0e-11 2.0e-11 2.0e-11 2.2e-11 2.5e-11
  368    28    17  4.3e-12 6.1e-12 7.7e-12 1.0e-11 1.3e-11 1.5e-11 1.8e-11 2.0e-11 2.1e-11 2.2e-11 2.2e-11 2.2e-11 2.2e-11 2.4e-11 2.7e-11
  369    28    18  5.0e-12 7.6e-12 9.8e-12 1.4e-11 1.7e-11 2.0e-11 2.4e-11 2.6e-11 2.8e-11 2.8e-11 2.9e-11 3.0e-11 3.1e-11 3.4e-11 4.0e-11
  370    28    19  5.3e-12 8.7e-12 1.2e-11 1.7e-11 2.0e-11 2.4e-11 2.9e-11 3.0e-11 3.2e-11 3.2e-11 3.3e-11 3.4e-11 3.4e-11 3.8e-11 4.4e-11
  371    28    20  7.2e-12 1.2e-11 1.6e-11 2.3e-11 2.8e-11 3.4e-11 3.9e-11 4.1e-11 4.3e-11 4.3e-11 4.3e-11 4.2e-11 4.3e-11 4.6e-11 5.2e-11
  372    28    21  7.0e-12 1.2e-11 1.7e-11 2.6e-11 3.2e-11 3.9e-11 4.5e-11 4.7e-11 5.0e-11 5.0e-11 5.0e-11 5.0e-11 5.1e-11 5.5e-11 6.2e-11
  373    28    22  7.8e-12 1.4e-11 2.0e-11 3.0e-11 3.9e-11 5.0e-11 6.0e-11 6.5e-11 6.9e-11 7.2e-11 7.1e-11 7.2e-11 7.4e-11 8.3e-11 9.6e-11
  374    28    23  7.4e-12 1.4e-11 2.1e-11 3.3e-11 4.3e-11 5.4e-11 6.6e-11 7.3e-11 7.6e-11 7.8e-11 8.0e-11 8.2e-11 8.3e-11 9.0e-11 1.0e-10
  375    28    24  9.0e-12 1.8e-11 2.6e-11 4.3e-11 5.4e-11 7.0e-11 8.6e-11 9.7e-11 1.1e-10 1.1e-10 1.2e-10 1.2e-10 1.3e-10 1.4e-10 1.6e-10
  376    28    25  9.7e-12 2.0e-11 3.1e-11 5.0e-11 6.6e-11 8.4e-11 1.0e-10 1.2e-10 1.2e-10 1.3e-10 1.4e-10 1.4e-10 1.4e-10 1.6e-10 1.8e-10
  377    28    26  1.2e-11 2.4e-11 3.7e-11 6.2e-11 8.1e-11 1.1e-10 1.3e-10 1.5e-10 1.7e-10 1.8e-10 1.9e-10 2.0e-10 2.0e-10 2.2e-10 2.5e-10
  378    28    27  1.4e-11 3.1e-11 5.0e-11 8.6e-11 1.2e-10 1.5e-10 2.1e-10 2.6e-10 2.9e-10 3.3e-10 3.7e-10 4.0e-10 4.2e-10 4.8e-10 5.6e-10
  379    29     1  4.8e-14 5.9e-14 6.2e-14 6.2e-14 5.8e-14 5.5e-14 5.3e-14 5.5e-14 5.5e-14 5.6e-14 5.9e-14 6.1e-14 6.1e-14 5.9e-14 6.1e-14
  380    29     2  1.4e-13 1.8e-13 1.9e-13 1.9e-13 1.8e-13 1.7e-13 1.6e-13 1.7e-13 1.7e-13 1.7e-13 1.8e-13 1.9e-13 1.9e-13 1.8e-13 1.9e-13
  381    29     3  2.5e-13 3.0e-13 3.2e-13 3.2e-13 3.1e-13 2.9e-13 2.8e-13 2.9e-13 3.0e-13 3.0e-13 3.2e-13 3.3e-13 3.3e-13 3.2e-13 3.4e-13
  382    29     4  3.5e-13 4.3e-13 4.6e-13 4.7e-13 4.5e-13 4.2e-13 4.2e-13 4.4e-13 4.4e-13 4.5e-13 4.7e-13 4.9e-13 4.7e-13 4.3e-13 4.1e-13
  383    29     5  4.7e-13 5.7e-13 6.1e-13 6.3e-13 6.1e-13 5.8e-13 5.8e-13 6.1e-13 6.2e-13 6.3e-13 6.6e-13 6.8e-13 6.8e-13 6.9e-13 7.3e-13
  384    29     6  5.9e-13 7.3e-13 7.8e-13 8.1e-13 7.9e-13 7.7e-13 7.8e-13 8.2e-13 8.4e-13 8.5e-13 8.9e-13 9.2e-13 9.2e-13 9.5e-13 1.0e-12
  385    29     7  7.3e-13 9.0e-13 9.7e-13 1.0e-12 1.0e-12 1.0e-12 1.0e-12 1.1e-12 1.1e-12 1.1e-12 1.2e-12 1.2e-12 1.2e-12 1.3e-12 1.4e-12
  386    29     8  8.7e-13 1.1e-12 1.2e-12 1.3e-12 1.3e-12 1.3e-12 1.3e-12 1.4e-12 1.5e-12 1.5e-12 1.6e-12 1.6e-12 1.6e-12 1.7e-12 1.8e-12
  387    29     9  9.5e-13 1.3e-12 1.4e-12 1.6e-12 1.6e-12 1.7e-12 1.8e-12 2.0e-12 2.1e-12 2.2e-12 2.3e-12 2.3e-12 2.3e-12 2.4e-12 2.6e-12
  388    29    10  1.3e-12 1.7e-12 1.9e-12 2.1e-12 2.3e-12 2.4e-12 2.6e-12 2.7e-12 2.7e-12 2.8e-12 2.9e-12 3.0e-12 3.0e-12 3.0e-12 3.2e-12
  389    29    11  1.9e-12 2.4e-12 2.6e-12 2.9e-12 3.1e-12 3.2e-12 3.4e-12 3.7e-12 3.9e-12 3.9e-12 4.0e-12 4.1e-12 4.0e-12 3.9e-12 3.9e-12
  390    29    12  2.4e-12 2.7e-12 3.0e-12 3.4e-12 3.7e-12 3.9e-12 4.4e-12 4.8e-12 4.8e-12 5.0e-12 5.2e-12 5.3e-12 5.2e-12 5.2e-12 5.4e-12
  391    29    13  2.3e-12 3.0e-12 3.4e-12 4.2e-12 4.7e-12 5.4e-12 6.2e-12 6.6e-12 7.1e-12 7.3e-12 7.3e-12 7.5e-12 7.6e-12 8.1e-12 9.1e-12
  392    29    14  2.8e-12 3.4e-12 4.1e-12 5.1e-12 5.9e-12 6.7e-12 7.7e-12 8.3e-12 8.5e-12 8.7e-12 8.8e-12 8.8e-12 8.8e-12 8.9e-12 9.5e-12
  393    29    15  3.2e-12 4.4e-12 5.3e-12 6.9e-12 8.0e-12 9.3e-12 1.1e-11 1.2e-11 1.2e-11 1.2e-11 1.2e-11 1.3e-11 1.3e-11 1.3e-11 1.5e-11
  394    29    16  3.4e-12 4.6e-12 5.7e-12 7.4e-12 8.9e-12 1.0e-11 1.2e-11 1.3e-11 1.4e-11 1.4e-11 1.5e-11 1.4e-11 1.5e-11 1.5e-11 1.7e-11
  395    29    17  4.0e-12 5.6e-12 6.8e-12 9.1e-12 1.1e-11 1.3e-11 1.6e-11 1.7e-11 1.8e-11 1.9e-11 1.9e-11 2.0e-11 2.0e-11 2.2e-11 2.5e-11
  396    29    18  3.8e-12 5.4e-12 7.0e-12 9.6e-12 1.2e-11 1.5e-11 1.8e-11 1.9e-11 2.1e-11 2.1e-11 2.1e-11 2.2e-11 2.2e-11 2.3e-11 2.7e-11
  397    29    19  4.4e-12 6.8e-12 8.9e-12 1.3e-11 1.5e-11 1.9e-11 2.3e-11 2.5e-11 2.7e-11 2.8e-11 2.9e-11 2.9e-11 3.0e-11 3.3e-11 3.9e-11
  398    29    20  4.7e-12 7.7e-12 1.1e-11 1.5e-11 1.9e-11 2.3e-11 2.8e-11 2.9e-11 3.1e-11 3.2e-11 3.2e-11 3.3e-11 3.4e-11 3.7e-11 4.3e-11
  399    29    21  6.3e-12 1.1e-11 1.5e-11 2.1e-11 2.6e-11 3.2e-11 3.7e-11 3.9e-11 4.1e-11 4.2e-11 4.2e-11 4.1e-11 4.2e-11 4.5e-11 5.1e-11
  400    29    22  6.1e-12 1.1e-11 1.6e-11 2.4e-11 3.0e-11 3.7e-11 4.3e-11 4.6e-11 4.8e-11 4.9e-11 4.9e-11 4.9e-11 5.0e-11 5.3e-11 6.0e-11
  401    29    23  6.8e-12 1.2e-11 1.8e-11 2.7e-11 3.6e-11 4.7e-11 5.8e-11 6.3e-11 6.7e-11 7.0e-11 6.9e-11 7.1e-11 7.3e-11 8.1e-11 9.4e-11
  402    29    24  6.5e-12 1.3e-11 1.9e-11 3.0e-11 4.0e-11 5.1e-11 6.3e-11 7.0e-11 7.3e-11 7.6e-11 7.9e-11 8.1e-11 8.1e-11 8.7e-11 9.8e-11
  403    29    25  7.9e-12 1.6e-11 2.4e-11 3.9e-11 5.0e-11 6.6e-11 8.2e-11 9.3e-11 1.0e-10 1.1e-10 1.2e-10 1.2e-10 1.2e-10 1.3e-10 1.5e-10
  404    29    26  8.5e-12 1.8e-11 2.8e-11 4.6e-11 6.1e-11 7.9e-11 9.9e-11 1.1e-10 1.2e-10 1.3e-10 1.3e-10 1.4e-10 1.4e-10 1.5e-10 1.7e-10
  405    29    27  1.0e-11 2.2e-11 3.4e-11 5.7e-11 7.5e-11 9.9e-11 1.3e-10 1.5e-10 1.6e-10 1.7e-10 1.8e-10 1.9e-10 2.0e-10 2.2e-10 2.5e-10
  406    29    28  1.2e-11 2.8e-11 4.5e-11 7.9e-11 1.1e-10 1.4e-10 2.0e-10 2.5e-10 2.8e-10 3.2e-10 3.6e-10 3.9e-10 4.1e-10 4.7e-10 5.4e-10
  407    30     1  3.6e-14 4.5e-14 4.7e-14 4.7e-14 4.5e-14 4.1e-14 4.0e-14 4.2e-14 4.2e-14 4.3e-14 4.6e-14 4.8e-14 4.7e-14 4.6e-14 4.6e-14
  408    30     2  1.1e-13 1.4e-13 1.4e-13 1.4e-13 1.4e-13 1.3e-13 1.2e-13 1.3e-13 1.3e-13 1.3e-13 1.4e-13 1.5e-13 1.4e-13 1.4e-13 1.4e-13
  409    30     3  1.8e-13 2.3e-13 2.4e-13 2.5e-13 2.3e-13 2.2e-13 2.1e-13 2.2e-13 2.3e-13 2.3e-13 2.5e-13 2.5e-13 2.5e-13 2.5e-13 2.5e-13
  410    30     4  2.7e-13 3.3e-13 3.5e-13 3.6e-13 3.4e-13 3.2e-13 3.2e-13 3.3e-13 3.4e-13 3.5e-13 3.7e-13 3.8e-13 3.8e-13 3.7e-13 3.9e-13
  411    30     5  3.5e-13 4.4e-13 4.7e-13 4.8e-13 4.6e-13 4.4e-13 4.4e-13 4.7e-13 4.7e-13 4.9e-13 5.1e-13 5.3e-13 5.1e-13 4.6e-13 4.4e-13
  412    30     6  4.5e-13 5.6e-13 6.0e-13 6.2e-13 6.1e-13 5.9e-13 6.0e-13 6.3e-13 6.4e-13 6.6e-13 6.9e-13 7.2e-13 7.1e-13 7.2e-13 7.6e-13
  413    30     7  5.5e-13 6.9e-13 7.5e-13 7.9e-13 7.8e-13 7.7e-13 7.8e-13 8.3e-13 8.5e-13 8.7e-13 9.2e-13 9.5e-13 9.5e-13 9.7e-13 1.0e-12
  414    30     8  6.7e-13 8.4e-13 9.2e-13 9.8e-13 9.8e-13 9.8e-13 1.0e-12 1.1e-12 1.1e-12 1.1e-12 1.2e-12 1.2e-12 1.2e-12 1.3e-12 1.4e-12
  415    30     9  8.0e-13 1.0e-12 1.1e-12 1.2e-12 1.2e-12 1.2e-12 1.3e-12 1.4e-12 1.5e-12 1.5e-12 1.6e-12 1.6e-12 1.6e-12 1.7e-12 1.8e-12
  416    30    10  8.6e-13 1.1e-12 1.3e-12 1.5e-12 1.5e-12 1.6e-12 1.8e-12 1.9e-12 2.1e-12 2.2e-12 2.3e-12 2.3e-12 2.4e-12 2.4e-12 2.6e-12
  417    30    11  1.2e-12 1.5e-12 1.7e-12 2.0e-12 2.2e-12 2.3e-12 2.5e-12 2.6e-12 2.7e-12 2.8e-12 2.9e-12 3.0e-12 3.0e-12 3.0e-12 3.2e-12
  418    30    12  1.8e-12 2.1e-12 2.4e-12 2.7e-12 2.9e-12 3.1e-12 3.3e-12 3.7e-12 3.9e-12 3.8e-12 4.0e-12 4.1e-12 4.0e-12 3.8e-12 3.9e-12
  419    30    13  2.2e-12 2.5e-12 2.8e-12 3.2e-12 3.5e-12 3.8e-12 4.3e-12 4.7e-12 4.7e-12 4.9e-12 5.1e-12 5.3e-12 5.2e-12 5.1e-12 5.3e-12
  420    30    14  2.0e-12 2.7e-12 3.1e-12 3.9e-12 4.4e-12 5.2e-12 6.0e-12 6.5e-12 6.9e-12 7.2e-12 7.3e-12 7.5e-12 7.5e-12 8.0e-12 8.9e-12
  421    30    15  2.5e-12 3.1e-12 3.7e-12 4.8e-12 5.5e-12 6.4e-12 7.4e-12 8.0e-12 8.3e-12 8.5e-12 8.7e-12 8.7e-12 8.7e-12 8.8e-12 9.3e-12
  422    30    16  2.8e-12 3.9e-12 4.8e-12 6.3e-12 7.5e-12 8.9e-12 1.0e-11 1.1e-11 1.2e-11 1.2e-11 1.2e-11 1.2e-11 1.3e-11 1.3e-11 1.5e-11
  423    30    17  3.0e-12 4.1e-12 5.2e-12 6.9e-12 8.3e-12 9.9e-12 1.2e-11 1.3e-11 1.4e-11 1.4e-11 1.4e-11 1.4e-11 1.4e-11 1.5e-11 1.7e-11
  424    30    18  3.5e-12 5.0e-12 6.2e-12 8.4e-12 1.0e-11 1.3e-11 1.5e-11 1.7e-11 1.8e-11 1.8e-11 1.9e-11 2.0e-11 2.0e-11 2.1e-11 2.4e-11
  425    30    19  3.4e-12 4.9e-12 6.3e-12 8.9e-12 1.1e-11 1.4e-11 1.7e-11 1.9e-11 2.0e-11 2.1e-11 2.1e-11 2.1e-11 2.1e-11 2.3e-11 2.6e-11
  426    30    20  3.9e-12 6.1e-12 8.1e-12 1.2e-11 1.4e-11 1.8e-11 2.2e-11 2.4e-11 2.6e-11 2.7e-11 2.8e-11 2.9e-11 3.0e-11 3.3e-11 3.8e-11
  427    30    21  4.1e-12 6.9e-12 9.6e-12 1.4e-11 1.8e-11 2.2e-11 2.7e-11 2.8e-11 3.0e-11 3.1e-11 3.2e-11 3.2e-11 3.3e-11 3.6e-11 4.2e-11
  428    30    22  5.6e-12 9.7e-12 1.3e-11 2.0e-11 2.5e-11 3.0e-11 3.6e-11 3.8e-11 4.0e-11 4.1e-11 4.1e-11 4.1e-11 4.1e-11 4.4e-11 4.9e-11
  429    30    23  5.4e-12 9.8e-12 1.4e-11 2.2e-11 2.8e-11 3.5e-11 4.1e-11 4.4e-11 4.7e-11 4.8e-11 4.8e-11 4.8e-11 4.9e-11 5.2e-11 5.9e-11
  430    30    24  6.0e-12 1.1e-11 1.6e-11 2.5e-11 3.4e-11 4.4e-11 5.5e-11 6.0e-11 6.4e-11 6.8e-11 6.8e-11 6.9e-11 7.1e-11 7.9e-11 9.1e-11
  431    30    25  5.7e-12 1.1e-11 1.7e-11 2.8e-11 3.7e-11 4.8e-11 6.0e-11 6.7e-11 7.1e-11 7.4e-11 7.7e-11 7.9e-11 8.0e-11 8.5e-11 9.5e-11
  432    30    26  7.0e-12 1.4e-11 2.2e-11 3.6e-11 4.7e-11 6.2e-11 7.8e-11 9.0e-11 1.0e-10 1.1e-10 1.1e-10 1.2e-10 1.2e-10 1.3e-10 1.5e-10
  433    30    27  7.5e-12 1.6e-11 2.5e-11 4.2e-11 5.7e-11 7.4e-11 9.4e-11 1.1e-10 1.2e-10 1.2e-10 1.3e-10 1.3e-10 1.4e-10 1.5e-10 1.7e-10
  434    30    28  8.9e-12 1.9e-11 3.0e-11 5.2e-11 6.9e-11 9.3e-11 1.2e-10 1.4e-10 1.6e-10 1.7e-10 1.8e-10 1.9e-10 2.0e-10 2.1e-10 2.4e-10
  435    30    29  1.0e-11 2.5e-11 4.1e-11 7.2e-11 1.0e-10 1.3e-10 1.9e-10 2.4e-10 2.7e-10 3.1e-10 3.5e-10 3.8e-10 4.0e-10 4.6e-10 5.3e-10
  436    31     1  2.7e-14 3.4e-14 3.6e-14 3.6e-14 3.4e-14 3.1e-14 3.1e-14 3.2e-14 3.3e-14 3.3e-14 3.5e-14 3.7e-14 3.6e-14 3.5e-14 3.5e-14
  437    31     2  8.2e-14 1.0e-13 1.1e-13 1.1e-13 1.0e-13 9.6e-14 9.4e-14 9.8e-14 1.0e-13 1.0e-13 1.1e-13 1.1e-13 1.1e-13 1.1e-13 1.1e-13
  438    31     3  1.4e-13 1.8e-13 1.9e-13 1.9e-13 1.8e-13 1.7e-13 1.6e-13 1.7e-13 1.7e-13 1.8e-13 1.9e-13 2.0e-13 1.9e-13 1.9e-13 1.9e-13
  439    31     4  2.0e-13 2.5e-13 2.7e-13 2.7e-13 2.6e-13 2.5e-13 2.4e-13 2.6e-13 2.6e-13 2.7e-13 2.8e-13 3.0e-13 2.9e-13 2.9e-13 2.9e-13
  440    31     5  2.7e-13 3.3e-13 3.6e-13 3.7e-13 3.6e-13 3.4e-13 3.4e-13 3.6e-13 3.6e-13 3.7e-13 4.0e-13 4.1e-13 4.1e-13 4.0e-13 4.2e-13
  441    31     6  3.4e-13 4.3e-13 4.6e-13 4.8e-13 4.7e-13 4.5e-13 4.5e-13 4.8e-13 4.9e-13 5.0e-13 5.3e-13 5.5e-13 5.4e-13 4.8e-13 4.5e-13
  442    31     7  4.2e-13 5.3e-13 5.8e-13 6.1e-13 5.9e-13 5.8e-13 6.0e-13 6.3e-13 6.5e-13 6.7e-13 7.1e-13 7.3e-13 7.3e-13 7.4e-13 7.8e-13
  443    31     8  5.1e-13 6.4e-13 7.1e-13 7.5e-13 7.5e-13 7.5e-13 7.8e-13 8.3e-13 8.5e-13 8.8e-13 9.3e-13 9.6e-13 9.6e-13 9.8e-13 1.0e-12
  444    31     9  6.1e-13 7.8e-13 8.5e-13 9.3e-13 9.4e-13 9.5e-13 1.0e-12 1.1e-12 1.1e-12 1.1e-12 1.2e-12 1.2e-12 1.3e-12 1.3e-12 1.4e-12
  445    31    10  7.2e-13 9.2e-13 1.0e-12 1.1e-12 1.2e-12 1.2e-12 1.3e-12 1.4e-12 1.4e-12 1.5e-12 1.6e-12 1.6e-12 1.6e-12 1.7e-12 1.8e-12
  446    31    11  7.7e-13 1.0e-12 1.2e-12 1.4e-12 1.5e-12 1.6e-12 1.8e-12 1.9e-12 2.0e-12 2.1e-12 2.3e-12 2.3e-12 2.4e-12 2.4e-12 2.6e-12
  447    31    12  1.1e-12 1.4e-12 1.6e-12 1.9e-12 2.1e-12 2.2e-12 2.4e-12 2.6e-12 2.7e-12 2.8e-12 2.9e-12 3.0e-12 3.0e-12 3.0e-12 3.2e-12
  448    31    13  1.6e-12 2.0e-12 2.2e-12 2.5e-12 2.7e-12 3.0e-12 3.2e-12 3.6e-12 3.8e-12 3.8e-12 4.0e-12 4.0e-12 3.9e-12 3.8e-12 3.8e-12
  449    31    14  2.0e-12 2.2e-12 2.6e-12 3.0e-12 3.3e-12 3.6e-12 4.1e-12 4.5e-12 4.6e-12 4.8e-12 5.1e-12 5.2e-12 5.2e-12 5.1e-12 5.2e-12
  450    31    15  1.8e-12 2.4e-12 2.9e-12 3.6e-12 4.2e-12 4.9e-12 5.8e-12 6.3e-12 6.8e-12 7.1e-12 7.2e-12 7.4e-12 7.5e-12 7.9e-12 8.8e-12
  451    31    16  2.2e-12 2.8e-12 3.4e-12 4.4e-12 5.2e-12 6.1e-12 7.1e-12 7.8e-12 8.1e-12 8.4e-12 8.5e-12 8.6e-12 8.6e-12 8.6e-12 9.2e-12
  452    31    17  2.5e-12 3.6e-12 4.4e-12 5.9e-12 7.0e-12 8.4e-12 9.9e-12 1.1e-11 1.1e-11 1.2e-11 1.2e-11 1.2e-11 1.2e-11 1.3e-11 1.5e-11
  453    31    18  2.7e-12 3.7e-12 4.7e-12 6.4e-12 7.8e-12 9.4e-12 1.1e-11 1.3e-11 1.3e-11 1.4e-11 1.4e-11 1.4e-11 1.4e-11 1.5e-11 1.6e-11
  454    31    19  3.1e-12 4.5e-12 5.6e-12 7.7e-12 9.5e-12 1.2e-11 1.5e-11 1.6e-11 1.7e-11 1.8e-11 1.9e-11 1.9e-11 1.9e-11 2.1e-11 2.4e-11
  455    31    20  3.0e-12 4.4e-12 5.7e-12 8.2e-12 1.0e-11 1.3e-11 1.6e-11 1.8e-11 1.9e-11 2.0e-11 2.1e-11 2.1e-11 2.1e-11 2.2e-11 2.5e-11
  456    31    21  3.5e-12 5.5e-12 7.3e-12 1.1e-11 1.3e-11 1.7e-11 2.1e-11 2.3e-11 2.5e-11 2.6e-11 2.7e-11 2.8e-11 2.9e-11 3.2e-11 3.7e-11
  457    31    22  3.7e-12 6.2e-12 8.7e-12 1.3e-11 1.7e-11 2.1e-11 2.5e-11 2.7e-11 2.9e-11 3.0e-11 3.1e-11 3.2e-11 3.2e-11 3.5e-11 4.1e-11
  458    31    23  5.0e-12 8.7e-12 1.2e-11 1.8e-11 2.3e-11 2.9e-11 3.4e-11 3.7e-11 3.9e-11 4.0e-11 4.0e-11 4.0e-11 4.0e-11 4.3e-11 4.8e-11
  459    31    24  4.8e-12 8.8e-12 1.3e-11 2.0e-11 2.6e-11 3.3e-11 3.9e-11 4.3e-11 4.5e-11 4.7e-11 4.7e-11 4.7e-11 4.8e-11 5.1e-11 5.7e-11
  460    31    25  5.3e-12 9.9e-12 1.4e-11 2.3e-11 3.1e-11 4.1e-11 5.2e-11 5.8e-11 6.3e-11 6.6e-11 6.6e-11 6.8e-11 6.9e-11 7.7e-11 8.9e-11
  461    31    26  5.0e-12 1.0e-11 1.5e-11 2.5e-11 3.5e-11 4.5e-11 5.7e-11 6.5e-11 6.9e-11 7.2e-11 7.5e-11 7.7e-11 7.8e-11 8.3e-11 9.3e-11
  462    31    27  6.2e-12 1.3e-11 2.0e-11 3.3e-11 4.3e-11 5.8e-11 7.4e-11 8.6e-11 9.7e-11 1.0e-10 1.1e-10 1.2e-10 1.2e-10 1.3e-10 1.5e-10
  463    31    28  6.6e-12 1.5e-11 2.3e-11 3.9e-11 5.3e-11 6.9e-11 9.0e-11 1.0e-10 1.1e-10 1.2e-10 1.3e-10 1.3e-10 1.3e-10 1.4e-10 1.6e-10
  464    31    29  7.8e-12 1.7e-11 2.7e-11 4.8e-11 6.4e-11 8.7e-11 1.2e-10 1.3e-10 1.5e-10 1.6e-10 1.7e-10 1.9e-10 1.9e-10 2.1e-10 2.3e-10
  465    31    30  9.3e-12 2.2e-11 3.7e-11 6.6e-11 9.3e-11 1.3e-10 1.8e-10 2.3e-10 2.7e-10 3.0e-10 3.4e-10 3.7e-10 3.9e-10 4.5e-10 5.2e-10
!NOTES:
!Energy levels, transition frequencies and Einstein A coefficients from CDMS.
