!MOLECULE
HNC                                  
!MOLECULAR WEIGHT
27.
! NUMBER OF ENERGY LEVELS
26
!LEVEL + ENERGIES(cm^-1) + WEIGHT + J
    1     0.000000000   1.0   00
    2     3.024211103   3.0   01
    3     9.072542884   5.0   02
    4    18.144914354   7.0   03
    5    30.240944891   9.0   04
    6    45.360357141  11.0   05
    7    63.502869548  13.0   06
    8    84.667802957  15.0   07
    9   108.854777412  17.0   08
   10   136.063112092  19.0   09
   11   166.292027874  21.0   10
   12   199.540845971  23.0   11
   13   235.808485493  25.0   12
   14   275.094167170  27.0   13
   15   317.396811392  29.0   14
   16   362.715238608  31.0   15
   17   411.048269326  33.0   16
   18   462.394724109  35.0   17
   19   516.753123583  37.0   18
   20   574.122088445  39.0   19
   21   634.500139467  41.0   20
   22   697.885697486  43.0   21
   23   764.276983533  45.0   22
   24   833.672218317  47.0   23
   25   906.069823226  49.0   24
   26   981.467619357  51.0   25
! NUMBER OF RADIATIVE TRANSITIONS
25
!TRANS + UP + LOW + EINSTEINA(s^-1) + FREQ(GHz) + E_u(K)
     1     2     1  2.690E-05          90.66356800     4.35          3.02421  1.0
     2     3     2  2.582E-04         181.32475800    13.05          6.04834  1.0
     3     4     3  9.336E-04         271.98114200    26.11          9.07231  1.0
     4     5     4  2.295E-03         362.63030300    43.51         12.09604  1.0
     5     6     5  4.584E-03         453.26992200    65.26         15.11946  1.0
     6     7     6  8.041E-03         543.89755400    91.37         18.14247  1.0
     7     8     7  1.291E-02         634.51082600   121.82         21.16500  1.0
     8     9     8  1.943E-02         725.10734100   156.62         24.18698  1.0
     9    10     9  2.783E-02         815.68467600   195.76         27.20831  1.0
    10    11    10  3.837E-02         906.24045900   239.26         30.22893  1.0
    11    12    11  5.129E-02         996.77232800   287.09         33.24875  1.0
    12    13    12  6.680E-02        1087.27785800   339.28         36.26769  1.0
    13    14    13  8.516E-02        1177.75467250   395.80         39.28567  1.0
    14    15    14  1.066E-01        1268.20038490   456.66         42.30261  1.0
    15    16    15  1.314E-01        1358.61261030   521.87         45.31844  1.0
    16    17    16  1.597E-01        1448.98896560   591.41         48.33307  1.0
    17    18    17  1.918E-01        1539.32706930   665.28         51.34642  1.0
    18    19    18  2.280E-01        1629.62454190   743.49         54.35842  1.0
    19    20    19  2.684E-01        1719.87900590   826.03         57.36899  1.0
    20    21    20  3.133E-01        1810.08808610   912.90         60.37804  1.0
    21    22    21  3.629E-01        1900.24940930  1004.10         63.38550  1.0
    22    23    22  4.174E-01        1990.36060800  1099.62         66.39128  1.0
    23    24    23  4.771E-01        2080.41930520  1199.47         69.39532  1.0
    24    25    24  5.422E-01        2170.42314410  1303.63         72.39752  1.0
    25    26    25  6.130E-01        2260.36975930  1412.11         75.39782  1.0
!NUMBER OF COLL PARTNERS
1
!COLLISIONS BETWEEN
1 HNC-H2: scaled (*1.363) HNC-He rates from Dumouchel et al. (2010)
!NUMBER OF COLL TRANS
325
!NUMBER OF COLL TEMPS
 25
! COLLISION TEMPERATURES
     5.0    10.0    20.0    30.0    40.0    50.0    60.0    70.0    80.0    90.0   100.0   120.0   140.0   160.0   180.0   200.0   220.0   240.0   260.0   280.0   300.0   350.0   400.0   450.0   500.0
! TRANS + UP + LOW + RATE COEFFS(cm^3 s^-1)
    1   2   1  9.75E-11  9.71E-11  8.95E-11  8.36E-11  7.93E-11  7.58E-11  7.30E-11  7.07E-11  6.86E-11  6.69E-11  6.53E-11  6.27E-11  6.05E-11  5.87E-11  5.72E-11  5.59E-11  5.47E-11  5.37E-11  5.29E-11  5.21E-11  5.14E-11  5.00E-11  4.88E-11  4.79E-11  4.72E-11
    2   3   1  2.20E-11  2.42E-11  2.38E-11  2.28E-11  2.21E-11  2.17E-11  2.14E-11  2.13E-11  2.14E-11  2.15E-11  2.16E-11  2.21E-11  2.26E-11  2.31E-11  2.36E-11  2.41E-11  2.46E-11  2.50E-11  2.55E-11  2.59E-11  2.63E-11  2.73E-11  2.81E-11  2.90E-11  2.97E-11
    3   3   2  1.15E-10  1.26E-10  1.21E-10  1.15E-10  1.11E-10  1.08E-10  1.05E-10  1.03E-10  1.02E-10  1.00E-10  9.90E-11  9.69E-11  9.52E-11  9.37E-11  9.24E-11  9.13E-11  9.03E-11  8.95E-11  8.87E-11  8.80E-11  8.73E-11  8.60E-11  8.49E-11  8.41E-11  8.34E-11
    4   4   1  5.44E-12  6.95E-12  8.02E-12  8.83E-12  9.61E-12  1.03E-11  1.09E-11  1.15E-11  1.20E-11  1.24E-11  1.27E-11  1.32E-11  1.37E-11  1.40E-11  1.42E-11  1.44E-11  1.46E-11  1.47E-11  1.48E-11  1.49E-11  1.49E-11  1.51E-11  1.52E-11  1.52E-11  1.53E-11
    5   4   2  2.77E-11  3.31E-11  3.49E-11  3.45E-11  3.40E-11  3.37E-11  3.36E-11  3.36E-11  3.38E-11  3.40E-11  3.44E-11  3.53E-11  3.62E-11  3.72E-11  3.82E-11  3.92E-11  4.01E-11  4.10E-11  4.19E-11  4.28E-11  4.36E-11  4.55E-11  4.72E-11  4.89E-11  5.04E-11
    6   4   3  9.83E-11  1.16E-10  1.18E-10  1.15E-10  1.13E-10  1.11E-10  1.10E-10  1.09E-10  1.08E-10  1.07E-10  1.07E-10  1.06E-10  1.05E-10  1.04E-10  1.04E-10  1.03E-10  1.03E-10  1.02E-10  1.02E-10  1.02E-10  1.01E-10  1.01E-10  1.00E-10  9.99E-11  9.96E-11
    7   5   1  2.83E-12  3.11E-12  3.35E-12  3.43E-12  3.46E-12  3.48E-12  3.49E-12  3.52E-12  3.55E-12  3.60E-12  3.66E-12  3.81E-12  3.98E-12  4.18E-12  4.38E-12  4.59E-12  4.79E-12  4.99E-12  5.18E-12  5.36E-12  5.54E-12  5.96E-12  6.33E-12  6.68E-12  6.99E-12
    8   5   2  1.28E-11  1.42E-11  1.60E-11  1.76E-11  1.92E-11  2.07E-11  2.20E-11  2.33E-11  2.44E-11  2.53E-11  2.62E-11  2.77E-11  2.88E-11  2.98E-11  3.06E-11  3.12E-11  3.17E-11  3.22E-11  3.26E-11  3.29E-11  3.32E-11  3.38E-11  3.43E-11  3.46E-11  3.49E-11
    9   5   3  3.44E-11  3.59E-11  3.58E-11  3.54E-11  3.52E-11  3.54E-11  3.56E-11  3.61E-11  3.66E-11  3.72E-11  3.78E-11  3.91E-11  4.04E-11  4.17E-11  4.30E-11  4.42E-11  4.54E-11  4.65E-11  4.76E-11  4.86E-11  4.97E-11  5.20E-11  5.42E-11  5.62E-11  5.80E-11
   10   5   4  9.81E-11  1.12E-10  1.15E-10  1.13E-10  1.12E-10  1.10E-10  1.09E-10  1.09E-10  1.08E-10  1.08E-10  1.08E-10  1.07E-10  1.07E-10  1.07E-10  1.07E-10  1.07E-10  1.07E-10  1.07E-10  1.07E-10  1.07E-10  1.07E-10  1.07E-10  1.07E-10  1.07E-10  1.08E-10
   11   6   1  1.84E-12  1.93E-12  2.19E-12  2.54E-12  2.93E-12  3.34E-12  3.73E-12  4.11E-12  4.46E-12  4.79E-12  5.09E-12  5.62E-12  6.06E-12  6.43E-12  6.74E-12  7.01E-12  7.24E-12  7.43E-12  7.61E-12  7.76E-12  7.89E-12  8.16E-12  8.37E-12  8.54E-12  8.67E-12
   12   6   2  6.44E-12  6.34E-12  6.32E-12  6.38E-12  6.46E-12  6.54E-12  6.63E-12  6.73E-12  6.84E-12  6.97E-12  7.12E-12  7.44E-12  7.81E-12  8.20E-12  8.61E-12  9.02E-12  9.44E-12  9.84E-12  1.02E-11  1.06E-11  1.10E-11  1.19E-11  1.27E-11  1.34E-11  1.41E-11
   13   6   3  2.20E-11  2.22E-11  2.31E-11  2.43E-11  2.58E-11  2.72E-11  2.86E-11  2.99E-11  3.11E-11  3.23E-11  3.33E-11  3.51E-11  3.66E-11  3.79E-11  3.90E-11  3.99E-11  4.07E-11  4.15E-11  4.21E-11  4.27E-11  4.32E-11  4.42E-11  4.51E-11  4.57E-11  4.63E-11
   14   6   4  4.10E-11  4.07E-11  3.81E-11  3.66E-11  3.60E-11  3.60E-11  3.63E-11  3.69E-11  3.75E-11  3.82E-11  3.90E-11  4.06E-11  4.22E-11  4.37E-11  4.52E-11  4.66E-11  4.79E-11  4.92E-11  5.05E-11  5.16E-11  5.28E-11  5.54E-11  5.78E-11  6.00E-11  6.20E-11
   15   6   5  1.01E-10  1.11E-10  1.14E-10  1.12E-10  1.10E-10  1.09E-10  1.08E-10  1.08E-10  1.07E-10  1.07E-10  1.07E-10  1.07E-10  1.07E-10  1.07E-10  1.07E-10  1.07E-10  1.08E-10  1.08E-10  1.08E-10  1.08E-10  1.08E-10  1.09E-10  1.10E-10  1.10E-10  1.11E-10
   16   7   1  9.75E-13  9.65E-13  9.86E-13  1.04E-12  1.10E-12  1.16E-12  1.21E-12  1.25E-12  1.29E-12  1.33E-12  1.36E-12  1.42E-12  1.49E-12  1.56E-12  1.63E-12  1.71E-12  1.79E-12  1.87E-12  1.95E-12  2.03E-12  2.11E-12  2.30E-12  2.48E-12  2.64E-12  2.80E-12
   17   7   2  4.58E-12  4.64E-12  5.02E-12  5.63E-12  6.37E-12  7.16E-12  7.97E-12  8.76E-12  9.52E-12  1.02E-11  1.09E-11  1.22E-11  1.32E-11  1.42E-11  1.50E-11  1.57E-11  1.63E-11  1.69E-11  1.74E-11  1.78E-11  1.82E-11  1.90E-11  1.97E-11  2.02E-11  2.07E-11
   18   7   3  9.13E-12  8.80E-12  8.29E-12  8.06E-12  7.99E-12  8.01E-12  8.08E-12  8.19E-12  8.34E-12  8.52E-12  8.72E-12  9.17E-12  9.67E-12  1.02E-11  1.07E-11  1.13E-11  1.18E-11  1.23E-11  1.28E-11  1.33E-11  1.38E-11  1.49E-11  1.59E-11  1.69E-11  1.78E-11
   19   7   4  3.11E-11  3.07E-11  3.05E-11  3.11E-11  3.21E-11  3.31E-11  3.43E-11  3.53E-11  3.64E-11  3.73E-11  3.83E-11  3.99E-11  4.14E-11  4.27E-11  4.38E-11  4.48E-11  4.57E-11  4.65E-11  4.73E-11  4.79E-11  4.85E-11  4.99E-11  5.10E-11  5.19E-11  5.27E-11
   20   7   5  4.42E-11  4.45E-11  4.10E-11  3.86E-11  3.75E-11  3.72E-11  3.73E-11  3.77E-11  3.83E-11  3.91E-11  3.98E-11  4.15E-11  4.32E-11  4.49E-11  4.65E-11  4.80E-11  4.95E-11  5.09E-11  5.22E-11  5.35E-11  5.47E-11  5.76E-11  6.01E-11  6.25E-11  6.47E-11
   21   7   6  1.03E-10  1.11E-10  1.12E-10  1.11E-10  1.10E-10  1.09E-10  1.08E-10  1.07E-10  1.07E-10  1.06E-10  1.06E-10  1.06E-10  1.06E-10  1.06E-10  1.06E-10  1.07E-10  1.07E-10  1.07E-10  1.08E-10  1.08E-10  1.08E-10  1.09E-10  1.10E-10  1.11E-10  1.11E-10
   22   8   1  5.98E-13  6.19E-13  6.90E-13  8.11E-13  9.64E-13  1.14E-12  1.33E-12  1.52E-12  1.71E-12  1.90E-12  2.09E-12  2.44E-12  2.77E-12  3.06E-12  3.32E-12  3.55E-12  3.76E-12  3.95E-12  4.12E-12  4.28E-12  4.42E-12  4.72E-12  4.96E-12  5.16E-12  5.33E-12
   23   8   2  2.11E-12  2.09E-12  2.09E-12  2.17E-12  2.29E-12  2.41E-12  2.53E-12  2.64E-12  2.75E-12  2.85E-12  2.94E-12  3.12E-12  3.30E-12  3.48E-12  3.66E-12  3.85E-12  4.03E-12  4.22E-12  4.40E-12  4.58E-12  4.76E-12  5.18E-12  5.59E-12  5.96E-12  6.31E-12
   24   8   3  7.26E-12  7.33E-12  7.64E-12  8.28E-12  9.08E-12  9.97E-12  1.09E-11  1.18E-11  1.27E-11  1.35E-11  1.43E-11  1.58E-11  1.72E-11  1.84E-11  1.94E-11  2.04E-11  2.12E-11  2.20E-11  2.27E-11  2.34E-11  2.39E-11  2.52E-11  2.62E-11  2.70E-11  2.78E-11
   25   8   4  1.12E-11  1.09E-11  1.01E-11  9.53E-12  9.24E-12  9.11E-12  9.09E-12  9.15E-12  9.27E-12  9.44E-12  9.65E-12  1.02E-11  1.07E-11  1.14E-11  1.20E-11  1.26E-11  1.33E-11  1.39E-11  1.45E-11  1.50E-11  1.56E-11  1.69E-11  1.81E-11  1.92E-11  2.02E-11
   26   8   5  3.87E-11  3.86E-11  3.76E-11  3.76E-11  3.81E-11  3.88E-11  3.96E-11  4.04E-11  4.12E-11  4.19E-11  4.27E-11  4.40E-11  4.52E-11  4.63E-11  4.73E-11  4.82E-11  4.91E-11  4.98E-11  5.05E-11  5.12E-11  5.18E-11  5.32E-11  5.43E-11  5.53E-11  5.62E-11
   27   8   6  4.44E-11  4.60E-11  4.31E-11  4.05E-11  3.91E-11  3.85E-11  3.84E-11  3.87E-11  3.92E-11  3.99E-11  4.06E-11  4.22E-11  4.39E-11  4.56E-11  4.72E-11  4.88E-11  5.04E-11  5.18E-11  5.33E-11  5.46E-11  5.59E-11  5.89E-11  6.17E-11  6.42E-11  6.66E-11
   28   8   7  1.04E-10  1.11E-10  1.12E-10  1.10E-10  1.09E-10  1.08E-10  1.07E-10  1.07E-10  1.06E-10  1.06E-10  1.06E-10  1.06E-10  1.06E-10  1.06E-10  1.06E-10  1.06E-10  1.06E-10  1.07E-10  1.07E-10  1.07E-10  1.08E-10  1.09E-10  1.09E-10  1.10E-10  1.11E-10
   29   9   1  2.82E-13  2.86E-13  3.05E-13  3.39E-13  3.83E-13  4.30E-13  4.77E-13  5.22E-13  5.65E-13  6.04E-13  6.41E-13  7.08E-13  7.67E-13  8.21E-13  8.72E-13  9.20E-13  9.66E-13  1.01E-12  1.06E-12  1.10E-12  1.14E-12  1.24E-12  1.34E-12  1.43E-12  1.51E-12
   30   9   2  1.39E-12  1.43E-12  1.57E-12  1.80E-12  2.10E-12  2.45E-12  2.82E-12  3.22E-12  3.62E-12  4.03E-12  4.43E-12  5.20E-12  5.93E-12  6.61E-12  7.23E-12  7.80E-12  8.32E-12  8.80E-12  9.24E-12  9.64E-12  1.00E-11  1.08E-11  1.15E-11  1.21E-11  1.26E-11
   31   9   3  3.03E-12  2.99E-12  2.93E-12  2.96E-12  3.05E-12  3.17E-12  3.29E-12  3.41E-12  3.53E-12  3.66E-12  3.79E-12  4.05E-12  4.31E-12  4.59E-12  4.86E-12  5.14E-12  5.41E-12  5.68E-12  5.95E-12  6.21E-12  6.46E-12  7.07E-12  7.63E-12  8.16E-12  8.64E-12
   32   9   4  1.02E-11  1.02E-11  1.05E-11  1.11E-11  1.18E-11  1.27E-11  1.36E-11  1.46E-11  1.54E-11  1.63E-11  1.71E-11  1.86E-11  2.00E-11  2.12E-11  2.23E-11  2.33E-11  2.43E-11  2.51E-11  2.59E-11  2.66E-11  2.72E-11  2.87E-11  2.99E-11  3.09E-11  3.18E-11
   33   9   5  1.27E-11  1.25E-11  1.15E-11  1.08E-11  1.03E-11  1.01E-11  9.96E-12  9.95E-12  1.00E-11  1.02E-11  1.04E-11  1.09E-11  1.15E-11  1.21E-11  1.28E-11  1.35E-11  1.42E-11  1.49E-11  1.56E-11  1.62E-11  1.69E-11  1.83E-11  1.97E-11  2.09E-11  2.21E-11
   34   9   6  4.48E-11  4.49E-11  4.36E-11  4.33E-11  4.34E-11  4.39E-11  4.44E-11  4.50E-11  4.55E-11  4.61E-11  4.66E-11  4.77E-11  4.86E-11  4.95E-11  5.03E-11  5.10E-11  5.17E-11  5.24E-11  5.30E-11  5.36E-11  5.41E-11  5.54E-11  5.65E-11  5.75E-11  5.84E-11
   35   9   7  4.32E-11  4.57E-11  4.39E-11  4.16E-11  4.03E-11  3.96E-11  3.95E-11  3.97E-11  4.01E-11  4.07E-11  4.13E-11  4.29E-11  4.45E-11  4.62E-11  4.78E-11  4.95E-11  5.10E-11  5.25E-11  5.40E-11  5.54E-11  5.67E-11  5.99E-11  6.28E-11  6.54E-11  6.79E-11
   36   9   8  1.05E-10  1.11E-10  1.11E-10  1.10E-10  1.08E-10  1.08E-10  1.07E-10  1.06E-10  1.06E-10  1.06E-10  1.06E-10  1.06E-10  1.06E-10  1.06E-10  1.06E-10  1.06E-10  1.06E-10  1.07E-10  1.07E-10  1.07E-10  1.08E-10  1.08E-10  1.09E-10  1.10E-10  1.11E-10
   37  10   1  1.58E-13  1.69E-13  1.95E-13  2.34E-13  2.88E-13  3.52E-13  4.26E-13  5.06E-13  5.93E-13  6.82E-13  7.74E-13  9.60E-13  1.14E-12  1.32E-12  1.49E-12  1.65E-12  1.80E-12  1.94E-12  2.07E-12  2.20E-12  2.31E-12  2.57E-12  2.79E-12  2.97E-12  3.14E-12
   38  10   2  6.11E-13  6.34E-13  6.73E-13  7.41E-13  8.29E-13  9.27E-13  1.03E-12  1.13E-12  1.24E-12  1.34E-12  1.43E-12  1.61E-12  1.78E-12  1.94E-12  2.09E-12  2.23E-12  2.36E-12  2.49E-12  2.61E-12  2.73E-12  2.85E-12  3.12E-12  3.36E-12  3.59E-12  3.81E-12
   39  10   3  2.11E-12  2.21E-12  2.39E-12  2.68E-12  3.05E-12  3.48E-12  3.94E-12  4.42E-12  4.91E-12  5.40E-12  5.89E-12  6.84E-12  7.75E-12  8.59E-12  9.38E-12  1.01E-11  1.08E-11  1.14E-11  1.20E-11  1.26E-11  1.31E-11  1.42E-11  1.52E-11  1.60E-11  1.67E-11
   40  10   4  3.72E-12  3.77E-12  3.68E-12  3.67E-12  3.71E-12  3.79E-12  3.88E-12  3.98E-12  4.10E-12  4.22E-12  4.35E-12  4.63E-12  4.93E-12  5.26E-12  5.60E-12  5.94E-12  6.29E-12  6.63E-12  6.97E-12  7.30E-12  7.63E-12  8.40E-12  9.12E-12  9.79E-12  1.04E-11
   41  10   5  1.25E-11  1.29E-11  1.32E-11  1.38E-11  1.46E-11  1.55E-11  1.64E-11  1.73E-11  1.81E-11  1.90E-11  1.97E-11  2.12E-11  2.25E-11  2.37E-11  2.48E-11  2.58E-11  2.66E-11  2.75E-11  2.82E-11  2.89E-11  2.96E-11  3.10E-11  3.23E-11  3.34E-11  3.43E-11
   42  10   6  1.31E-11  1.33E-11  1.25E-11  1.17E-11  1.12E-11  1.09E-11  1.07E-11  1.06E-11  1.06E-11  1.08E-11  1.09E-11  1.14E-11  1.20E-11  1.27E-11  1.34E-11  1.41E-11  1.49E-11  1.56E-11  1.63E-11  1.70E-11  1.77E-11  1.93E-11  2.08E-11  2.22E-11  2.34E-11
   43  10   7  4.76E-11  4.89E-11  4.80E-11  4.77E-11  4.77E-11  4.80E-11  4.84E-11  4.88E-11  4.93E-11  4.97E-11  5.01E-11  5.09E-11  5.17E-11  5.24E-11  5.30E-11  5.36E-11  5.42E-11  5.47E-11  5.52E-11  5.57E-11  5.61E-11  5.72E-11  5.82E-11  5.91E-11  5.99E-11
   44  10   8  4.01E-11  4.35E-11  4.32E-11  4.17E-11  4.06E-11  4.01E-11  4.00E-11  4.02E-11  4.06E-11  4.12E-11  4.18E-11  4.33E-11  4.49E-11  4.66E-11  4.82E-11  4.98E-11  5.13E-11  5.28E-11  5.43E-11  5.57E-11  5.71E-11  6.03E-11  6.33E-11  6.61E-11  6.86E-11
   45  10   9  1.04E-10  1.11E-10  1.11E-10  1.09E-10  1.08E-10  1.07E-10  1.07E-10  1.06E-10  1.06E-10  1.06E-10  1.06E-10  1.06E-10  1.06E-10  1.06E-10  1.06E-10  1.06E-10  1.06E-10  1.07E-10  1.07E-10  1.07E-10  1.08E-10  1.08E-10  1.09E-10  1.10E-10  1.11E-10
   46  11   1  7.49E-14  8.04E-14  9.12E-14  1.08E-13  1.29E-13  1.55E-13  1.83E-13  2.14E-13  2.45E-13  2.77E-13  3.09E-13  3.71E-13  4.30E-13  4.85E-13  5.36E-13  5.84E-13  6.29E-13  6.71E-13  7.11E-13  7.48E-13  7.84E-13  8.66E-13  9.38E-13  1.00E-12  1.06E-12
   47  11   2  3.59E-13  3.86E-13  4.40E-13  5.22E-13  6.30E-13  7.60E-13  9.10E-13  1.08E-12  1.25E-12  1.44E-12  1.63E-12  2.03E-12  2.43E-12  2.82E-12  3.20E-12  3.57E-12  3.91E-12  4.25E-12  4.56E-12  4.86E-12  5.14E-12  5.78E-12  6.33E-12  6.82E-12  7.26E-12
   48  11   3  9.13E-13  9.49E-13  9.94E-13  1.07E-12  1.17E-12  1.29E-12  1.41E-12  1.54E-12  1.66E-12  1.79E-12  1.91E-12  2.16E-12  2.40E-12  2.63E-12  2.85E-12  3.06E-12  3.27E-12  3.48E-12  3.67E-12  3.86E-12  4.05E-12  4.48E-12  4.87E-12  5.23E-12  5.56E-12
   49  11   4  2.90E-12  3.05E-12  3.29E-12  3.63E-12  4.05E-12  4.54E-12  5.05E-12  5.58E-12  6.12E-12  6.66E-12  7.19E-12  8.22E-12  9.19E-12  1.01E-11  1.10E-11  1.18E-11  1.25E-11  1.32E-11  1.38E-11  1.44E-11  1.50E-11  1.63E-11  1.74E-11  1.83E-11  1.92E-11
   50  11   5  4.33E-12  4.43E-12  4.34E-12  4.29E-12  4.30E-12  4.33E-12  4.39E-12  4.47E-12  4.56E-12  4.66E-12  4.78E-12  5.05E-12  5.36E-12  5.70E-12  6.07E-12  6.45E-12  6.84E-12  7.23E-12  7.62E-12  8.01E-12  8.39E-12  9.30E-12  1.02E-11  1.09E-11  1.17E-11
   51  11   6  1.46E-11  1.52E-11  1.57E-11  1.63E-11  1.71E-11  1.80E-11  1.89E-11  1.98E-11  2.07E-11  2.15E-11  2.22E-11  2.36E-11  2.49E-11  2.60E-11  2.70E-11  2.79E-11  2.88E-11  2.96E-11  3.03E-11  3.09E-11  3.15E-11  3.29E-11  3.41E-11  3.52E-11  3.61E-11
   52  11   7  1.32E-11  1.37E-11  1.31E-11  1.24E-11  1.18E-11  1.14E-11  1.12E-11  1.11E-11  1.11E-11  1.12E-11  1.14E-11  1.18E-11  1.24E-11  1.31E-11  1.38E-11  1.45E-11  1.53E-11  1.60E-11  1.68E-11  1.75E-11  1.82E-11  1.99E-11  2.15E-11  2.29E-11  2.43E-11
   53  11   8  4.91E-11  5.12E-11  5.10E-11  5.08E-11  5.09E-11  5.12E-11  5.16E-11  5.19E-11  5.23E-11  5.27E-11  5.30E-11  5.37E-11  5.43E-11  5.49E-11  5.54E-11  5.59E-11  5.64E-11  5.68E-11  5.72E-11  5.76E-11  5.80E-11  5.89E-11  5.98E-11  6.06E-11  6.13E-11
   54  11   9  3.70E-11  4.07E-11  4.16E-11  4.09E-11  4.02E-11  3.99E-11  4.00E-11  4.03E-11  4.08E-11  4.14E-11  4.20E-11  4.35E-11  4.51E-11  4.68E-11  4.84E-11  4.99E-11  5.15E-11  5.30E-11  5.44E-11  5.58E-11  5.72E-11  6.05E-11  6.35E-11  6.63E-11  6.90E-11
   55  11  10  1.02E-10  1.10E-10  1.10E-10  1.09E-10  1.08E-10  1.07E-10  1.07E-10  1.06E-10  1.06E-10  1.06E-10  1.06E-10  1.06E-10  1.06E-10  1.06E-10  1.06E-10  1.06E-10  1.07E-10  1.07E-10  1.07E-10  1.08E-10  1.08E-10  1.09E-10  1.09E-10  1.10E-10  1.11E-10
   56  12   1  3.99E-14  4.38E-14  5.21E-14  6.51E-14  8.30E-14  1.05E-13  1.32E-13  1.62E-13  1.95E-13  2.31E-13  2.70E-13  3.53E-13  4.40E-13  5.31E-13  6.21E-13  7.11E-13  7.99E-13  8.84E-13  9.67E-13  1.05E-12  1.12E-12  1.30E-12  1.46E-12  1.61E-12  1.74E-12
   57  12   2  1.75E-13  1.87E-13  2.10E-13  2.46E-13  2.94E-13  3.52E-13  4.16E-13  4.85E-13  5.57E-13  6.32E-13  7.08E-13  8.62E-13  1.01E-12  1.16E-12  1.30E-12  1.44E-12  1.57E-12  1.69E-12  1.81E-12  1.92E-12  2.02E-12  2.26E-12  2.48E-12  2.67E-12  2.84E-12
   58  12   3  5.62E-13  6.02E-13  6.80E-13  7.98E-13  9.54E-13  1.14E-12  1.34E-12  1.55E-12  1.78E-12  2.02E-12  2.26E-12  2.76E-12  3.26E-12  3.75E-12  4.23E-12  4.69E-12  5.14E-12  5.56E-12  5.97E-12  6.36E-12  6.73E-12  7.58E-12  8.33E-12  9.00E-12  9.61E-12
   59  12   4  1.22E-12  1.27E-12  1.32E-12  1.41E-12  1.53E-12  1.66E-12  1.79E-12  1.93E-12  2.07E-12  2.20E-12  2.34E-12  2.60E-12  2.87E-12  3.13E-12  3.39E-12  3.65E-12  3.91E-12  4.16E-12  4.41E-12  4.66E-12  4.89E-12  5.46E-12  5.98E-12  6.46E-12  6.91E-12
   60  12   5  3.70E-12  3.90E-12  4.20E-12  4.64E-12  5.18E-12  5.78E-12  6.39E-12  7.00E-12  7.59E-12  8.18E-12  8.74E-12  9.81E-12  1.08E-11  1.17E-11  1.26E-11  1.34E-11  1.41E-11  1.48E-11  1.55E-11  1.61E-11  1.66E-11  1.79E-11  1.90E-11  2.00E-11  2.09E-11
   61  12   6  4.81E-12  4.95E-12  4.88E-12  4.84E-12  4.85E-12  4.89E-12  4.95E-12  5.02E-12  5.10E-12  5.20E-12  5.30E-12  5.55E-12  5.84E-12  6.17E-12  6.53E-12  6.92E-12  7.31E-12  7.72E-12  8.13E-12  8.54E-12  8.94E-12  9.94E-12  1.09E-11  1.18E-11  1.26E-11
   62  12   7  1.63E-11  1.71E-11  1.77E-11  1.86E-11  1.96E-11  2.07E-11  2.18E-11  2.27E-11  2.36E-11  2.45E-11  2.52E-11  2.66E-11  2.78E-11  2.88E-11  2.97E-11  3.05E-11  3.13E-11  3.20E-11  3.26E-11  3.32E-11  3.37E-11  3.50E-11  3.60E-11  3.70E-11  3.78E-11
   63  12   8  1.29E-11  1.36E-11  1.33E-11  1.27E-11  1.23E-11  1.21E-11  1.19E-11  1.19E-11  1.19E-11  1.20E-11  1.22E-11  1.26E-11  1.32E-11  1.38E-11  1.45E-11  1.52E-11  1.59E-11  1.66E-11  1.73E-11  1.80E-11  1.87E-11  2.04E-11  2.20E-11  2.35E-11  2.49E-11
   64  12   9  4.95E-11  5.21E-11  5.26E-11  5.28E-11  5.33E-11  5.39E-11  5.44E-11  5.49E-11  5.54E-11  5.58E-11  5.61E-11  5.67E-11  5.72E-11  5.77E-11  5.81E-11  5.85E-11  5.89E-11  5.92E-11  5.95E-11  5.99E-11  6.02E-11  6.09E-11  6.16E-11  6.22E-11  6.28E-11
   65  12  10  3.41E-11  3.77E-11  3.95E-11  3.96E-11  3.97E-11  4.00E-11  4.04E-11  4.10E-11  4.17E-11  4.24E-11  4.31E-11  4.47E-11  4.62E-11  4.78E-11  4.93E-11  5.08E-11  5.23E-11  5.37E-11  5.51E-11  5.65E-11  5.78E-11  6.10E-11  6.40E-11  6.68E-11  6.94E-11
   66  12  11  1.01E-10  1.09E-10  1.09E-10  1.08E-10  1.07E-10  1.06E-10  1.06E-10  1.05E-10  1.05E-10  1.05E-10  1.05E-10  1.05E-10  1.05E-10  1.05E-10  1.06E-10  1.06E-10  1.06E-10  1.07E-10  1.07E-10  1.07E-10  1.08E-10  1.08E-10  1.09E-10  1.10E-10  1.11E-10
   67  13   1  2.15E-14  2.34E-14  2.78E-14  3.43E-14  4.33E-14  5.47E-14  6.85E-14  8.44E-14  1.02E-13  1.22E-13  1.42E-13  1.86E-13  2.32E-13  2.79E-13  3.25E-13  3.70E-13  4.13E-13  4.55E-13  4.95E-13  5.33E-13  5.69E-13  6.52E-13  7.25E-13  7.89E-13  8.46E-13
   68  13   2  9.30E-14  1.01E-13  1.18E-13  1.44E-13  1.79E-13  2.23E-13  2.76E-13  3.37E-13  4.05E-13  4.80E-13  5.60E-13  7.34E-13  9.22E-13  1.12E-12  1.31E-12  1.51E-12  1.71E-12  1.90E-12  2.09E-12  2.28E-12  2.46E-12  2.88E-12  3.27E-12  3.63E-12  3.95E-12
   69  13   3  2.77E-13  2.92E-13  3.23E-13  3.69E-13  4.29E-13  5.00E-13  5.79E-13  6.66E-13  7.59E-13  8.55E-13  9.54E-13  1.16E-12  1.36E-12  1.57E-12  1.77E-12  1.97E-12  2.16E-12  2.35E-12  2.53E-12  2.71E-12  2.88E-12  3.27E-12  3.62E-12  3.94E-12  4.22E-12
   70  13   4  7.95E-13  8.43E-13  9.44E-13  1.08E-12  1.26E-12  1.46E-12  1.69E-12  1.94E-12  2.20E-12  2.47E-12  2.74E-12  3.31E-12  3.87E-12  4.42E-12  4.95E-12  5.47E-12  5.97E-12  6.44E-12  6.90E-12  7.33E-12  7.74E-12  8.70E-12  9.56E-12  1.03E-11  1.10E-11
   71  13   5  1.53E-12  1.58E-12  1.64E-12  1.72E-12  1.83E-12  1.95E-12  2.08E-12  2.22E-12  2.35E-12  2.48E-12  2.62E-12  2.89E-12  3.16E-12  3.43E-12  3.71E-12  4.00E-12  4.28E-12  4.57E-12  4.85E-12  5.13E-12  5.40E-12  6.07E-12  6.70E-12  7.29E-12  7.83E-12
   72  13   6  4.47E-12  4.70E-12  5.06E-12  5.52E-12  6.07E-12  6.66E-12  7.27E-12  7.89E-12  8.51E-12  9.11E-12  9.70E-12  1.08E-11  1.19E-11  1.28E-11  1.37E-11  1.45E-11  1.53E-11  1.60E-11  1.66E-11  1.72E-11  1.78E-11  1.91E-11  2.02E-11  2.12E-11  2.21E-11
   73  13   7  5.18E-12  5.33E-12  5.29E-12  5.23E-12  5.19E-12  5.18E-12  5.20E-12  5.24E-12  5.30E-12  5.37E-12  5.46E-12  5.70E-12  5.98E-12  6.32E-12  6.68E-12  7.07E-12  7.48E-12  7.90E-12  8.32E-12  8.74E-12  9.17E-12  1.02E-11  1.12E-11  1.22E-11  1.31E-11
   74  13   8  1.76E-11  1.85E-11  1.93E-11  2.01E-11  2.11E-11  2.21E-11  2.31E-11  2.40E-11  2.49E-11  2.57E-11  2.65E-11  2.78E-11  2.90E-11  3.00E-11  3.10E-11  3.18E-11  3.25E-11  3.32E-11  3.39E-11  3.44E-11  3.50E-11  3.62E-11  3.72E-11  3.82E-11  3.90E-11
   75  13   9  1.26E-11  1.33E-11  1.32E-11  1.27E-11  1.23E-11  1.20E-11  1.18E-11  1.17E-11  1.18E-11  1.18E-11  1.20E-11  1.25E-11  1.30E-11  1.37E-11  1.44E-11  1.51E-11  1.58E-11  1.66E-11  1.73E-11  1.80E-11  1.87E-11  2.04E-11  2.21E-11  2.36E-11  2.51E-11
   76  13  10  4.95E-11  5.21E-11  5.31E-11  5.36E-11  5.42E-11  5.48E-11  5.53E-11  5.58E-11  5.63E-11  5.67E-11  5.71E-11  5.77E-11  5.83E-11  5.88E-11  5.92E-11  5.96E-11  6.00E-11  6.03E-11  6.07E-11  6.10E-11  6.13E-11  6.20E-11  6.27E-11  6.33E-11  6.38E-11
   77  13  11  3.19E-11  3.51E-11  3.72E-11  3.76E-11  3.79E-11  3.82E-11  3.86E-11  3.92E-11  3.99E-11  4.06E-11  4.14E-11  4.31E-11  4.48E-11  4.64E-11  4.81E-11  4.97E-11  5.12E-11  5.27E-11  5.42E-11  5.56E-11  5.70E-11  6.02E-11  6.33E-11  6.62E-11  6.89E-11
   78  13  12  1.01E-10  1.08E-10  1.09E-10  1.08E-10  1.07E-10  1.07E-10  1.07E-10  1.07E-10  1.06E-10  1.06E-10  1.06E-10  1.07E-10  1.07E-10  1.07E-10  1.07E-10  1.08E-10  1.08E-10  1.08E-10  1.08E-10  1.09E-10  1.09E-10  1.10E-10  1.10E-10  1.11E-10  1.12E-10
   79  14   1  1.02E-14  1.13E-14  1.39E-14  1.75E-14  2.25E-14  2.92E-14  3.75E-14  4.75E-14  5.91E-14  7.23E-14  8.70E-14  1.20E-13  1.58E-13  1.98E-13  2.41E-13  2.86E-13  3.31E-13  3.77E-13  4.22E-13  4.67E-13  5.12E-13  6.20E-13  7.23E-13  8.19E-13  9.09E-13
   80  14   2  4.97E-14  5.44E-14  6.44E-14  7.87E-14  9.82E-14  1.23E-13  1.53E-13  1.88E-13  2.28E-13  2.71E-13  3.19E-13  4.22E-13  5.33E-13  6.49E-13  7.68E-13  8.86E-13  1.00E-12  1.12E-12  1.23E-12  1.34E-12  1.44E-12  1.68E-12  1.90E-12  2.09E-12  2.26E-12
   81  14   3  1.44E-13  1.56E-13  1.83E-13  2.20E-13  2.68E-13  3.28E-13  3.98E-13  4.78E-13  5.67E-13  6.64E-13  7.68E-13  9.91E-13  1.23E-12  1.48E-12  1.73E-12  1.99E-12  2.24E-12  2.49E-12  2.73E-12  2.97E-12  3.21E-12  3.76E-12  4.28E-12  4.76E-12  5.20E-12
   82  14   4  3.81E-13  4.05E-13  4.47E-13  5.03E-13  5.74E-13  6.58E-13  7.50E-13  8.50E-13  9.55E-13  1.06E-12  1.18E-12  1.41E-12  1.64E-12  1.88E-12  2.11E-12  2.35E-12  2.58E-12  2.80E-12  3.03E-12  3.24E-12  3.46E-12  3.96E-12  4.43E-12  4.85E-12  5.24E-12
   83  14   5  1.01E-12  1.08E-12  1.22E-12  1.39E-12  1.60E-12  1.84E-12  2.10E-12  2.38E-12  2.68E-12  2.98E-12  3.28E-12  3.90E-12  4.50E-12  5.10E-12  5.67E-12  6.22E-12  6.74E-12  7.24E-12  7.72E-12  8.18E-12  8.61E-12  9.61E-12  1.05E-11  1.13E-11  1.21E-11
   84  14   6  1.76E-12  1.84E-12  1.92E-12  2.01E-12  2.13E-12  2.25E-12  2.39E-12  2.52E-12  2.65E-12  2.79E-12  2.92E-12  3.19E-12  3.46E-12  3.73E-12  4.02E-12  4.30E-12  4.60E-12  4.89E-12  5.19E-12  5.48E-12  5.78E-12  6.50E-12  7.19E-12  7.85E-12  8.46E-12
   85  14   7  4.99E-12  5.32E-12  5.80E-12  6.34E-12  6.95E-12  7.60E-12  8.27E-12  8.94E-12  9.59E-12  1.02E-11  1.08E-11  1.20E-11  1.31E-11  1.40E-11  1.49E-11  1.58E-11  1.65E-11  1.72E-11  1.79E-11  1.85E-11  1.90E-11  2.03E-11  2.14E-11  2.24E-11  2.33E-11
   86  14   8  5.28E-12  5.51E-12  5.55E-12  5.51E-12  5.48E-12  5.47E-12  5.48E-12  5.51E-12  5.56E-12  5.63E-12  5.72E-12  5.94E-12  6.22E-12  6.55E-12  6.91E-12  7.30E-12  7.70E-12  8.12E-12  8.54E-12  8.96E-12  9.39E-12  1.05E-11  1.15E-11  1.25E-11  1.34E-11
   87  14   9  1.80E-11  1.91E-11  2.02E-11  2.13E-11  2.24E-11  2.35E-11  2.45E-11  2.55E-11  2.64E-11  2.73E-11  2.80E-11  2.94E-11  3.06E-11  3.16E-11  3.26E-11  3.34E-11  3.41E-11  3.48E-11  3.54E-11  3.59E-11  3.64E-11  3.76E-11  3.86E-11  3.95E-11  4.02E-11
   88  14  10  1.19E-11  1.27E-11  1.28E-11  1.25E-11  1.22E-11  1.20E-11  1.19E-11  1.18E-11  1.19E-11  1.20E-11  1.22E-11  1.26E-11  1.32E-11  1.39E-11  1.46E-11  1.53E-11  1.60E-11  1.67E-11  1.75E-11  1.82E-11  1.89E-11  2.06E-11  2.22E-11  2.38E-11  2.52E-11
   89  14  11  4.77E-11  5.09E-11  5.26E-11  5.36E-11  5.45E-11  5.53E-11  5.60E-11  5.67E-11  5.72E-11  5.77E-11  5.82E-11  5.89E-11  5.95E-11  6.00E-11  6.05E-11  6.09E-11  6.13E-11  6.16E-11  6.20E-11  6.23E-11  6.26E-11  6.33E-11  6.39E-11  6.44E-11  6.50E-11
   90  14  12  2.95E-11  3.25E-11  3.48E-11  3.57E-11  3.62E-11  3.68E-11  3.75E-11  3.82E-11  3.90E-11  3.99E-11  4.08E-11  4.26E-11  4.43E-11  4.61E-11  4.77E-11  4.94E-11  5.09E-11  5.24E-11  5.39E-11  5.53E-11  5.67E-11  6.00E-11  6.31E-11  6.59E-11  6.86E-11
   91  14  13  1.00E-10  1.07E-10  1.08E-10  1.08E-10  1.07E-10  1.07E-10  1.07E-10  1.07E-10  1.07E-10  1.07E-10  1.07E-10  1.07E-10  1.07E-10  1.08E-10  1.08E-10  1.08E-10  1.08E-10  1.09E-10  1.09E-10  1.09E-10  1.10E-10  1.10E-10  1.11E-10  1.12E-10  1.12E-10
   92  15   1  5.81E-15  6.52E-15  8.11E-15  1.04E-14  1.38E-14  1.82E-14  2.40E-14  3.10E-14  3.95E-14  4.92E-14  6.02E-14  8.57E-14  1.15E-13  1.47E-13  1.81E-13  2.16E-13  2.52E-13  2.88E-13  3.23E-13  3.58E-13  3.92E-13  4.72E-13  5.45E-13  6.11E-13  6.70E-13
   93  15   2  2.33E-14  2.58E-14  3.14E-14  3.92E-14  4.99E-14  6.38E-14  8.11E-14  1.02E-13  1.26E-13  1.54E-13  1.84E-13  2.54E-13  3.34E-13  4.20E-13  5.13E-13  6.09E-13  7.08E-13  8.09E-13  9.10E-13  1.01E-12  1.11E-12  1.36E-12  1.60E-12  1.83E-12  2.04E-12
   94  15   3  7.93E-14  8.64E-14  1.01E-13  1.21E-13  1.49E-13  1.82E-13  2.23E-13  2.70E-13  3.22E-13  3.80E-13  4.43E-13  5.80E-13  7.29E-13  8.87E-13  1.05E-12  1.22E-12  1.38E-12  1.55E-12  1.71E-12  1.87E-12  2.02E-12  2.40E-12  2.74E-12  3.05E-12  3.33E-12
   95  15   4  2.02E-13  2.20E-13  2.56E-13  3.04E-13  3.66E-13  4.40E-13  5.26E-13  6.24E-13  7.30E-13  8.45E-13  9.67E-13  1.23E-12  1.50E-12  1.79E-12  2.08E-12  2.36E-12  2.65E-12  2.93E-12  3.21E-12  3.48E-12  3.74E-12  4.37E-12  4.95E-12  5.50E-12  6.00E-12
   96  15   5  4.90E-13  5.22E-13  5.75E-13  6.43E-13  7.25E-13  8.20E-13  9.25E-13  1.04E-12  1.15E-12  1.27E-12  1.39E-12  1.64E-12  1.89E-12  2.14E-12  2.40E-12  2.65E-12  2.90E-12  3.14E-12  3.39E-12  3.63E-12  3.87E-12  4.44E-12  4.98E-12  5.49E-12  5.95E-12
   97  15   6  1.22E-12  1.31E-12  1.48E-12  1.69E-12  1.93E-12  2.21E-12  2.51E-12  2.82E-12  3.14E-12  3.47E-12  3.81E-12  4.47E-12  5.12E-12  5.75E-12  6.35E-12  6.93E-12  7.47E-12  7.99E-12  8.48E-12  8.95E-12  9.40E-12  1.04E-11  1.14E-11  1.22E-11  1.29E-11
   98  15   7  1.95E-12  2.06E-12  2.16E-12  2.27E-12  2.39E-12  2.52E-12  2.65E-12  2.79E-12  2.92E-12  3.06E-12  3.19E-12  3.46E-12  3.73E-12  4.01E-12  4.29E-12  4.58E-12  4.87E-12  5.17E-12  5.47E-12  5.77E-12  6.07E-12  6.81E-12  7.53E-12  8.22E-12  8.88E-12
   99  15   8  5.40E-12  5.80E-12  6.38E-12  7.01E-12  7.69E-12  8.40E-12  9.12E-12  9.83E-12  1.05E-11  1.12E-11  1.18E-11  1.30E-11  1.41E-11  1.51E-11  1.60E-11  1.69E-11  1.76E-11  1.83E-11  1.90E-11  1.96E-11  2.02E-11  2.14E-11  2.25E-11  2.35E-11  2.43E-11
  100  15   9  5.28E-12  5.58E-12  5.69E-12  5.69E-12  5.67E-12  5.67E-12  5.68E-12  5.71E-12  5.76E-12  5.83E-12  5.91E-12  6.14E-12  6.42E-12  6.75E-12  7.11E-12  7.49E-12  7.89E-12  8.31E-12  8.73E-12  9.15E-12  9.58E-12  1.06E-11  1.17E-11  1.27E-11  1.36E-11
  101  15  10  1.79E-11  1.92E-11  2.07E-11  2.19E-11  2.32E-11  2.44E-11  2.55E-11  2.65E-11  2.75E-11  2.84E-11  2.92E-11  3.07E-11  3.19E-11  3.29E-11  3.39E-11  3.47E-11  3.54E-11  3.61E-11  3.67E-11  3.72E-11  3.77E-11  3.88E-11  3.98E-11  4.06E-11  4.14E-11
  102  15  11  1.12E-11  1.20E-11  1.23E-11  1.22E-11  1.20E-11  1.18E-11  1.17E-11  1.17E-11  1.18E-11  1.20E-11  1.21E-11  1.26E-11  1.33E-11  1.39E-11  1.46E-11  1.54E-11  1.61E-11  1.68E-11  1.76E-11  1.83E-11  1.90E-11  2.07E-11  2.23E-11  2.38E-11  2.53E-11
  103  15  12  4.54E-11  4.89E-11  5.13E-11  5.28E-11  5.40E-11  5.51E-11  5.61E-11  5.69E-11  5.76E-11  5.82E-11  5.87E-11  5.96E-11  6.04E-11  6.10E-11  6.15E-11  6.19E-11  6.24E-11  6.27E-11  6.31E-11  6.34E-11  6.37E-11  6.44E-11  6.50E-11  6.55E-11  6.60E-11
  104  15  13  2.70E-11  3.00E-11  3.25E-11  3.36E-11  3.44E-11  3.52E-11  3.60E-11  3.69E-11  3.78E-11  3.87E-11  3.97E-11  4.16E-11  4.35E-11  4.53E-11  4.70E-11  4.87E-11  5.03E-11  5.19E-11  5.34E-11  5.48E-11  5.62E-11  5.95E-11  6.26E-11  6.55E-11  6.82E-11
  105  15  14  9.76E-11  1.05E-10  1.07E-10  1.07E-10  1.07E-10  1.07E-10  1.07E-10  1.07E-10  1.07E-10  1.07E-10  1.07E-10  1.08E-10  1.08E-10  1.08E-10  1.09E-10  1.09E-10  1.09E-10  1.10E-10  1.10E-10  1.10E-10  1.10E-10  1.11E-10  1.12E-10  1.12E-10  1.13E-10
  106  16   1  2.60E-15  2.90E-15  3.65E-15  4.71E-15  6.21E-15  8.22E-15  1.08E-14  1.41E-14  1.80E-14  2.26E-14  2.79E-14  4.04E-14  5.54E-14  7.24E-14  9.12E-14  1.11E-13  1.33E-13  1.55E-13  1.77E-13  2.00E-13  2.24E-13  2.83E-13  3.41E-13  3.98E-13  4.54E-13
  107  16   2  1.39E-14  1.54E-14  1.91E-14  2.43E-14  3.17E-14  4.15E-14  5.40E-14  6.94E-14  8.79E-14  1.09E-13  1.34E-13  1.92E-13  2.60E-13  3.36E-13  4.18E-13  5.05E-13  5.96E-13  6.88E-13  7.80E-13  8.72E-13  9.64E-13  1.18E-12  1.39E-12  1.58E-12  1.75E-12
  108  16   3  3.75E-14  4.09E-14  4.93E-14  6.09E-14  7.61E-14  9.55E-14  1.19E-13  1.47E-13  1.80E-13  2.16E-13  2.56E-13  3.47E-13  4.50E-13  5.63E-13  6.82E-13  8.06E-13  9.34E-13  1.06E-12  1.19E-12  1.33E-12  1.46E-12  1.78E-12  2.09E-12  2.40E-12  2.68E-12
  109  16   4  1.16E-13  1.25E-13  1.46E-13  1.73E-13  2.08E-13  2.51E-13  3.01E-13  3.57E-13  4.20E-13  4.89E-13  5.63E-13  7.23E-13  8.96E-13  1.08E-12  1.27E-12  1.46E-12  1.66E-12  1.85E-12  2.05E-12  2.24E-12  2.43E-12  2.89E-12  3.32E-12  3.72E-12  4.09E-12
  110  16   5  2.69E-13  2.89E-13  3.37E-13  3.99E-13  4.75E-13  5.65E-13  6.68E-13  7.82E-13  9.06E-13  1.04E-12  1.18E-12  1.47E-12  1.78E-12  2.09E-12  2.41E-12  2.72E-12  3.03E-12  3.33E-12  3.63E-12  3.92E-12  4.20E-12  4.88E-12  5.50E-12  6.08E-12  6.62E-12
  111  16   6  6.07E-13  6.42E-13  7.14E-13  7.97E-13  8.94E-13  1.00E-12  1.12E-12  1.24E-12  1.36E-12  1.49E-12  1.62E-12  1.88E-12  2.14E-12  2.41E-12  2.67E-12  2.93E-12  3.18E-12  3.44E-12  3.70E-12  3.95E-12  4.20E-12  4.81E-12  5.39E-12  5.94E-12  6.45E-12
  112  16   7  1.43E-12  1.53E-12  1.74E-12  1.99E-12  2.27E-12  2.58E-12  2.91E-12  3.26E-12  3.61E-12  3.97E-12  4.33E-12  5.04E-12  5.73E-12  6.39E-12  7.02E-12  7.61E-12  8.18E-12  8.71E-12  9.22E-12  9.70E-12  1.02E-11  1.12E-11  1.21E-11  1.30E-11  1.37E-11
  113  16   8  2.14E-12  2.25E-12  2.40E-12  2.54E-12  2.68E-12  2.81E-12  2.95E-12  3.09E-12  3.22E-12  3.35E-12  3.48E-12  3.75E-12  4.02E-12  4.29E-12  4.57E-12  4.86E-12  5.15E-12  5.44E-12  5.74E-12  6.04E-12  6.33E-12  7.08E-12  7.80E-12  8.51E-12  9.18E-12
  114  16   9  5.78E-12  6.18E-12  6.86E-12  7.59E-12  8.35E-12  9.13E-12  9.90E-12  1.07E-11  1.14E-11  1.21E-11  1.28E-11  1.40E-11  1.51E-11  1.62E-11  1.71E-11  1.79E-11  1.87E-11  1.94E-11  2.00E-11  2.06E-11  2.12E-11  2.25E-11  2.35E-11  2.45E-11  2.53E-11
  115  16  10  5.32E-12  5.61E-12  5.83E-12  5.90E-12  5.92E-12  5.93E-12  5.94E-12  5.97E-12  6.01E-12  6.08E-12  6.16E-12  6.38E-12  6.66E-12  6.98E-12  7.33E-12  7.71E-12  8.11E-12  8.52E-12  8.93E-12  9.35E-12  9.77E-12  1.08E-11  1.18E-11  1.28E-11  1.38E-11
  116  16  11  1.79E-11  1.92E-11  2.09E-11  2.24E-11  2.38E-11  2.51E-11  2.63E-11  2.75E-11  2.85E-11  2.94E-11  3.03E-11  3.18E-11  3.30E-11  3.41E-11  3.50E-11  3.59E-11  3.66E-11  3.72E-11  3.78E-11  3.84E-11  3.89E-11  4.00E-11  4.09E-11  4.17E-11  4.24E-11
  117  16  12  1.07E-11  1.14E-11  1.19E-11  1.19E-11  1.17E-11  1.17E-11  1.16E-11  1.17E-11  1.18E-11  1.19E-11  1.21E-11  1.27E-11  1.33E-11  1.40E-11  1.47E-11  1.54E-11  1.62E-11  1.69E-11  1.76E-11  1.83E-11  1.90E-11  2.07E-11  2.23E-11  2.39E-11  2.53E-11
  118  16  13  4.39E-11  4.72E-11  5.02E-11  5.22E-11  5.39E-11  5.52E-11  5.63E-11  5.73E-11  5.81E-11  5.88E-11  5.94E-11  6.05E-11  6.13E-11  6.19E-11  6.25E-11  6.30E-11  6.34E-11  6.38E-11  6.42E-11  6.45E-11  6.48E-11  6.55E-11  6.61E-11  6.66E-11  6.71E-11
  119  16  14  2.57E-11  2.81E-11  3.02E-11  3.13E-11  3.22E-11  3.32E-11  3.41E-11  3.51E-11  3.62E-11  3.72E-11  3.83E-11  4.03E-11  4.23E-11  4.43E-11  4.61E-11  4.78E-11  4.95E-11  5.11E-11  5.27E-11  5.42E-11  5.56E-11  5.90E-11  6.21E-11  6.51E-11  6.78E-11
  120  16  15  9.76E-11  1.05E-10  1.08E-10  1.08E-10  1.08E-10  1.08E-10  1.08E-10  1.08E-10  1.09E-10  1.09E-10  1.09E-10  1.09E-10  1.09E-10  1.10E-10  1.10E-10  1.10E-10  1.10E-10  1.11E-10  1.11E-10  1.11E-10  1.12E-10  1.12E-10  1.13E-10  1.13E-10  1.14E-10
  121  17   1  1.51E-15  1.71E-15  2.21E-15  2.96E-15  4.07E-15  5.63E-15  7.74E-15  1.05E-14  1.40E-14  1.82E-14  2.33E-14  3.58E-14  5.16E-14  7.04E-14  9.17E-14  1.15E-13  1.40E-13  1.66E-13  1.93E-13  2.21E-13  2.48E-13  3.17E-13  3.83E-13  4.45E-13  5.02E-13
  122  17   2  5.99E-15  6.66E-15  8.29E-15  1.06E-14  1.38E-14  1.81E-14  2.36E-14  3.05E-14  3.87E-14  4.84E-14  5.96E-14  8.61E-14  1.18E-13  1.54E-13  1.95E-13  2.38E-13  2.84E-13  3.32E-13  3.82E-13  4.33E-13  4.85E-13  6.18E-13  7.51E-13  8.83E-13  1.01E-12
  123  17   3  2.26E-14  2.48E-14  3.03E-14  3.80E-14  4.86E-14  6.25E-14  8.00E-14  1.01E-13  1.27E-13  1.56E-13  1.89E-13  2.66E-13  3.57E-13  4.59E-13  5.71E-13  6.90E-13  8.15E-13  9.43E-13  1.07E-12  1.21E-12  1.34E-12  1.66E-12  1.97E-12  2.26E-12  2.53E-12
  124  17   4  5.31E-14  5.79E-14  6.92E-14  8.46E-14  1.05E-13  1.29E-13  1.59E-13  1.94E-13  2.34E-13  2.79E-13  3.27E-13  4.36E-13  5.57E-13  6.88E-13  8.27E-13  9.70E-13  1.12E-12  1.27E-12  1.42E-12  1.57E-12  1.72E-12  2.08E-12  2.44E-12  2.79E-12  3.12E-12
  125  17   5  1.53E-13  1.65E-13  1.91E-13  2.25E-13  2.68E-13  3.19E-13  3.79E-13  4.46E-13  5.19E-13  5.98E-13  6.83E-13  8.63E-13  1.06E-12  1.26E-12  1.46E-12  1.68E-12  1.89E-12  2.10E-12  2.32E-12  2.53E-12  2.74E-12  3.25E-12  3.74E-12  4.20E-12  4.63E-12
  126  17   6  3.31E-13  3.57E-13  4.15E-13  4.90E-13  5.80E-13  6.86E-13  8.06E-13  9.37E-13  1.08E-12  1.23E-12  1.38E-12  1.71E-12  2.05E-12  2.39E-12  2.73E-12  3.06E-12  3.40E-12  3.72E-12  4.03E-12  4.34E-12  4.64E-12  5.34E-12  5.99E-12  6.60E-12  7.15E-12
  127  17   7  7.03E-13  7.46E-13  8.24E-13  9.16E-13  1.02E-12  1.14E-12  1.27E-12  1.40E-12  1.54E-12  1.68E-12  1.82E-12  2.09E-12  2.37E-12  2.64E-12  2.91E-12  3.18E-12  3.45E-12  3.71E-12  3.97E-12  4.23E-12  4.48E-12  5.10E-12  5.70E-12  6.27E-12  6.82E-12
  128  17   8  1.59E-12  1.70E-12  1.94E-12  2.22E-12  2.54E-12  2.89E-12  3.25E-12  3.63E-12  4.02E-12  4.41E-12  4.79E-12  5.55E-12  6.28E-12  6.97E-12  7.62E-12  8.24E-12  8.82E-12  9.37E-12  9.89E-12  1.04E-11  1.08E-11  1.19E-11  1.28E-11  1.37E-11  1.44E-11
  129  17   9  2.24E-12  2.36E-12  2.52E-12  2.66E-12  2.81E-12  2.95E-12  3.10E-12  3.25E-12  3.39E-12  3.53E-12  3.67E-12  3.94E-12  4.22E-12  4.50E-12  4.79E-12  5.08E-12  5.37E-12  5.66E-12  5.96E-12  6.26E-12  6.56E-12  7.30E-12  8.02E-12  8.73E-12  9.41E-12
  130  17  10  5.91E-12  6.35E-12  7.10E-12  7.89E-12  8.71E-12  9.56E-12  1.04E-11  1.12E-11  1.20E-11  1.27E-11  1.34E-11  1.48E-11  1.59E-11  1.70E-11  1.79E-11  1.88E-11  1.96E-11  2.03E-11  2.09E-11  2.15E-11  2.21E-11  2.34E-11  2.44E-11  2.54E-11  2.62E-11
  131  17  11  5.22E-12  5.51E-12  5.74E-12  5.83E-12  5.87E-12  5.90E-12  5.94E-12  5.98E-12  6.04E-12  6.12E-12  6.22E-12  6.45E-12  6.74E-12  7.08E-12  7.44E-12  7.83E-12  8.23E-12  8.64E-12  9.06E-12  9.48E-12  9.90E-12  1.09E-11  1.20E-11  1.29E-11  1.39E-11
  132  17  12  1.74E-11  1.87E-11  2.04E-11  2.21E-11  2.36E-11  2.51E-11  2.64E-11  2.76E-11  2.87E-11  2.98E-11  3.07E-11  3.23E-11  3.36E-11  3.48E-11  3.58E-11  3.66E-11  3.74E-11  3.81E-11  3.87E-11  3.92E-11  3.98E-11  4.09E-11  4.18E-11  4.26E-11  4.33E-11
  133  17  13  1.01E-11  1.08E-11  1.13E-11  1.14E-11  1.14E-11  1.13E-11  1.14E-11  1.14E-11  1.16E-11  1.18E-11  1.20E-11  1.26E-11  1.32E-11  1.39E-11  1.47E-11  1.54E-11  1.61E-11  1.69E-11  1.76E-11  1.83E-11  1.90E-11  2.07E-11  2.23E-11  2.38E-11  2.53E-11
  134  17  14  4.19E-11  4.51E-11  4.80E-11  5.02E-11  5.21E-11  5.37E-11  5.51E-11  5.63E-11  5.73E-11  5.82E-11  5.90E-11  6.02E-11  6.13E-11  6.21E-11  6.28E-11  6.34E-11  6.39E-11  6.43E-11  6.47E-11  6.51E-11  6.55E-11  6.62E-11  6.68E-11  6.74E-11  6.79E-11
  135  17  15  2.45E-11  2.66E-11  2.88E-11  3.01E-11  3.12E-11  3.21E-11  3.31E-11  3.42E-11  3.52E-11  3.63E-11  3.74E-11  3.95E-11  4.15E-11  4.35E-11  4.54E-11  4.71E-11  4.88E-11  5.05E-11  5.21E-11  5.36E-11  5.50E-11  5.85E-11  6.16E-11  6.46E-11  6.73E-11
  136  17  16  9.75E-11  1.04E-10  1.06E-10  1.07E-10  1.07E-10  1.07E-10  1.07E-10  1.08E-10  1.08E-10  1.08E-10  1.09E-10  1.09E-10  1.09E-10  1.10E-10  1.10E-10  1.11E-10  1.11E-10  1.11E-10  1.12E-10  1.12E-10  1.12E-10  1.13E-10  1.14E-10  1.14E-10  1.15E-10
  137  18   1  6.40E-16  7.27E-16  9.39E-16  1.25E-15  1.68E-15  2.29E-15  3.10E-15  4.14E-15  5.45E-15  7.03E-15  8.91E-15  1.36E-14  1.94E-14  2.63E-14  3.42E-14  4.30E-14  5.25E-14  6.27E-14  7.33E-14  8.44E-14  9.59E-14  1.26E-13  1.57E-13  1.88E-13  2.20E-13
  138  18   2  3.57E-15  4.03E-15  5.18E-15  6.88E-15  9.34E-15  1.28E-14  1.74E-14  2.34E-14  3.10E-14  4.02E-14  5.13E-14  7.92E-14  1.15E-13  1.58E-13  2.07E-13  2.63E-13  3.23E-13  3.88E-13  4.55E-13  5.25E-13  5.96E-13  7.75E-13  9.53E-13  1.12E-12  1.28E-12
  139  18   3  9.55E-15  1.06E-14  1.31E-14  1.65E-14  2.12E-14  2.73E-14  3.51E-14  4.45E-14  5.58E-14  6.89E-14  8.38E-14  1.19E-13  1.61E-13  2.09E-13  2.61E-13  3.18E-13  3.78E-13  4.41E-13  5.06E-13  5.73E-13  6.41E-13  8.14E-13  9.89E-13  1.16E-12  1.33E-12
  140  18   4  3.29E-14  3.61E-14  4.38E-14  5.45E-14  6.87E-14  8.69E-14  1.09E-13  1.36E-13  1.68E-13  2.04E-13  2.44E-13  3.37E-13  4.45E-13  5.66E-13  6.97E-13  8.37E-13  9.84E-13  1.14E-12  1.29E-12  1.45E-12  1.60E-12  2.00E-12  2.38E-12  2.74E-12  3.09E-12
  141  18   5  7.00E-14  7.64E-14  9.14E-14  1.11E-13  1.36E-13  1.67E-13  2.04E-13  2.46E-13  2.93E-13  3.45E-13  4.02E-13  5.27E-13  6.65E-13  8.13E-13  9.68E-13  1.13E-12  1.29E-12  1.45E-12  1.62E-12  1.78E-12  1.95E-12  2.35E-12  2.74E-12  3.11E-12  3.46E-12
  142  18   6  1.91E-13  2.07E-13  2.39E-13  2.81E-13  3.33E-13  3.93E-13  4.63E-13  5.40E-13  6.24E-13  7.13E-13  8.07E-13  1.01E-12  1.22E-12  1.44E-12  1.66E-12  1.88E-12  2.11E-12  2.34E-12  2.56E-12  2.79E-12  3.01E-12  3.55E-12  4.07E-12  4.56E-12  5.03E-12
  143  18   7  3.86E-13  4.19E-13  4.91E-13  5.80E-13  6.86E-13  8.08E-13  9.44E-13  1.09E-12  1.25E-12  1.42E-12  1.59E-12  1.94E-12  2.31E-12  2.68E-12  3.04E-12  3.40E-12  3.75E-12  4.09E-12  4.42E-12  4.74E-12  5.05E-12  5.78E-12  6.45E-12  7.08E-12  7.65E-12
  144  18   8  7.79E-13  8.34E-13  9.28E-13  1.04E-12  1.16E-12  1.29E-12  1.43E-12  1.57E-12  1.72E-12  1.86E-12  2.01E-12  2.30E-12  2.59E-12  2.88E-12  3.15E-12  3.43E-12  3.70E-12  3.97E-12  4.23E-12  4.49E-12  4.75E-12  5.38E-12  5.98E-12  6.56E-12  7.11E-12
  145  18   9  1.69E-12  1.83E-12  2.11E-12  2.42E-12  2.78E-12  3.16E-12  3.56E-12  3.97E-12  4.39E-12  4.80E-12  5.21E-12  6.01E-12  6.78E-12  7.50E-12  8.18E-12  8.82E-12  9.42E-12  9.98E-12  1.05E-11  1.10E-11  1.15E-11  1.26E-11  1.35E-11  1.44E-11  1.51E-11
  146  18  10  2.27E-12  2.43E-12  2.62E-12  2.79E-12  2.95E-12  3.11E-12  3.27E-12  3.42E-12  3.57E-12  3.71E-12  3.86E-12  4.14E-12  4.42E-12  4.71E-12  5.00E-12  5.29E-12  5.59E-12  5.88E-12  6.18E-12  6.48E-12  6.78E-12  7.51E-12  8.23E-12  8.93E-12  9.60E-12
  147  18  11  5.86E-12  6.36E-12  7.19E-12  8.07E-12  8.97E-12  9.87E-12  1.08E-11  1.16E-11  1.25E-11  1.32E-11  1.40E-11  1.54E-11  1.66E-11  1.77E-11  1.86E-11  1.95E-11  2.03E-11  2.10E-11  2.17E-11  2.23E-11  2.29E-11  2.41E-11  2.52E-11  2.62E-11  2.70E-11
  148  18  12  4.99E-12  5.34E-12  5.63E-12  5.78E-12  5.87E-12  5.93E-12  5.98E-12  6.05E-12  6.12E-12  6.20E-12  6.31E-12  6.55E-12  6.85E-12  7.19E-12  7.56E-12  7.95E-12  8.36E-12  8.77E-12  9.19E-12  9.61E-12  1.00E-11  1.11E-11  1.21E-11  1.30E-11  1.40E-11
  149  18  13  1.64E-11  1.78E-11  1.98E-11  2.16E-11  2.33E-11  2.49E-11  2.63E-11  2.76E-11  2.88E-11  2.99E-11  3.09E-11  3.26E-11  3.41E-11  3.53E-11  3.63E-11  3.73E-11  3.80E-11  3.88E-11  3.94E-11  4.00E-11  4.05E-11  4.16E-11  4.26E-11  4.34E-11  4.41E-11
  150  18  14  9.36E-12  1.01E-11  1.07E-11  1.09E-11  1.10E-11  1.10E-11  1.11E-11  1.12E-11  1.14E-11  1.16E-11  1.18E-11  1.24E-11  1.31E-11  1.38E-11  1.46E-11  1.53E-11  1.61E-11  1.68E-11  1.75E-11  1.83E-11  1.90E-11  2.07E-11  2.23E-11  2.38E-11  2.52E-11
  151  18  15  3.89E-11  4.24E-11  4.58E-11  4.84E-11  5.06E-11  5.24E-11  5.40E-11  5.54E-11  5.66E-11  5.77E-11  5.86E-11  6.01E-11  6.13E-11  6.22E-11  6.30E-11  6.37E-11  6.43E-11  6.48E-11  6.53E-11  6.57E-11  6.61E-11  6.69E-11  6.76E-11  6.82E-11  6.87E-11
  152  18  16  2.26E-11  2.49E-11  2.70E-11  2.85E-11  2.96E-11  3.06E-11  3.17E-11  3.27E-11  3.38E-11  3.50E-11  3.61E-11  3.83E-11  4.04E-11  4.24E-11  4.43E-11  4.62E-11  4.79E-11  4.96E-11  5.12E-11  5.28E-11  5.43E-11  5.78E-11  6.10E-11  6.40E-11  6.68E-11
  153  18  17  9.36E-11  1.01E-10  1.04E-10  1.06E-10  1.06E-10  1.07E-10  1.07E-10  1.08E-10  1.08E-10  1.09E-10  1.09E-10  1.10E-10  1.10E-10  1.11E-10  1.11E-10  1.12E-10  1.12E-10  1.12E-10  1.13E-10  1.13E-10  1.13E-10  1.14E-10  1.15E-10  1.15E-10  1.16E-10
  154  19   1  3.76E-16  4.27E-16  5.66E-16  7.86E-16  1.12E-15  1.61E-15  2.31E-15  3.27E-15  4.54E-15  6.17E-15  8.21E-15  1.37E-14  2.11E-14  3.07E-14  4.23E-14  5.59E-14  7.12E-14  8.80E-14  1.06E-13  1.25E-13  1.45E-13  1.97E-13  2.51E-13  3.03E-13  3.54E-13
  155  19   2  1.56E-15  1.73E-15  2.19E-15  2.87E-15  3.83E-15  5.15E-15  6.89E-15  9.12E-15  1.19E-14  1.53E-14  1.93E-14  2.92E-14  4.17E-14  5.67E-14  7.39E-14  9.30E-14  1.14E-13  1.36E-13  1.60E-13  1.84E-13  2.10E-13  2.77E-13  3.47E-13  4.18E-13  4.90E-13
  156  19   3  6.17E-15  6.79E-15  8.51E-15  1.11E-14  1.48E-14  1.98E-14  2.64E-14  3.49E-14  4.55E-14  5.83E-14  7.35E-14  1.11E-13  1.59E-13  2.17E-13  2.84E-13  3.59E-13  4.41E-13  5.29E-13  6.22E-13  7.19E-13  8.19E-13  1.07E-12  1.33E-12  1.58E-12  1.83E-12
  157  19   4  1.43E-14  1.56E-14  1.88E-14  2.35E-14  2.98E-14  3.78E-14  4.77E-14  5.97E-14  7.39E-14  9.01E-14  1.08E-13  1.51E-13  2.01E-13  2.58E-13  3.20E-13  3.87E-13  4.57E-13  5.30E-13  6.06E-13  6.83E-13  7.61E-13  9.62E-13  1.16E-12  1.36E-12  1.56E-12
  158  19   5  4.64E-14  5.00E-14  5.97E-14  7.33E-14  9.14E-14  1.14E-13  1.42E-13  1.75E-13  2.13E-13  2.56E-13  3.03E-13  4.11E-13  5.35E-13  6.72E-13  8.19E-13  9.75E-13  1.14E-12  1.30E-12  1.48E-12  1.65E-12  1.82E-12  2.26E-12  2.69E-12  3.10E-12  3.49E-12
  159  19   6  9.09E-14  9.75E-14  1.15E-13  1.39E-13  1.70E-13  2.07E-13  2.50E-13  2.99E-13  3.54E-13  4.14E-13  4.78E-13  6.20E-13  7.74E-13  9.37E-13  1.11E-12  1.28E-12  1.46E-12  1.63E-12  1.81E-12  1.99E-12  2.16E-12  2.59E-12  3.01E-12  3.40E-12  3.77E-12
  160  19   7  2.38E-13  2.53E-13  2.89E-13  3.38E-13  3.97E-13  4.67E-13  5.46E-13  6.33E-13  7.27E-13  8.26E-13  9.30E-13  1.15E-12  1.38E-12  1.61E-12  1.85E-12  2.09E-12  2.32E-12  2.56E-12  2.80E-12  3.03E-12  3.26E-12  3.82E-12  4.36E-12  4.87E-12  5.35E-12
  161  19   8  4.54E-13  4.85E-13  5.63E-13  6.65E-13  7.85E-13  9.22E-13  1.07E-12  1.24E-12  1.41E-12  1.59E-12  1.78E-12  2.17E-12  2.56E-12  2.95E-12  3.34E-12  3.71E-12  4.08E-12  4.44E-12  4.78E-12  5.11E-12  5.43E-12  6.19E-12  6.89E-12  7.52E-12  8.11E-12
  162  19   9  8.79E-13  9.27E-13  1.02E-12  1.14E-12  1.27E-12  1.41E-12  1.56E-12  1.72E-12  1.87E-12  2.03E-12  2.18E-12  2.49E-12  2.79E-12  3.09E-12  3.38E-12  3.66E-12  3.94E-12  4.21E-12  4.48E-12  4.74E-12  5.00E-12  5.63E-12  6.24E-12  6.82E-12  7.37E-12
  163  19  10  1.83E-12  1.96E-12  2.24E-12  2.58E-12  2.97E-12  3.38E-12  3.81E-12  4.25E-12  4.69E-12  5.13E-12  5.56E-12  6.41E-12  7.21E-12  7.96E-12  8.67E-12  9.33E-12  9.94E-12  1.05E-11  1.11E-11  1.16E-11  1.21E-11  1.32E-11  1.41E-11  1.50E-11  1.57E-11
  164  19  11  2.39E-12  2.51E-12  2.70E-12  2.88E-12  3.05E-12  3.22E-12  3.39E-12  3.55E-12  3.70E-12  3.85E-12  4.00E-12  4.30E-12  4.59E-12  4.88E-12  5.18E-12  5.48E-12  5.78E-12  6.08E-12  6.38E-12  6.68E-12  6.98E-12  7.71E-12  8.43E-12  9.12E-12  9.78E-12
  165  19  12  6.01E-12  6.41E-12  7.23E-12  8.14E-12  9.08E-12  1.00E-11  1.10E-11  1.19E-11  1.27E-11  1.36E-11  1.44E-11  1.58E-11  1.71E-11  1.82E-11  1.92E-11  2.01E-11  2.09E-11  2.17E-11  2.23E-11  2.30E-11  2.35E-11  2.48E-11  2.59E-11  2.68E-11  2.77E-11
  166  19  13  5.03E-12  5.28E-12  5.55E-12  5.72E-12  5.83E-12  5.91E-12  5.99E-12  6.06E-12  6.15E-12  6.24E-12  6.35E-12  6.61E-12  6.92E-12  7.27E-12  7.65E-12  8.05E-12  8.45E-12  8.87E-12  9.29E-12  9.71E-12  1.01E-11  1.12E-11  1.22E-11  1.31E-11  1.40E-11
  167  19  14  1.63E-11  1.74E-11  1.92E-11  2.10E-11  2.28E-11  2.44E-11  2.60E-11  2.74E-11  2.87E-11  2.98E-11  3.09E-11  3.27E-11  3.42E-11  3.55E-11  3.67E-11  3.76E-11  3.85E-11  3.92E-11  3.99E-11  4.05E-11  4.11E-11  4.22E-11  4.32E-11  4.41E-11  4.48E-11
  168  19  15  9.29E-12  9.81E-12  1.03E-11  1.05E-11  1.06E-11  1.07E-11  1.08E-11  1.09E-11  1.11E-11  1.13E-11  1.16E-11  1.22E-11  1.29E-11  1.36E-11  1.44E-11  1.52E-11  1.59E-11  1.67E-11  1.74E-11  1.81E-11  1.89E-11  2.06E-11  2.22E-11  2.37E-11  2.51E-11
  169  19  16  3.86E-11  4.11E-11  4.41E-11  4.67E-11  4.90E-11  5.11E-11  5.28E-11  5.44E-11  5.57E-11  5.69E-11  5.79E-11  5.96E-11  6.10E-11  6.21E-11  6.31E-11  6.38E-11  6.45E-11  6.51E-11  6.56E-11  6.61E-11  6.65E-11  6.74E-11  6.82E-11  6.88E-11  6.93E-11
  170  19  17  2.28E-11  2.43E-11  2.60E-11  2.73E-11  2.84E-11  2.94E-11  3.04E-11  3.15E-11  3.26E-11  3.37E-11  3.49E-11  3.71E-11  3.92E-11  4.13E-11  4.33E-11  4.52E-11  4.70E-11  4.87E-11  5.03E-11  5.19E-11  5.34E-11  5.70E-11  6.03E-11  6.33E-11  6.61E-11
  171  19  18  9.74E-11  1.02E-10  1.04E-10  1.05E-10  1.06E-10  1.07E-10  1.07E-10  1.08E-10  1.09E-10  1.09E-10  1.09E-10  1.10E-10  1.11E-10  1.11E-10  1.12E-10  1.12E-10  1.13E-10  1.13E-10  1.14E-10  1.14E-10  1.14E-10  1.15E-10  1.16E-10  1.16E-10  1.17E-10
  172  20   1  1.56E-16  1.82E-16  2.43E-16  3.32E-16  4.62E-16  6.46E-16  9.00E-16  1.24E-15  1.68E-15  2.22E-15  2.89E-15  4.63E-15  6.93E-15  9.78E-15  1.32E-14  1.70E-14  2.13E-14  2.60E-14  3.10E-14  3.64E-14  4.19E-14  5.68E-14  7.27E-14  8.92E-14  1.06E-13
  173  20   2  8.63E-16  1.00E-15  1.34E-15  1.84E-15  2.59E-15  3.68E-15  5.22E-15  7.31E-15  1.01E-14  1.36E-14  1.81E-14  3.00E-14  4.65E-14  6.79E-14  9.43E-14  1.26E-13  1.61E-13  2.01E-13  2.45E-13  2.91E-13  3.40E-13  4.71E-13  6.09E-13  7.47E-13  8.83E-13
  174  20   3  2.43E-15  2.76E-15  3.50E-15  4.54E-15  5.98E-15  7.89E-15  1.04E-14  1.35E-14  1.74E-14  2.21E-14  2.75E-14  4.09E-14  5.76E-14  7.75E-14  1.00E-13  1.26E-13  1.53E-13  1.83E-13  2.14E-13  2.47E-13  2.80E-13  3.69E-13  4.62E-13  5.57E-13  6.53E-13
  175  20   4  8.79E-15  9.93E-15  1.25E-14  1.62E-14  2.13E-14  2.81E-14  3.69E-14  4.80E-14  6.16E-14  7.78E-14  9.69E-14  1.44E-13  2.02E-13  2.71E-13  3.51E-13  4.40E-13  5.37E-13  6.41E-13  7.51E-13  8.66E-13  9.84E-13  1.29E-12  1.60E-12  1.91E-12  2.21E-12
  176  20   5  1.84E-14  2.05E-14  2.51E-14  3.13E-14  3.93E-14  4.94E-14  6.17E-14  7.64E-14  9.35E-14  1.13E-13  1.35E-13  1.85E-13  2.43E-13  3.07E-13  3.78E-13  4.53E-13  5.32E-13  6.13E-13  6.97E-13  7.83E-13  8.70E-13  1.09E-12  1.31E-12  1.53E-12  1.75E-12
  177  20   6  5.66E-14  6.29E-14  7.60E-14  9.34E-14  1.16E-13  1.44E-13  1.77E-13  2.16E-13  2.60E-13  3.10E-13  3.65E-13  4.88E-13  6.28E-13  7.80E-13  9.42E-13  1.11E-12  1.29E-12  1.47E-12  1.65E-12  1.84E-12  2.02E-12  2.49E-12  2.94E-12  3.38E-12  3.80E-12
  178  20   7  1.03E-13  1.14E-13  1.37E-13  1.67E-13  2.03E-13  2.46E-13  2.96E-13  3.52E-13  4.14E-13  4.82E-13  5.55E-13  7.12E-13  8.81E-13  1.06E-12  1.24E-12  1.43E-12  1.62E-12  1.81E-12  2.00E-12  2.19E-12  2.37E-12  2.82E-12  3.26E-12  3.67E-12  4.06E-12
  179  20   8  2.60E-13  2.85E-13  3.32E-13  3.90E-13  4.59E-13  5.38E-13  6.26E-13  7.23E-13  8.26E-13  9.35E-13  1.05E-12  1.29E-12  1.53E-12  1.78E-12  2.03E-12  2.28E-12  2.53E-12  2.78E-12  3.02E-12  3.26E-12  3.50E-12  4.07E-12  4.62E-12  5.14E-12  5.64E-12
  180  20   9  4.72E-13  5.21E-13  6.17E-13  7.34E-13  8.70E-13  1.02E-12  1.19E-12  1.37E-12  1.56E-12  1.76E-12  1.96E-12  2.37E-12  2.79E-12  3.20E-12  3.61E-12  4.01E-12  4.39E-12  4.76E-12  5.12E-12  5.46E-12  5.80E-12  6.58E-12  7.29E-12  7.94E-12  8.54E-12
  181  20  10  8.80E-13  9.61E-13  1.09E-12  1.22E-12  1.37E-12  1.52E-12  1.68E-12  1.84E-12  2.01E-12  2.17E-12  2.34E-12  2.66E-12  2.97E-12  3.28E-12  3.58E-12  3.87E-12  4.16E-12  4.44E-12  4.71E-12  4.98E-12  5.24E-12  5.88E-12  6.48E-12  7.06E-12  7.61E-12
  182  20  11  1.77E-12  1.96E-12  2.29E-12  2.68E-12  3.09E-12  3.53E-12  3.99E-12  4.46E-12  4.92E-12  5.39E-12  5.85E-12  6.73E-12  7.57E-12  8.35E-12  9.08E-12  9.76E-12  1.04E-11  1.10E-11  1.15E-11  1.21E-11  1.26E-11  1.37E-11  1.47E-11  1.55E-11  1.63E-11
  183  20  12  2.24E-12  2.45E-12  2.69E-12  2.91E-12  3.11E-12  3.30E-12  3.47E-12  3.65E-12  3.81E-12  3.97E-12  4.13E-12  4.43E-12  4.73E-12  5.03E-12  5.34E-12  5.64E-12  5.95E-12  6.25E-12  6.56E-12  6.86E-12  7.16E-12  7.90E-12  8.61E-12  9.30E-12  9.95E-12
  184  20  13  5.49E-12  6.09E-12  7.03E-12  8.01E-12  9.02E-12  1.00E-11  1.10E-11  1.20E-11  1.29E-11  1.37E-11  1.45E-11  1.60E-11  1.74E-11  1.85E-11  1.96E-11  2.05E-11  2.14E-11  2.21E-11  2.28E-11  2.35E-11  2.41E-11  2.54E-11  2.65E-11  2.74E-11  2.83E-11
  185  20  14  4.52E-12  4.94E-12  5.33E-12  5.57E-12  5.73E-12  5.85E-12  5.95E-12  6.05E-12  6.15E-12  6.26E-12  6.38E-12  6.66E-12  6.98E-12  7.33E-12  7.72E-12  8.12E-12  8.53E-12  8.95E-12  9.37E-12  9.79E-12  1.02E-11  1.12E-11  1.22E-11  1.32E-11  1.41E-11
  186  20  15  1.44E-11  1.60E-11  1.81E-11  2.01E-11  2.20E-11  2.37E-11  2.54E-11  2.69E-11  2.82E-11  2.95E-11  3.06E-11  3.25E-11  3.42E-11  3.56E-11  3.68E-11  3.78E-11  3.87E-11  3.95E-11  4.02E-11  4.09E-11  4.14E-11  4.27E-11  4.37E-11  4.46E-11  4.53E-11
  187  20  16  8.19E-12  9.01E-12  9.67E-12  1.00E-11  1.02E-11  1.03E-11  1.05E-11  1.06E-11  1.08E-11  1.11E-11  1.14E-11  1.20E-11  1.27E-11  1.34E-11  1.42E-11  1.50E-11  1.58E-11  1.65E-11  1.73E-11  1.80E-11  1.87E-11  2.04E-11  2.20E-11  2.36E-11  2.50E-11
  188  20  17  3.40E-11  3.77E-11  4.15E-11  4.45E-11  4.71E-11  4.94E-11  5.13E-11  5.31E-11  5.46E-11  5.59E-11  5.71E-11  5.90E-11  6.06E-11  6.18E-11  6.29E-11  6.38E-11  6.46E-11  6.52E-11  6.58E-11  6.64E-11  6.68E-11  6.78E-11  6.87E-11  6.93E-11  6.99E-11
  189  20  18  2.02E-11  2.24E-11  2.44E-11  2.58E-11  2.70E-11  2.80E-11  2.91E-11  3.02E-11  3.13E-11  3.24E-11  3.36E-11  3.58E-11  3.80E-11  4.01E-11  4.21E-11  4.41E-11  4.59E-11  4.77E-11  4.93E-11  5.10E-11  5.25E-11  5.62E-11  5.95E-11  6.26E-11  6.54E-11
  190  20  19  8.84E-11  9.73E-11  1.02E-10  1.04E-10  1.05E-10  1.06E-10  1.07E-10  1.08E-10  1.09E-10  1.09E-10  1.10E-10  1.11E-10  1.11E-10  1.12E-10  1.13E-10  1.13E-10  1.14E-10  1.14E-10  1.15E-10  1.15E-10  1.15E-10  1.16E-10  1.17E-10  1.17E-10  1.18E-10
  191  21   1  8.58E-17  9.99E-17  1.37E-16  1.97E-16  2.90E-16  4.32E-16  6.43E-16  9.46E-16  1.37E-15  1.93E-15  2.68E-15  4.81E-15  7.97E-15  1.23E-14  1.80E-14  2.50E-14  3.33E-14  4.30E-14  5.38E-14  6.57E-14  7.86E-14  1.14E-13  1.53E-13  1.93E-13  2.34E-13
  192  21   2  3.88E-16  4.40E-16  5.74E-16  7.75E-16  1.06E-15  1.47E-15  2.03E-15  2.76E-15  3.71E-15  4.90E-15  6.35E-15  1.01E-14  1.51E-14  2.14E-14  2.88E-14  3.74E-14  4.70E-14  5.75E-14  6.89E-14  8.09E-14  9.36E-14  1.27E-13  1.64E-13  2.02E-13  2.41E-13
  193  21   3  1.53E-15  1.73E-15  2.24E-15  3.03E-15  4.18E-15  5.83E-15  8.09E-15  1.11E-14  1.51E-14  2.01E-14  2.63E-14  4.27E-14  6.52E-14  9.41E-14  1.30E-13  1.72E-13  2.20E-13  2.74E-13  3.33E-13  3.97E-13  4.65E-13  6.48E-13  8.42E-13  1.04E-12  1.24E-12
  194  21   4  3.74E-15  4.14E-15  5.13E-15  6.57E-15  8.52E-15  1.11E-14  1.44E-14  1.84E-14  2.34E-14  2.93E-14  3.61E-14  5.26E-14  7.29E-14  9.68E-14  1.24E-13  1.54E-13  1.87E-13  2.21E-13  2.58E-13  2.96E-13  3.36E-13  4.40E-13  5.49E-13  6.60E-13  7.71E-13
  195  21   5  1.27E-14  1.40E-14  1.74E-14  2.22E-14  2.89E-14  3.77E-14  4.89E-14  6.28E-14  7.96E-14  9.94E-14  1.22E-13  1.78E-13  2.47E-13  3.27E-13  4.18E-13  5.19E-13  6.29E-13  7.46E-13  8.68E-13  9.96E-13  1.13E-12  1.47E-12  1.81E-12  2.16E-12  2.49E-12
  196  21   6  2.44E-14  2.66E-14  3.21E-14  3.97E-14  4.95E-14  6.18E-14  7.66E-14  9.40E-14  1.14E-13  1.37E-13  1.62E-13  2.19E-13  2.85E-13  3.57E-13  4.36E-13  5.19E-13  6.05E-13  6.94E-13  7.86E-13  8.79E-13  9.74E-13  1.21E-12  1.45E-12  1.69E-12  1.92E-12
  197  21   7  7.22E-14  7.85E-14  9.36E-14  1.14E-13  1.41E-13  1.74E-13  2.13E-13  2.58E-13  3.09E-13  3.66E-13  4.28E-13  5.66E-13  7.21E-13  8.88E-13  1.07E-12  1.25E-12  1.44E-12  1.63E-12  1.83E-12  2.02E-12  2.22E-12  2.71E-12  3.18E-12  3.64E-12  4.07E-12
  198  21   8  1.24E-13  1.34E-13  1.60E-13  1.94E-13  2.35E-13  2.84E-13  3.40E-13  4.04E-13  4.73E-13  5.48E-13  6.28E-13  8.01E-13  9.85E-13  1.18E-12  1.38E-12  1.58E-12  1.78E-12  1.98E-12  2.18E-12  2.38E-12  2.57E-12  3.04E-12  3.50E-12  3.92E-12  4.33E-12
  199  21   9  3.01E-13  3.25E-13  3.75E-13  4.39E-13  5.15E-13  6.03E-13  7.00E-13  8.06E-13  9.19E-13  1.04E-12  1.16E-12  1.41E-12  1.68E-12  1.94E-12  2.21E-12  2.47E-12  2.73E-12  2.99E-12  3.24E-12  3.49E-12  3.73E-12  4.32E-12  4.88E-12  5.40E-12  5.90E-12
  200  21  10  5.23E-13  5.67E-13  6.67E-13  7.94E-13  9.41E-13  1.11E-12  1.29E-12  1.48E-12  1.69E-12  1.90E-12  2.11E-12  2.55E-12  3.00E-12  3.43E-12  3.86E-12  4.27E-12  4.67E-12  5.06E-12  5.43E-12  5.78E-12  6.13E-12  6.93E-12  7.66E-12  8.32E-12  8.93E-12
  201  21  11  9.49E-13  1.02E-12  1.14E-12  1.28E-12  1.44E-12  1.60E-12  1.77E-12  1.95E-12  2.12E-12  2.29E-12  2.47E-12  2.80E-12  3.13E-12  3.45E-12  3.76E-12  4.06E-12  4.35E-12  4.64E-12  4.92E-12  5.19E-12  5.46E-12  6.10E-12  6.71E-12  7.29E-12  7.83E-12
  202  21  12  1.85E-12  2.01E-12  2.33E-12  2.73E-12  3.16E-12  3.63E-12  4.11E-12  4.60E-12  5.09E-12  5.58E-12  6.05E-12  6.98E-12  7.85E-12  8.66E-12  9.42E-12  1.01E-11  1.08E-11  1.14E-11  1.20E-11  1.25E-11  1.30E-11  1.41E-11  1.51E-11  1.60E-11  1.68E-11
  203  21  13  2.30E-12  2.46E-12  2.69E-12  2.92E-12  3.13E-12  3.33E-12  3.52E-12  3.70E-12  3.88E-12  4.05E-12  4.21E-12  4.53E-12  4.84E-12  5.15E-12  5.47E-12  5.78E-12  6.09E-12  6.40E-12  6.71E-12  7.01E-12  7.32E-12  8.06E-12  8.77E-12  9.46E-12  1.01E-11
  204  21  14  5.47E-12  5.96E-12  6.85E-12  7.84E-12  8.87E-12  9.90E-12  1.09E-11  1.19E-11  1.28E-11  1.37E-11  1.46E-11  1.61E-11  1.75E-11  1.87E-11  1.98E-11  2.08E-11  2.17E-11  2.25E-11  2.32E-11  2.39E-11  2.45E-11  2.58E-11  2.69E-11  2.79E-11  2.88E-11
  205  21  15  4.49E-12  4.82E-12  5.17E-12  5.43E-12  5.62E-12  5.76E-12  5.88E-12  6.00E-12  6.11E-12  6.24E-12  6.37E-12  6.66E-12  6.99E-12  7.36E-12  7.75E-12  8.16E-12  8.57E-12  9.00E-12  9.42E-12  9.84E-12  1.03E-11  1.13E-11  1.23E-11  1.33E-11  1.42E-11
  206  21  16  1.40E-11  1.53E-11  1.72E-11  1.92E-11  2.11E-11  2.29E-11  2.46E-11  2.62E-11  2.76E-11  2.89E-11  3.01E-11  3.22E-11  3.39E-11  3.54E-11  3.67E-11  3.78E-11  3.87E-11  3.96E-11  4.04E-11  4.10E-11  4.17E-11  4.30E-11  4.41E-11  4.50E-11  4.58E-11
  207  21  17  8.09E-12  8.71E-12  9.28E-12  9.64E-12  9.86E-12  1.00E-11  1.02E-11  1.04E-11  1.06E-11  1.08E-11  1.11E-11  1.17E-11  1.25E-11  1.32E-11  1.40E-11  1.48E-11  1.55E-11  1.63E-11  1.71E-11  1.78E-11  1.85E-11  2.02E-11  2.19E-11  2.34E-11  2.48E-11
  208  21  18  3.33E-11  3.62E-11  3.96E-11  4.26E-11  4.53E-11  4.77E-11  4.98E-11  5.17E-11  5.33E-11  5.48E-11  5.60E-11  5.82E-11  5.99E-11  6.14E-11  6.26E-11  6.36E-11  6.45E-11  6.52E-11  6.59E-11  6.65E-11  6.70E-11  6.81E-11  6.90E-11  6.98E-11  7.04E-11
  209  21  19  2.01E-11  2.19E-11  2.35E-11  2.49E-11  2.60E-11  2.70E-11  2.80E-11  2.91E-11  3.02E-11  3.13E-11  3.24E-11  3.47E-11  3.68E-11  3.90E-11  4.10E-11  4.30E-11  4.48E-11  4.66E-11  4.83E-11  5.00E-11  5.16E-11  5.53E-11  5.87E-11  6.18E-11  6.47E-11
  210  21  20  9.05E-11  9.73E-11  1.01E-10  1.03E-10  1.04E-10  1.06E-10  1.07E-10  1.08E-10  1.09E-10  1.09E-10  1.10E-10  1.11E-10  1.12E-10  1.13E-10  1.14E-10  1.14E-10  1.15E-10  1.15E-10  1.15E-10  1.16E-10  1.16E-10  1.17E-10  1.18E-10  1.18E-10  1.19E-10
  211  22   1  4.11E-17  4.62E-17  6.24E-17  8.80E-17  1.26E-16  1.82E-16  2.62E-16  3.73E-16  5.20E-16  7.13E-16  9.56E-16  1.62E-15  2.55E-15  3.76E-15  5.27E-15  7.05E-15  9.09E-15  1.14E-14  1.39E-14  1.65E-14  1.94E-14  2.71E-14  3.55E-14  4.44E-14  5.35E-14
  212  22   2  2.20E-16  2.46E-16  3.30E-16  4.68E-16  6.80E-16  9.99E-16  1.47E-15  2.13E-15  3.05E-15  4.28E-15  5.89E-15  1.05E-14  1.74E-14  2.70E-14  3.96E-14  5.54E-14  7.44E-14  9.66E-14  1.22E-13  1.50E-13  1.81E-13  2.68E-13  3.64E-13  4.67E-13  5.72E-13
  213  22   3  6.87E-16  7.44E-16  9.47E-16  1.26E-15  1.70E-15  2.30E-15  3.12E-15  4.17E-15  5.52E-15  7.18E-15  9.19E-15  1.44E-14  2.11E-14  2.96E-14  3.96E-14  5.11E-14  6.40E-14  7.81E-14  9.33E-14  1.10E-13  1.27E-13  1.72E-13  2.22E-13  2.73E-13  3.25E-13
  214  22   4  2.48E-15  2.67E-15  3.39E-15  4.53E-15  6.18E-15  8.46E-15  1.16E-14  1.56E-14  2.08E-14  2.73E-14  3.53E-14  5.61E-14  8.39E-14  1.19E-13  1.62E-13  2.13E-13  2.71E-13  3.35E-13  4.05E-13  4.81E-13  5.61E-13  7.78E-13  1.01E-12  1.25E-12  1.49E-12
  215  22   5  5.46E-15  5.76E-15  7.04E-15  8.94E-15  1.15E-14  1.48E-14  1.89E-14  2.40E-14  3.01E-14  3.72E-14  4.54E-14  6.50E-14  8.88E-14  1.16E-13  1.48E-13  1.82E-13  2.19E-13  2.58E-13  2.99E-13  3.42E-13  3.87E-13  5.03E-13  6.24E-13  7.47E-13  8.71E-13
  216  22   6  1.77E-14  1.87E-14  2.28E-14  2.90E-14  3.74E-14  4.83E-14  6.21E-14  7.90E-14  9.92E-14  1.23E-13  1.50E-13  2.15E-13  2.94E-13  3.85E-13  4.88E-13  6.01E-13  7.22E-13  8.50E-13  9.84E-13  1.12E-12  1.27E-12  1.63E-12  2.00E-12  2.37E-12  2.73E-12
  217  22   7  3.15E-14  3.29E-14  3.93E-14  4.85E-14  6.03E-14  7.47E-14  9.21E-14  1.12E-13  1.35E-13  1.61E-13  1.90E-13  2.54E-13  3.27E-13  4.07E-13  4.93E-13  5.84E-13  6.77E-13  7.74E-13  8.72E-13  9.72E-13  1.07E-12  1.33E-12  1.58E-12  1.83E-12  2.08E-12
  218  22   8  9.01E-14  9.40E-14  1.11E-13  1.36E-13  1.67E-13  2.04E-13  2.49E-13  3.00E-13  3.58E-13  4.21E-13  4.91E-13  6.44E-13  8.13E-13  9.96E-13  1.19E-12  1.39E-12  1.59E-12  1.79E-12  2.00E-12  2.21E-12  2.41E-12  2.92E-12  3.41E-12  3.88E-12  4.32E-12
  219  22   9  1.46E-13  1.53E-13  1.80E-13  2.18E-13  2.65E-13  3.20E-13  3.83E-13  4.53E-13  5.29E-13  6.11E-13  6.99E-13  8.85E-13  1.08E-12  1.29E-12  1.50E-12  1.71E-12  1.93E-12  2.14E-12  2.35E-12  2.55E-12  2.76E-12  3.25E-12  3.72E-12  4.16E-12  4.58E-12
  220  22  10  3.45E-13  3.58E-13  4.11E-13  4.83E-13  5.67E-13  6.63E-13  7.69E-13  8.83E-13  1.00E-12  1.13E-12  1.26E-12  1.53E-12  1.81E-12  2.09E-12  2.37E-12  2.65E-12  2.92E-12  3.19E-12  3.45E-12  3.70E-12  3.95E-12  4.55E-12  5.12E-12  5.65E-12  6.15E-12
  221  22  11  5.74E-13  6.00E-13  7.02E-13  8.40E-13  9.99E-13  1.18E-12  1.37E-12  1.58E-12  1.80E-12  2.02E-12  2.25E-12  2.71E-12  3.18E-12  3.63E-12  4.08E-12  4.51E-12  4.92E-12  5.32E-12  5.70E-12  6.07E-12  6.42E-12  7.25E-12  7.99E-12  8.67E-12  9.28E-12
  222  22  12  1.01E-12  1.05E-12  1.18E-12  1.33E-12  1.50E-12  1.67E-12  1.85E-12  2.03E-12  2.22E-12  2.40E-12  2.58E-12  2.93E-12  3.27E-12  3.60E-12  3.92E-12  4.23E-12  4.53E-12  4.83E-12  5.11E-12  5.39E-12  5.66E-12  6.31E-12  6.93E-12  7.50E-12  8.04E-12
  223  22  13  1.90E-12  2.00E-12  2.33E-12  2.74E-12  3.19E-12  3.68E-12  4.18E-12  4.69E-12  5.20E-12  5.70E-12  6.20E-12  7.16E-12  8.06E-12  8.90E-12  9.68E-12  1.04E-11  1.11E-11  1.17E-11  1.23E-11  1.28E-11  1.34E-11  1.45E-11  1.55E-11  1.64E-11  1.72E-11
  224  22  14  2.32E-12  2.42E-12  2.66E-12  2.90E-12  3.13E-12  3.35E-12  3.55E-12  3.75E-12  3.93E-12  4.11E-12  4.28E-12  4.61E-12  4.94E-12  5.26E-12  5.58E-12  5.90E-12  6.21E-12  6.53E-12  6.84E-12  7.15E-12  7.46E-12  8.21E-12  8.92E-12  9.61E-12  1.03E-11
  225  22  15  5.39E-12  5.71E-12  6.57E-12  7.58E-12  8.63E-12  9.69E-12  1.07E-11  1.17E-11  1.27E-11  1.36E-11  1.45E-11  1.61E-11  1.76E-11  1.88E-11  2.00E-11  2.10E-11  2.19E-11  2.27E-11  2.34E-11  2.41E-11  2.48E-11  2.62E-11  2.73E-11  2.83E-11  2.92E-11
  226  22  16  4.39E-12  4.60E-12  4.97E-12  5.27E-12  5.49E-12  5.67E-12  5.81E-12  5.95E-12  6.08E-12  6.21E-12  6.35E-12  6.66E-12  7.01E-12  7.38E-12  7.77E-12  8.19E-12  8.61E-12  9.03E-12  9.46E-12  9.88E-12  1.03E-11  1.13E-11  1.23E-11  1.33E-11  1.42E-11
  227  22  17  1.34E-11  1.43E-11  1.62E-11  1.82E-11  2.02E-11  2.20E-11  2.38E-11  2.54E-11  2.69E-11  2.82E-11  2.95E-11  3.17E-11  3.35E-11  3.51E-11  3.64E-11  3.76E-11  3.86E-11  3.96E-11  4.04E-11  4.11E-11  4.18E-11  4.32E-11  4.43E-11  4.53E-11  4.61E-11
  228  22  18  7.81E-12  8.25E-12  8.83E-12  9.23E-12  9.50E-12  9.71E-12  9.89E-12  1.01E-11  1.03E-11  1.06E-11  1.09E-11  1.15E-11  1.22E-11  1.30E-11  1.37E-11  1.45E-11  1.53E-11  1.61E-11  1.68E-11  1.76E-11  1.83E-11  2.00E-11  2.17E-11  2.32E-11  2.46E-11
  229  22  19  3.20E-11  3.41E-11  3.75E-11  4.06E-11  4.35E-11  4.60E-11  4.82E-11  5.02E-11  5.20E-11  5.36E-11  5.50E-11  5.73E-11  5.92E-11  6.08E-11  6.21E-11  6.33E-11  6.42E-11  6.51E-11  6.58E-11  6.65E-11  6.71E-11  6.83E-11  6.93E-11  7.01E-11  7.08E-11
  230  22  20  1.95E-11  2.09E-11  2.25E-11  2.38E-11  2.49E-11  2.59E-11  2.69E-11  2.80E-11  2.90E-11  3.01E-11  3.12E-11  3.35E-11  3.57E-11  3.78E-11  3.98E-11  4.18E-11  4.37E-11  4.55E-11  4.73E-11  4.89E-11  5.06E-11  5.43E-11  5.78E-11  6.10E-11  6.39E-11
  231  22  21  8.92E-11  9.47E-11  9.88E-11  1.01E-10  1.03E-10  1.05E-10  1.06E-10  1.08E-10  1.09E-10  1.09E-10  1.10E-10  1.12E-10  1.13E-10  1.14E-10  1.14E-10  1.15E-10  1.15E-10  1.16E-10  1.16E-10  1.17E-10  1.17E-10  1.18E-10  1.19E-10  1.19E-10  1.20E-10
  232  23   1  1.89E-17  2.26E-17  3.20E-17  4.72E-17  7.17E-17  1.10E-16  1.69E-16  2.58E-16  3.86E-16  5.67E-16  8.14E-16  1.57E-15  2.78E-15  4.58E-15  7.08E-15  1.04E-14  1.45E-14  1.95E-14  2.54E-14  3.21E-14  3.97E-14  6.18E-14  8.76E-14  1.16E-13  1.46E-13
  233  23   2  9.49E-17  1.10E-16  1.49E-16  2.08E-16  2.95E-16  4.21E-16  5.98E-16  8.42E-16  1.17E-15  1.59E-15  2.12E-15  3.58E-15  5.63E-15  8.32E-15  1.17E-14  1.57E-14  2.03E-14  2.56E-14  3.13E-14  3.76E-14  4.42E-14  6.24E-14  8.22E-14  1.03E-13  1.25E-13
  234  23   3  3.63E-16  4.19E-16  5.61E-16  7.83E-16  1.12E-15  1.61E-15  2.32E-15  3.31E-15  4.65E-15  6.42E-15  8.72E-15  1.52E-14  2.47E-14  3.78E-14  5.48E-14  7.61E-14  1.02E-13  1.32E-13  1.66E-13  2.04E-13  2.46E-13  3.65E-13  5.00E-13  6.44E-13  7.93E-13
  235  23   4  9.77E-16  1.10E-15  1.41E-15  1.85E-15  2.46E-15  3.29E-15  4.39E-15  5.79E-15  7.54E-15  9.68E-15  1.22E-14  1.87E-14  2.71E-14  3.73E-14  4.94E-14  6.32E-14  7.86E-14  9.54E-14  1.13E-13  1.33E-13  1.53E-13  2.07E-13  2.66E-13  3.27E-13  3.89E-13
  236  23   5  3.30E-15  3.72E-15  4.76E-15  6.32E-15  8.52E-15  1.15E-14  1.56E-14  2.08E-14  2.74E-14  3.56E-14  4.54E-14  7.08E-14  1.04E-13  1.46E-13  1.96E-13  2.55E-13  3.21E-13  3.94E-13  4.73E-13  5.59E-13  6.49E-13  8.92E-13  1.15E-12  1.42E-12  1.69E-12
  237  23   6  6.62E-15  7.34E-15  9.06E-15  1.15E-14  1.47E-14  1.87E-14  2.38E-14  2.99E-14  3.72E-14  4.56E-14  5.52E-14  7.80E-14  1.05E-13  1.37E-13  1.72E-13  2.10E-13  2.51E-13  2.94E-13  3.39E-13  3.86E-13  4.35E-13  5.61E-13  6.93E-13  8.27E-13  9.60E-13
  238  23   7  2.07E-14  2.29E-14  2.83E-14  3.60E-14  4.63E-14  5.95E-14  7.59E-14  9.59E-14  1.20E-13  1.47E-13  1.79E-13  2.53E-13  3.42E-13  4.44E-13  5.59E-13  6.83E-13  8.15E-13  9.55E-13  1.10E-12  1.25E-12  1.40E-12  1.79E-12  2.18E-12  2.57E-12  2.95E-12
  239  23   8  3.44E-14  3.79E-14  4.59E-14  5.68E-14  7.05E-14  8.72E-14  1.07E-13  1.30E-13  1.56E-13  1.85E-13  2.17E-13  2.89E-13  3.69E-13  4.56E-13  5.50E-13  6.47E-13  7.48E-13  8.51E-13  9.56E-13  1.06E-12  1.17E-12  1.44E-12  1.71E-12  1.97E-12  2.22E-12
  240  23   9  9.58E-14  1.05E-13  1.26E-13  1.55E-13  1.90E-13  2.33E-13  2.83E-13  3.40E-13  4.04E-13  4.75E-13  5.51E-13  7.18E-13  9.02E-13  1.10E-12  1.30E-12  1.52E-12  1.73E-12  1.95E-12  2.17E-12  2.38E-12  2.60E-12  3.12E-12  3.63E-12  4.11E-12  4.56E-12
  241  23  10  1.48E-13  1.63E-13  1.95E-13  2.38E-13  2.90E-13  3.50E-13  4.19E-13  4.95E-13  5.78E-13  6.67E-13  7.62E-13  9.62E-13  1.17E-12  1.39E-12  1.62E-12  1.84E-12  2.06E-12  2.29E-12  2.51E-12  2.72E-12  2.93E-12  3.44E-12  3.93E-12  4.38E-12  4.81E-12
  242  23  11  3.41E-13  3.74E-13  4.37E-13  5.16E-13  6.08E-13  7.11E-13  8.25E-13  9.48E-13  1.08E-12  1.21E-12  1.35E-12  1.64E-12  1.93E-12  2.23E-12  2.52E-12  2.81E-12  3.09E-12  3.37E-12  3.64E-12  3.90E-12  4.16E-12  4.77E-12  5.35E-12  5.88E-12  6.38E-12
  243  23  12  5.47E-13  6.02E-13  7.19E-13  8.65E-13  1.03E-12  1.22E-12  1.43E-12  1.65E-12  1.88E-12  2.11E-12  2.35E-12  2.84E-12  3.32E-12  3.80E-12  4.26E-12  4.71E-12  5.14E-12  5.55E-12  5.95E-12  6.32E-12  6.69E-12  7.53E-12  8.29E-12  8.98E-12  9.60E-12
  244  23  13  9.50E-13  1.04E-12  1.19E-12  1.35E-12  1.53E-12  1.71E-12  1.90E-12  2.09E-12  2.28E-12  2.47E-12  2.66E-12  3.03E-12  3.38E-12  3.72E-12  4.05E-12  4.37E-12  4.68E-12  4.98E-12  5.28E-12  5.56E-12  5.84E-12  6.50E-12  7.12E-12  7.70E-12  8.24E-12
  245  23  14  1.74E-12  1.92E-12  2.27E-12  2.70E-12  3.16E-12  3.66E-12  4.17E-12  4.70E-12  5.23E-12  5.75E-12  6.26E-12  7.25E-12  8.19E-12  9.05E-12  9.86E-12  1.06E-11  1.13E-11  1.20E-11  1.26E-11  1.31E-11  1.36E-11  1.48E-11  1.59E-11  1.68E-11  1.76E-11
  246  23  15  2.11E-12  2.31E-12  2.58E-12  2.84E-12  3.09E-12  3.32E-12  3.54E-12  3.74E-12  3.94E-12  4.13E-12  4.31E-12  4.66E-12  4.99E-12  5.33E-12  5.66E-12  5.98E-12  6.31E-12  6.63E-12  6.95E-12  7.26E-12  7.57E-12  8.33E-12  9.05E-12  9.73E-12  1.04E-11
  247  23  16  4.79E-12  5.31E-12  6.21E-12  7.23E-12  8.29E-12  9.36E-12  1.04E-11  1.15E-11  1.24E-11  1.34E-11  1.43E-11  1.60E-11  1.74E-11  1.88E-11  1.99E-11  2.10E-11  2.19E-11  2.28E-11  2.36E-11  2.43E-11  2.49E-11  2.64E-11  2.76E-11  2.86E-11  2.95E-11
  248  23  17  3.95E-12  4.32E-12  4.74E-12  5.07E-12  5.33E-12  5.53E-12  5.70E-12  5.86E-12  6.00E-12  6.15E-12  6.30E-12  6.63E-12  6.99E-12  7.37E-12  7.77E-12  8.18E-12  8.61E-12  9.04E-12  9.47E-12  9.89E-12  1.03E-11  1.14E-11  1.24E-11  1.33E-11  1.42E-11
  249  23  18  1.19E-11  1.32E-11  1.51E-11  1.71E-11  1.91E-11  2.10E-11  2.28E-11  2.44E-11  2.60E-11  2.74E-11  2.87E-11  3.10E-11  3.29E-11  3.46E-11  3.60E-11  3.73E-11  3.84E-11  3.94E-11  4.02E-11  4.10E-11  4.17E-11  4.32E-11  4.45E-11  4.55E-11  4.63E-11
  250  23  19  7.09E-12  7.76E-12  8.40E-12  8.86E-12  9.17E-12  9.40E-12  9.61E-12  9.82E-12  1.01E-11  1.03E-11  1.06E-11  1.12E-11  1.19E-11  1.27E-11  1.35E-11  1.42E-11  1.50E-11  1.58E-11  1.66E-11  1.73E-11  1.80E-11  1.98E-11  2.14E-11  2.30E-11  2.44E-11
  251  23  20  2.87E-11  3.18E-11  3.54E-11  3.86E-11  4.15E-11  4.42E-11  4.65E-11  4.86E-11  5.05E-11  5.22E-11  5.37E-11  5.63E-11  5.84E-11  6.01E-11  6.16E-11  6.28E-11  6.39E-11  6.48E-11  6.56E-11  6.64E-11  6.70E-11  6.84E-11  6.95E-11  7.04E-11  7.11E-11
  252  23  21  1.81E-11  1.99E-11  2.16E-11  2.29E-11  2.40E-11  2.50E-11  2.60E-11  2.70E-11  2.81E-11  2.91E-11  3.02E-11  3.24E-11  3.45E-11  3.67E-11  3.87E-11  4.07E-11  4.26E-11  4.44E-11  4.62E-11  4.79E-11  4.95E-11  5.34E-11  5.69E-11  6.01E-11  6.30E-11
  253  23  22  8.42E-11  9.20E-11  9.69E-11  1.00E-10  1.02E-10  1.04E-10  1.06E-10  1.07E-10  1.08E-10  1.09E-10  1.10E-10  1.12E-10  1.13E-10  1.14E-10  1.15E-10  1.16E-10  1.16E-10  1.17E-10  1.17E-10  1.18E-10  1.18E-10  1.19E-10  1.20E-10  1.20E-10  1.21E-10
  254  24   1  9.21E-18  1.09E-17  1.55E-17  2.27E-17  3.38E-17  5.06E-17  7.54E-17  1.11E-16  1.61E-16  2.28E-16  3.16E-16  5.71E-16  9.52E-16  1.48E-15  2.17E-15  3.02E-15  4.04E-15  5.22E-15  6.54E-15  7.99E-15  9.57E-15  1.39E-14  1.88E-14  2.39E-14  2.92E-14
  255  24   2  4.74E-17  5.56E-17  7.78E-17  1.14E-16  1.70E-16  2.58E-16  3.90E-16  5.86E-16  8.68E-16  1.26E-15  1.80E-15  3.44E-15  6.07E-15  9.99E-15  1.55E-14  2.27E-14  3.20E-14  4.33E-14  5.68E-14  7.23E-14  9.00E-14  1.42E-13  2.05E-13  2.75E-13  3.49E-13
  256  24   3  1.65E-16  1.88E-16  2.50E-16  3.44E-16  4.80E-16  6.72E-16  9.38E-16  1.30E-15  1.77E-15  2.37E-15  3.12E-15  5.15E-15  7.96E-15  1.16E-14  1.62E-14  2.17E-14  2.80E-14  3.51E-14  4.29E-14  5.14E-14  6.05E-14  8.55E-14  1.13E-13  1.42E-13  1.72E-13
  257  24   4  5.75E-16  6.51E-16  8.63E-16  1.19E-15  1.68E-15  2.39E-15  3.38E-15  4.74E-15  6.55E-15  8.92E-15  1.19E-14  2.03E-14  3.23E-14  4.86E-14  6.95E-14  9.55E-14  1.26E-13  1.63E-13  2.03E-13  2.49E-13  2.99E-13  4.41E-13  6.01E-13  7.73E-13  9.51E-13
  258  24   5  1.39E-15  1.54E-15  1.96E-15  2.56E-15  3.38E-15  4.46E-15  5.87E-15  7.65E-15  9.84E-15  1.25E-14  1.56E-14  2.34E-14  3.33E-14  4.53E-14  5.93E-14  7.52E-14  9.27E-14  1.12E-13  1.32E-13  1.54E-13  1.77E-13  2.38E-13  3.04E-13  3.72E-13  4.42E-13
  259  24   6  4.48E-15  4.97E-15  6.34E-15  8.38E-15  1.12E-14  1.51E-14  2.01E-14  2.66E-14  3.47E-14  4.47E-14  5.65E-14  8.67E-14  1.26E-13  1.74E-13  2.32E-13  2.98E-13  3.72E-13  4.54E-13  5.42E-13  6.36E-13  7.35E-13  1.00E-12  1.28E-12  1.57E-12  1.86E-12
  260  24   7  8.32E-15  9.11E-15  1.12E-14  1.42E-14  1.81E-14  2.30E-14  2.90E-14  3.62E-14  4.47E-14  5.44E-14  6.55E-14  9.14E-14  1.22E-13  1.57E-13  1.96E-13  2.38E-13  2.82E-13  3.29E-13  3.78E-13  4.29E-13  4.82E-13  6.17E-13  7.58E-13  9.00E-13  1.04E-12
  261  24   8  2.52E-14  2.76E-14  3.41E-14  4.34E-14  5.56E-14  7.11E-14  9.03E-14  1.13E-13  1.41E-13  1.72E-13  2.08E-13  2.92E-13  3.91E-13  5.04E-13  6.30E-13  7.65E-13  9.09E-13  1.06E-12  1.22E-12  1.37E-12  1.54E-12  1.95E-12  2.36E-12  2.76E-12  3.15E-12
  262  24   9  3.95E-14  4.30E-14  5.23E-14  6.49E-14  8.07E-14  9.96E-14  1.22E-13  1.48E-13  1.77E-13  2.09E-13  2.44E-13  3.22E-13  4.09E-13  5.04E-13  6.04E-13  7.08E-13  8.15E-13  9.25E-13  1.04E-12  1.15E-12  1.26E-12  1.54E-12  1.82E-12  2.09E-12  2.36E-12
  263  24  10  1.07E-13  1.17E-13  1.41E-13  1.73E-13  2.13E-13  2.60E-13  3.16E-13  3.79E-13  4.49E-13  5.25E-13  6.08E-13  7.89E-13  9.87E-13  1.20E-12  1.42E-12  1.64E-12  1.87E-12  2.10E-12  2.32E-12  2.55E-12  2.77E-12  3.32E-12  3.84E-12  4.33E-12  4.79E-12
  264  24  11  1.58E-13  1.73E-13  2.08E-13  2.56E-13  3.12E-13  3.78E-13  4.52E-13  5.34E-13  6.23E-13  7.18E-13  8.19E-13  1.03E-12  1.26E-12  1.49E-12  1.72E-12  1.96E-12  2.19E-12  2.42E-12  2.65E-12  2.87E-12  3.09E-12  3.62E-12  4.12E-12  4.59E-12  5.02E-12
  265  24  12  3.57E-13  3.88E-13  4.57E-13  5.43E-13  6.42E-13  7.53E-13  8.74E-13  1.00E-12  1.14E-12  1.28E-12  1.43E-12  1.73E-12  2.04E-12  2.35E-12  2.65E-12  2.95E-12  3.24E-12  3.53E-12  3.81E-12  4.08E-12  4.35E-12  4.98E-12  5.56E-12  6.10E-12  6.60E-12
  266  24  13  5.52E-13  6.03E-13  7.25E-13  8.80E-13  1.06E-12  1.26E-12  1.47E-12  1.70E-12  1.94E-12  2.18E-12  2.43E-12  2.94E-12  3.44E-12  3.94E-12  4.42E-12  4.88E-12  5.32E-12  5.75E-12  6.15E-12  6.54E-12  6.91E-12  7.78E-12  8.55E-12  9.25E-12  9.88E-12
  267  24  14  9.42E-13  1.02E-12  1.18E-12  1.36E-12  1.55E-12  1.74E-12  1.94E-12  2.14E-12  2.33E-12  2.53E-12  2.73E-12  3.11E-12  3.47E-12  3.83E-12  4.17E-12  4.50E-12  4.81E-12  5.12E-12  5.42E-12  5.71E-12  6.00E-12  6.67E-12  7.30E-12  7.88E-12  8.42E-12
  268  24  15  1.67E-12  1.84E-12  2.20E-12  2.63E-12  3.11E-12  3.61E-12  4.14E-12  4.68E-12  5.21E-12  5.75E-12  6.28E-12  7.29E-12  8.25E-12  9.14E-12  9.97E-12  1.07E-11  1.15E-11  1.21E-11  1.27E-11  1.33E-11  1.39E-11  1.51E-11  1.61E-11  1.70E-11  1.78E-11
  269  24  16  2.02E-12  2.20E-12  2.49E-12  2.77E-12  3.04E-12  3.28E-12  3.52E-12  3.73E-12  3.94E-12  4.14E-12  4.32E-12  4.69E-12  5.04E-12  5.38E-12  5.72E-12  6.06E-12  6.39E-12  6.72E-12  7.04E-12  7.36E-12  7.68E-12  8.44E-12  9.16E-12  9.85E-12  1.05E-11
  270  24  17  4.46E-12  4.93E-12  5.84E-12  6.86E-12  7.92E-12  9.00E-12  1.01E-11  1.11E-11  1.21E-11  1.31E-11  1.40E-11  1.57E-11  1.72E-11  1.86E-11  1.98E-11  2.09E-11  2.19E-11  2.28E-11  2.36E-11  2.43E-11  2.50E-11  2.65E-11  2.77E-11  2.88E-11  2.97E-11
  271  24  18  3.70E-12  4.05E-12  4.50E-12  4.87E-12  5.16E-12  5.39E-12  5.59E-12  5.76E-12  5.93E-12  6.09E-12  6.25E-12  6.59E-12  6.96E-12  7.35E-12  7.76E-12  8.17E-12  8.60E-12  9.03E-12  9.46E-12  9.89E-12  1.03E-11  1.14E-11  1.24E-11  1.33E-11  1.42E-11
  272  24  19  1.09E-11  1.21E-11  1.41E-11  1.61E-11  1.81E-11  2.00E-11  2.18E-11  2.35E-11  2.51E-11  2.65E-11  2.78E-11  3.02E-11  3.23E-11  3.40E-11  3.55E-11  3.69E-11  3.80E-11  3.91E-11  4.00E-11  4.08E-11  4.16E-11  4.32E-11  4.45E-11  4.56E-11  4.65E-11
  273  24  20  6.64E-12  7.27E-12  7.97E-12  8.47E-12  8.83E-12  9.10E-12  9.33E-12  9.56E-12  9.80E-12  1.01E-11  1.03E-11  1.10E-11  1.17E-11  1.24E-11  1.32E-11  1.40E-11  1.47E-11  1.55E-11  1.63E-11  1.70E-11  1.78E-11  1.95E-11  2.12E-11  2.27E-11  2.41E-11
  274  24  21  2.66E-11  2.95E-11  3.32E-11  3.66E-11  3.97E-11  4.24E-11  4.49E-11  4.71E-11  4.91E-11  5.09E-11  5.24E-11  5.52E-11  5.74E-11  5.93E-11  6.09E-11  6.23E-11  6.34E-11  6.45E-11  6.54E-11  6.62E-11  6.69E-11  6.84E-11  6.96E-11  7.06E-11  7.13E-11
  275  24  22  1.71E-11  1.88E-11  2.06E-11  2.19E-11  2.31E-11  2.41E-11  2.51E-11  2.61E-11  2.71E-11  2.81E-11  2.92E-11  3.13E-11  3.34E-11  3.55E-11  3.76E-11  3.96E-11  4.15E-11  4.33E-11  4.51E-11  4.68E-11  4.85E-11  5.24E-11  5.59E-11  5.92E-11  6.21E-11
  276  24  23  8.05E-11  8.84E-11  9.42E-11  9.80E-11  1.01E-10  1.03E-10  1.05E-10  1.07E-10  1.08E-10  1.09E-10  1.10E-10  1.12E-10  1.13E-10  1.15E-10  1.15E-10  1.16E-10  1.17E-10  1.18E-10  1.18E-10  1.19E-10  1.19E-10  1.20E-10  1.21E-10  1.21E-10  1.22E-10
  277  25   1  4.13E-18  5.04E-18  7.32E-18  1.11E-17  1.72E-17  2.71E-17  4.29E-17  6.72E-17  1.04E-16  1.58E-16  2.34E-16  4.83E-16  9.13E-16  1.60E-15  2.61E-15  4.02E-15  5.89E-15  8.28E-15  1.12E-14  1.47E-14  1.88E-14  3.15E-14  4.72E-14  6.55E-14  8.54E-14
  278  25   2  2.27E-17  2.70E-17  3.77E-17  5.45E-17  8.01E-17  1.18E-16  1.74E-16  2.54E-16  3.64E-16  5.12E-16  7.07E-16  1.27E-15  2.12E-15  3.30E-15  4.85E-15  6.80E-15  9.14E-15  1.19E-14  1.50E-14  1.84E-14  2.22E-14  3.27E-14  4.46E-14  5.71E-14  7.01E-14
  279  25   3  8.36E-17  9.84E-17  1.35E-16  1.94E-16  2.86E-16  4.24E-16  6.30E-16  9.28E-16  1.35E-15  1.93E-15  2.71E-15  5.04E-15  8.71E-15  1.41E-14  2.16E-14  3.15E-14  4.40E-14  5.93E-14  7.75E-14  9.85E-14  1.22E-13  1.94E-13  2.80E-13  3.76E-13  4.79E-13
  280  25   4  2.53E-16  2.91E-16  3.83E-16  5.19E-16  7.13E-16  9.82E-16  1.35E-15  1.83E-15  2.46E-15  3.25E-15  4.22E-15  6.81E-15  1.03E-14  1.49E-14  2.04E-14  2.70E-14  3.46E-14  4.31E-14  5.25E-14  6.27E-14  7.36E-14  1.04E-13  1.37E-13  1.71E-13  2.07E-13
  281  25   5  8.21E-16  9.42E-16  1.24E-15  1.70E-15  2.37E-15  3.32E-15  4.64E-15  6.43E-15  8.78E-15  1.18E-14  1.56E-14  2.60E-14  4.07E-14  6.03E-14  8.52E-14  1.16E-13  1.52E-13  1.93E-13  2.40E-13  2.92E-13  3.49E-13  5.08E-13  6.88E-13  8.79E-13  1.08E-12
  282  25   6  1.82E-15  2.05E-15  2.59E-15  3.36E-15  4.40E-15  5.77E-15  7.51E-15  9.69E-15  1.24E-14  1.55E-14  1.93E-14  2.85E-14  3.99E-14  5.37E-14  6.96E-14  8.74E-14  1.07E-13  1.28E-13  1.51E-13  1.75E-13  2.00E-13  2.67E-13  3.38E-13  4.13E-13  4.88E-13
  283  25   7  5.62E-15  6.35E-15  8.08E-15  1.06E-14  1.42E-14  1.89E-14  2.51E-14  3.29E-14  4.26E-14  5.44E-14  6.84E-14  1.03E-13  1.49E-13  2.04E-13  2.69E-13  3.43E-13  4.25E-13  5.15E-13  6.12E-13  7.15E-13  8.22E-13  1.11E-12  1.41E-12  1.71E-12  2.01E-12
  284  25   8  9.75E-15  1.09E-14  1.34E-14  1.70E-14  2.15E-14  2.72E-14  3.42E-14  4.25E-14  5.22E-14  6.33E-14  7.58E-14  1.05E-13  1.39E-13  1.77E-13  2.20E-13  2.65E-13  3.13E-13  3.64E-13  4.17E-13  4.71E-13  5.27E-13  6.71E-13  8.19E-13  9.69E-13  1.12E-12
  285  25   9  2.87E-14  3.21E-14  3.98E-14  5.06E-14  6.47E-14  8.26E-14  1.04E-13  1.31E-13  1.62E-13  1.97E-13  2.37E-13  3.30E-13  4.39E-13  5.63E-13  6.99E-13  8.46E-13  1.00E-12  1.16E-12  1.33E-12  1.50E-12  1.67E-12  2.10E-12  2.53E-12  2.95E-12  3.35E-12
  286  25  10  4.28E-14  4.76E-14  5.81E-14  7.22E-14  8.97E-14  1.11E-13  1.35E-13  1.64E-13  1.96E-13  2.31E-13  2.69E-13  3.54E-13  4.47E-13  5.48E-13  6.55E-13  7.66E-13  8.79E-13  9.95E-13  1.11E-12  1.23E-12  1.35E-12  1.64E-12  1.93E-12  2.21E-12  2.48E-12
  287  25  11  1.14E-13  1.27E-13  1.53E-13  1.89E-13  2.32E-13  2.84E-13  3.44E-13  4.13E-13  4.89E-13  5.71E-13  6.60E-13  8.54E-13  1.07E-12  1.29E-12  1.52E-12  1.76E-12  1.99E-12  2.23E-12  2.47E-12  2.71E-12  2.94E-12  3.51E-12  4.04E-12  4.54E-12  5.01E-12
  288  25  12  1.61E-13  1.80E-13  2.18E-13  2.68E-13  3.29E-13  3.99E-13  4.77E-13  5.64E-13  6.59E-13  7.60E-13  8.66E-13  1.09E-12  1.33E-12  1.57E-12  1.81E-12  2.06E-12  2.30E-12  2.54E-12  2.78E-12  3.01E-12  3.24E-12  3.78E-12  4.29E-12  4.77E-12  5.21E-12
  289  25  13  3.58E-13  3.98E-13  4.72E-13  5.62E-13  6.67E-13  7.83E-13  9.11E-13  1.05E-12  1.19E-12  1.34E-12  1.49E-12  1.81E-12  2.13E-12  2.45E-12  2.77E-12  3.08E-12  3.38E-12  3.67E-12  3.96E-12  4.24E-12  4.51E-12  5.16E-12  5.75E-12  6.30E-12  6.81E-12
  290  25  14  5.35E-13  5.98E-13  7.23E-13  8.81E-13  1.06E-12  1.27E-12  1.49E-12  1.72E-12  1.97E-12  2.22E-12  2.48E-12  3.01E-12  3.53E-12  4.04E-12  4.53E-12  5.01E-12  5.46E-12  5.90E-12  6.32E-12  6.72E-12  7.10E-12  7.98E-12  8.77E-12  9.48E-12  1.01E-11
  291  25  15  9.07E-13  1.01E-12  1.17E-12  1.35E-12  1.55E-12  1.75E-12  1.95E-12  2.16E-12  2.36E-12  2.57E-12  2.77E-12  3.16E-12  3.54E-12  3.90E-12  4.26E-12  4.59E-12  4.92E-12  5.24E-12  5.54E-12  5.84E-12  6.13E-12  6.81E-12  7.45E-12  8.03E-12  8.57E-12
  292  25  16  1.56E-12  1.76E-12  2.11E-12  2.54E-12  3.01E-12  3.52E-12  4.05E-12  4.59E-12  5.14E-12  5.68E-12  6.22E-12  7.26E-12  8.24E-12  9.16E-12  1.00E-11  1.08E-11  1.15E-11  1.22E-11  1.29E-11  1.34E-11  1.40E-11  1.52E-11  1.63E-11  1.73E-11  1.81E-11
  293  25  17  1.90E-12  2.11E-12  2.40E-12  2.69E-12  2.97E-12  3.23E-12  3.47E-12  3.70E-12  3.91E-12  4.12E-12  4.32E-12  4.70E-12  5.06E-12  5.42E-12  5.77E-12  6.11E-12  6.45E-12  6.78E-12  7.11E-12  7.43E-12  7.75E-12  8.52E-12  9.25E-12  9.93E-12  1.06E-11
  294  25  18  4.10E-12  4.61E-12  5.48E-12  6.47E-12  7.51E-12  8.58E-12  9.65E-12  1.07E-11  1.17E-11  1.27E-11  1.36E-11  1.54E-11  1.69E-11  1.83E-11  1.96E-11  2.07E-11  2.17E-11  2.27E-11  2.35E-11  2.43E-11  2.50E-11  2.65E-11  2.78E-11  2.89E-11  2.98E-11
  295  25  19  3.47E-12  3.84E-12  4.30E-12  4.68E-12  4.99E-12  5.25E-12  5.47E-12  5.66E-12  5.84E-12  6.01E-12  6.19E-12  6.54E-12  6.92E-12  7.31E-12  7.73E-12  8.15E-12  8.58E-12  9.01E-12  9.45E-12  9.88E-12  1.03E-11  1.14E-11  1.24E-11  1.33E-11  1.42E-11
  296  25  20  1.00E-11  1.13E-11  1.31E-11  1.51E-11  1.70E-11  1.89E-11  2.08E-11  2.25E-11  2.41E-11  2.55E-11  2.69E-11  2.94E-11  3.15E-11  3.33E-11  3.49E-11  3.63E-11  3.76E-11  3.87E-11  3.96E-11  4.05E-11  4.13E-11  4.30E-11  4.44E-11  4.56E-11  4.65E-11
  297  25  21  6.27E-12  6.95E-12  7.64E-12  8.16E-12  8.54E-12  8.84E-12  9.09E-12  9.32E-12  9.57E-12  9.83E-12  1.01E-11  1.07E-11  1.14E-11  1.22E-11  1.29E-11  1.37E-11  1.45E-11  1.52E-11  1.60E-11  1.68E-11  1.75E-11  1.93E-11  2.09E-11  2.25E-11  2.39E-11
  298  25  22  2.49E-11  2.79E-11  3.15E-11  3.48E-11  3.79E-11  4.07E-11  4.32E-11  4.55E-11  4.76E-11  4.94E-11  5.11E-11  5.40E-11  5.64E-11  5.84E-11  6.02E-11  6.16E-11  6.29E-11  6.40E-11  6.50E-11  6.59E-11  6.67E-11  6.83E-11  6.96E-11  7.07E-11  7.15E-11
  299  25  23  1.64E-11  1.83E-11  1.99E-11  2.12E-11  2.24E-11  2.34E-11  2.43E-11  2.53E-11  2.63E-11  2.73E-11  2.83E-11  3.03E-11  3.24E-11  3.45E-11  3.65E-11  3.85E-11  4.04E-11  4.23E-11  4.41E-11  4.58E-11  4.75E-11  5.14E-11  5.50E-11  5.84E-11  6.14E-11
  300  25  24  7.86E-11  8.68E-11  9.27E-11  9.66E-11  9.97E-11  1.02E-10  1.04E-10  1.06E-10  1.08E-10  1.09E-10  1.10E-10  1.12E-10  1.14E-10  1.15E-10  1.16E-10  1.17E-10  1.18E-10  1.18E-10  1.19E-10  1.20E-10  1.20E-10  1.21E-10  1.22E-10  1.23E-10  1.23E-10
  301  26   1  2.10E-18  2.54E-18  3.73E-18  5.67E-18  8.77E-18  1.36E-17  2.11E-17  3.22E-17  4.84E-17  7.12E-17  1.02E-16  1.98E-16  3.52E-16  5.81E-16  8.98E-16  1.31E-15  1.83E-15  2.46E-15  3.19E-15  4.02E-15  4.94E-15  7.60E-15  1.07E-14  1.39E-14  1.73E-14
  302  26   2  1.06E-17  1.26E-17  1.81E-17  2.71E-17  4.15E-17  6.43E-17  1.00E-16  1.54E-16  2.36E-16  3.54E-16  5.21E-16  1.06E-15  1.99E-15  3.47E-15  5.68E-15  8.77E-15  1.29E-14  1.82E-14  2.48E-14  3.28E-14  4.21E-14  7.15E-14  1.09E-13  1.52E-13  2.01E-13
  303  26   3  4.09E-17  4.75E-17  6.51E-17  9.25E-17  1.33E-16  1.93E-16  2.79E-16  3.98E-16  5.61E-16  7.77E-16  1.06E-15  1.85E-15  3.03E-15  4.66E-15  6.79E-15  9.46E-15  1.27E-14  1.64E-14  2.07E-14  2.54E-14  3.06E-14  4.53E-14  6.19E-14  7.97E-14  9.81E-14
  304  26   4  1.36E-16  1.57E-16  2.13E-16  3.02E-16  4.38E-16  6.40E-16  9.35E-16  1.35E-15  1.94E-15  2.73E-15  3.77E-15  6.84E-15  1.16E-14  1.84E-14  2.78E-14  4.00E-14  5.53E-14  7.38E-14  9.57E-14  1.21E-13  1.50E-13  2.35E-13  3.36E-13  4.50E-13  5.72E-13
  305  26   5  3.72E-16  4.19E-16  5.45E-16  7.33E-16  9.97E-16  1.36E-15  1.84E-15  2.46E-15  3.26E-15  4.26E-15  5.48E-15  8.65E-15  1.29E-14  1.83E-14  2.48E-14  3.25E-14  4.12E-14  5.09E-14  6.16E-14  7.32E-14  8.55E-14  1.19E-13  1.56E-13  1.96E-13  2.36E-13
  306  26   6  1.15E-15  1.29E-15  1.69E-15  2.30E-15  3.18E-15  4.42E-15  6.11E-15  8.37E-15  1.13E-14  1.51E-14  1.97E-14  3.23E-14  4.98E-14  7.29E-14  1.02E-13  1.37E-13  1.78E-13  2.25E-13  2.78E-13  3.36E-13  3.99E-13  5.75E-13  7.70E-13  9.78E-13  1.19E-12
  307  26   7  2.35E-15  2.60E-15  3.28E-15  4.24E-15  5.53E-15  7.20E-15  9.30E-15  1.19E-14  1.51E-14  1.88E-14  2.31E-14  3.37E-14  4.68E-14  6.23E-14  8.00E-14  9.98E-14  1.21E-13  1.45E-13  1.69E-13  1.95E-13  2.22E-13  2.94E-13  3.70E-13  4.50E-13  5.30E-13
  308  26   8  7.03E-15  7.81E-15  9.92E-15  1.30E-14  1.73E-14  2.30E-14  3.03E-14  3.96E-14  5.09E-14  6.46E-14  8.07E-14  1.21E-13  1.72E-13  2.34E-13  3.06E-13  3.88E-13  4.79E-13  5.77E-13  6.83E-13  7.94E-13  9.10E-13  1.21E-12  1.53E-12  1.85E-12  2.16E-12
  309  26   9  1.15E-14  1.26E-14  1.56E-14  1.97E-14  2.50E-14  3.16E-14  3.95E-14  4.89E-14  5.97E-14  7.21E-14  8.60E-14  1.18E-13  1.55E-13  1.97E-13  2.43E-13  2.92E-13  3.44E-13  3.98E-13  4.54E-13  5.12E-13  5.71E-13  7.23E-13  8.78E-13  1.03E-12  1.19E-12
  310  26  10  3.30E-14  3.64E-14  4.52E-14  5.75E-14  7.36E-14  9.37E-14  1.18E-13  1.48E-13  1.82E-13  2.21E-13  2.65E-13  3.67E-13  4.86E-13  6.20E-13  7.67E-13  9.24E-13  1.09E-12  1.26E-12  1.44E-12  1.62E-12  1.80E-12  2.25E-12  2.70E-12  3.13E-12  3.53E-12
  311  26  11  4.69E-14  5.15E-14  6.30E-14  7.87E-14  9.80E-14  1.21E-13  1.48E-13  1.79E-13  2.13E-13  2.51E-13  2.92E-13  3.83E-13  4.83E-13  5.90E-13  7.03E-13  8.20E-13  9.39E-13  1.06E-12  1.18E-12  1.31E-12  1.43E-12  1.74E-12  2.04E-12  2.33E-12  2.60E-12
  312  26  12  1.22E-13  1.35E-13  1.64E-13  2.02E-13  2.49E-13  3.05E-13  3.70E-13  4.43E-13  5.24E-13  6.12E-13  7.07E-13  9.13E-13  1.14E-12  1.37E-12  1.61E-12  1.86E-12  2.11E-12  2.36E-12  2.61E-12  2.85E-12  3.10E-12  3.68E-12  4.23E-12  4.74E-12  5.21E-12
  313  26  13  1.67E-13  1.84E-13  2.24E-13  2.78E-13  3.41E-13  4.15E-13  4.98E-13  5.89E-13  6.89E-13  7.94E-13  9.05E-13  1.14E-12  1.39E-12  1.64E-12  1.89E-12  2.15E-12  2.40E-12  2.65E-12  2.89E-12  3.13E-12  3.37E-12  3.93E-12  4.45E-12  4.94E-12  5.39E-12
  314  26  14  3.65E-13  4.01E-13  4.78E-13  5.73E-13  6.83E-13  8.05E-13  9.38E-13  1.08E-12  1.23E-12  1.39E-12  1.55E-12  1.87E-12  2.20E-12  2.54E-12  2.86E-12  3.18E-12  3.50E-12  3.80E-12  4.10E-12  4.38E-12  4.66E-12  5.32E-12  5.93E-12  6.48E-12  6.99E-12
  315  26  15  5.28E-13  5.84E-13  7.10E-13  8.72E-13  1.06E-12  1.27E-12  1.49E-12  1.73E-12  1.99E-12  2.25E-12  2.51E-12  3.05E-12  3.59E-12  4.11E-12  4.62E-12  5.11E-12  5.57E-12  6.02E-12  6.45E-12  6.86E-12  7.25E-12  8.15E-12  8.96E-12  9.69E-12  1.03E-11
  316  26  16  8.86E-13  9.75E-13  1.14E-12  1.33E-12  1.53E-12  1.74E-12  1.95E-12  2.16E-12  2.37E-12  2.58E-12  2.79E-12  3.20E-12  3.59E-12  3.96E-12  4.32E-12  4.67E-12  5.01E-12  5.33E-12  5.64E-12  5.95E-12  6.24E-12  6.94E-12  7.58E-12  8.17E-12  8.71E-12
  317  26  17  1.49E-12  1.66E-12  2.00E-12  2.43E-12  2.90E-12  3.41E-12  3.94E-12  4.49E-12  5.04E-12  5.59E-12  6.13E-12  7.19E-12  8.19E-12  9.12E-12  9.99E-12  1.08E-11  1.16E-11  1.23E-11  1.29E-11  1.35E-11  1.41E-11  1.54E-11  1.65E-11  1.74E-11  1.82E-11
  318  26  18  1.81E-12  1.99E-12  2.29E-12  2.59E-12  2.88E-12  3.15E-12  3.40E-12  3.64E-12  3.87E-12  4.08E-12  4.29E-12  4.69E-12  5.06E-12  5.43E-12  5.79E-12  6.14E-12  6.49E-12  6.82E-12  7.16E-12  7.49E-12  7.81E-12  8.58E-12  9.31E-12  1.00E-11  1.06E-11
  319  26  19  3.81E-12  4.26E-12  5.10E-12  6.07E-12  7.10E-12  8.16E-12  9.22E-12  1.03E-11  1.13E-11  1.23E-11  1.32E-11  1.50E-11  1.66E-11  1.80E-11  1.93E-11  2.05E-11  2.15E-11  2.25E-11  2.33E-11  2.41E-11  2.49E-11  2.65E-11  2.78E-11  2.89E-11  2.99E-11
  320  26  20  3.27E-12  3.61E-12  4.07E-12  4.47E-12  4.81E-12  5.09E-12  5.33E-12  5.54E-12  5.73E-12  5.92E-12  6.10E-12  6.48E-12  6.86E-12  7.26E-12  7.68E-12  8.10E-12  8.54E-12  8.97E-12  9.40E-12  9.84E-12  1.03E-11  1.13E-11  1.23E-11  1.32E-11  1.41E-11
  321  26  21  9.27E-12  1.04E-11  1.22E-11  1.41E-11  1.60E-11  1.79E-11  1.97E-11  2.15E-11  2.31E-11  2.46E-11  2.60E-11  2.85E-11  3.07E-11  3.26E-11  3.43E-11  3.57E-11  3.70E-11  3.82E-11  3.92E-11  4.01E-11  4.10E-11  4.28E-11  4.43E-11  4.55E-11  4.65E-11
  322  26  22  5.96E-12  6.56E-12  7.26E-12  7.81E-12  8.23E-12  8.56E-12  8.83E-12  9.08E-12  9.33E-12  9.59E-12  9.88E-12  1.05E-11  1.12E-11  1.19E-11  1.26E-11  1.34E-11  1.42E-11  1.49E-11  1.57E-11  1.65E-11  1.72E-11  1.90E-11  2.06E-11  2.22E-11  2.36E-11
  323  26  23  2.34E-11  2.60E-11  2.96E-11  3.29E-11  3.61E-11  3.90E-11  4.16E-11  4.39E-11  4.61E-11  4.80E-11  4.98E-11  5.28E-11  5.54E-11  5.75E-11  5.94E-11  6.09E-11  6.23E-11  6.35E-11  6.46E-11  6.55E-11  6.64E-11  6.81E-11  6.96E-11  7.07E-11  7.16E-11
  324  26  24  1.58E-11  1.74E-11  1.91E-11  2.04E-11  2.16E-11  2.26E-11  2.36E-11  2.45E-11  2.54E-11  2.64E-11  2.74E-11  2.94E-11  3.14E-11  3.35E-11  3.55E-11  3.74E-11  3.93E-11  4.12E-11  4.30E-11  4.47E-11  4.64E-11  5.04E-11  5.41E-11  5.74E-11  6.05E-11
  325  26  25  7.64E-11  8.38E-11  9.00E-11  9.45E-11  9.80E-11  1.01E-10  1.03E-10  1.05E-10  1.07E-10  1.09E-10  1.10E-10  1.12E-10  1.14E-10  1.15E-10  1.17E-10  1.18E-10  1.18E-10  1.19E-10  1.20E-10  1.20E-10  1.21E-10  1.22E-10  1.23E-10  1.23E-10  1.24E-10
