!MOLECULE (Fine rotational levels of NH (as used in Tobola et al (2011) from BASECOL)
NH
!MOLECULAR WEIGHT
15
!NUMBER OF ENERGY LEVELS 
25
! Level  +  Energy(cm-1) +  Weight + QNUM. (N J) +  SpinComponentLabel
       1       0.000000        3.0      0.0  1.0              1
       2      31.570602        1.0      1.0  0.0              3
       3      32.504621        5.0      1.0  2.0              1
       4      33.355602        3.0      1.0  1.0              2
       5      97.564628        3.0      2.0  1.0              3
       6      97.716380        7.0      2.0  3.0              1
       7      98.673583        5.0      2.0  2.0              2
       8     195.507091        9.0      3.0  4.0              1
       9     195.613702        5.0      3.0  2.0              3
      10     196.547720        7.0      3.0  3.0              2
      11     325.740902       11.0      4.0  5.0              1
      12     326.026815        7.0      4.0  3.0              3
      13     326.854612        9.0      4.0  4.0              2
      14     488.248499       13.0      5.0  6.0              1
      15     488.685355        9.0      5.0  4.0              3
      16     489.429726       11.0      5.0  5.0              2
      17     682.821988       15.0      6.0  7.0              1
      18     683.396103       11.0      6.0  5.0              3
      19     684.067392       13.0      6.0  6.0              2
      20     909.213388       17.0      7.0  8.0              1
      21     909.917036       13.0      7.0  6.0              3
      22     910.520810       15.0      7.0  7.0              2
      23    1167.134082       19.0      8.0  9.0              1
      24    1167.962448       15.0      8.0  7.0              3
      25    1168.502044       17.0      8.0  8.0              2
!NUMBER OF RADIATIVE TRANSITIONS
45
!TRANS +   U +   L + A(s^-1) +       FREQ(GHz) +     E_up(K) 
     1     2     1  0.01301294       946.4611887    45.4238       
     2     3     1  0.04166734       974.4727948    46.7676       
     3     4     1  0.01778480       1000.0338710   47.9920   
     4     5     2  0.19077780       1978.4653395   140.375 
     5     5     3  0.00885269       1950.4473991   140.375
     6     5     4  0.09665989       1924.9139214   140.375   
     7     6     3  0.40299118       1955.0255305   140.594 
     8     7     3  0.10424589       1983.7036953   141.972
     9     7     4  0.30350555       1958.2049426   141.972
    10     8     6  1.45556837       2931.7577324   281.296 
    11     9     5  1.23012951       2939.4783406   281.449 
    12     9     6  0.00616263       2934.8900210   281.449
    13     9     7  0.22344325       2906.2166626   281.449 
    14    10     6  0.16576682       2962.9184324   282.793 
    15    10     7  1.29717678       2933.0244528   282.793 
    16    11     8  3.56489128       3904.4567313   468.676 
    17    12     8  0.00546323       3912.9122611   469.087
    18    12     9  3.28533997       3909.7895116   469.087
    19    12    10  0.28400830       3881.7565752   469.087 
    20    13     8  0.36522851       3937.7804151   470.278 
    21    13    10  5.40714298       3906.6265858   470.278 
    22    14    11  7.08360951       4872.1438967   702.492 
    23    15    11  0.00333875       4885.0482257   703.120
    24    15    12  6.75051535       4876.6024750   703.120 
    25    15    13  0.34428626       4851.7296234   703.120
    26    16    11  0.28818398       4907.4512210   704.191
    27    16    13  6.80814053       4874.1340724   704.191 
    28    17    14  12.3459841       5833.6975218   982.444 
    29    18    14  0.00270683       5850.6109338   983.270
    30    18    15  11.9609311       5837.7163308   983.270
    31    18    16  0.40366627       5815.3085429   983.270 
    32    19    14  0.34814195       5870.8731755   984.236
    33    19    16  12.0134420       5835.5721499   984.236 
    34    20    17  19.6646546       6787.9638817   1308.18
    35    21    17  0.00226924       6808.6193505   1309.19
    36    21    18  19.2292469       6791.7161109   1309.19
    37    21    19  0.46178794       6771.4488478   1309.19 
    38    22    17  0.40683038       6826.9251935   1310.06 
    39    22    19  19.2780852       6789.7556739   1310.06 
    40    23    20  29.3254813       7733.7880682   1679.27 
    41    24    20  0.00194744       7758.0009619   1680.46
    42    24    21  28.8441324       7737.3556356   1680.46 
    43    24    22  0.51834939       7719.0449362   1680.46 
    44    25    20  0.46403554       7774.4701669   1681.24 
    45    25    22  29.3254813       7733.7880682   1681.24 
!NUMBER OF COLL PARTNERS
1
!COLLISIONS BETWEEN
1  NH - H2 (scaled from NH - He coefficients from Tobola et al (2011))
!Number of collision transitions:
300
!Number of collision temperatures:
23
!COLL TEMPS:
5.0 10.0 20.0 30.0 40.0 50.0 60.0 70.0 80.0 90.0 100.0 120.0 140.0 160.0 180.0 200.0 220.0 240.0 260.0 280.0 300.0 320.0 350.0 
!Trans + Upper + Lower + COLLRATES(CM^3S^-1)
1  2  1  1.5135e-12 1.1392e-12 1.0718e-12 1.2183e-12 1.4272e-12 1.6739e-12 1.9556e-12 2.2715e-12 2.6197e-12 2.9978e-12 3.4029e-12 4.2806e-12 5.2281e-12 6.2235e-12 7.2490e-12 8.2907e-12 9.3373e-12 1.0381e-11 1.1414e-11 1.2434e-11 1.3436e-11 1.4417e-11 1.5847e-11
2  3  1  2.4519e-12 2.0825e-12 1.9390e-12 1.9837e-12 2.0707e-12 2.1753e-12 2.2940e-12 2.4261e-12 2.5710e-12 2.7286e-12 2.8979e-12 3.2675e-12 3.6717e-12 4.1023e-12 4.5522e-12 5.0154e-12 5.4869e-12 5.9628e-12 6.4396e-12 6.9151e-12 7.3871e-12 7.8539e-12 8.5421e-12
3  3  2  1.3563e-12 1.8601e-12 2.9283e-12 4.0236e-12 5.1184e-12 6.1950e-12 7.2404e-12 8.2467e-12 9.2103e-12 1.0130e-11 1.1007e-11 1.2641e-11 1.4131e-11 1.5497e-11 1.6755e-11 1.7922e-11 1.9008e-11 2.0024e-11 2.0979e-11 2.1880e-11 2.2730e-11 2.3534e-11 2.4668e-11
4  4  1  7.2090e-13 6.4017e-13 5.7663e-13 5.6651e-13 5.6736e-13 5.7421e-13 5.8887e-13 6.1286e-13 6.4671e-13 6.9031e-13 7.4312e-13 8.7341e-13 1.0312e-12 1.2103e-12 1.4053e-12 1.6117e-12 1.8258e-12 2.0447e-12 2.2663e-12 2.4887e-12 2.7103e-12 2.9300e-12 3.2545e-12
5  4  2  9.9766e-15 8.7216e-15 1.0490e-14 1.5016e-14 2.0087e-14 2.5547e-14 3.1528e-14 3.8078e-14 4.5176e-14 5.2777e-14 6.0828e-14 7.8076e-14 9.6575e-14 1.1605e-13 1.3631e-13 1.5717e-13 1.7849e-13 2.0018e-13 2.2214e-13 2.4429e-13 2.6659e-13 2.8894e-13 3.2252e-13
6  4  3  2.3991e-12 3.3714e-12 5.3292e-12 7.3415e-12 9.3754e-12 1.1400e-11 1.3389e-11 1.5324e-11 1.7196e-11 1.8998e-11 2.0731e-11 2.3995e-11 2.7008e-11 2.9800e-11 3.2393e-11 3.4813e-11 3.7078e-11 3.9203e-11 4.1203e-11 4.3092e-11 4.4876e-11 4.6565e-11 4.8937e-11
7  5  1  1.5231e-11 1.3210e-11 1.2986e-11 1.3879e-11 1.5053e-11 1.6312e-11 1.7585e-11 1.8845e-11 2.0079e-11 2.1283e-11 2.2453e-11 2.4698e-11 2.6818e-11 2.8826e-11 3.0732e-11 3.2545e-11 3.4273e-11 3.5925e-11 3.7505e-11 3.9018e-11 4.0469e-11 4.1862e-11 4.3849e-11
8  5  2  9.5296e-13 8.7857e-13 8.7728e-13 9.2967e-13 9.9855e-13 1.0747e-12 1.1549e-12 1.2374e-12 1.3213e-12 1.4057e-12 1.4903e-12 1.6584e-12 1.8237e-12 1.9854e-12 2.1432e-12 2.2968e-12 2.4463e-12 2.5916e-12 2.7330e-12 2.8705e-12 3.0042e-12 3.1344e-12 3.3233e-12
9  5  3  7.5709e-12 6.4247e-12 6.0954e-12 6.3057e-12 6.6241e-12 6.9527e-12 7.2625e-12 7.5448e-12 7.7978e-12 8.0224e-12 8.2210e-12 8.5495e-12 8.8027e-12 8.9985e-12 9.1511e-12 9.2717e-12 9.3696e-12 9.4514e-12 9.5224e-12 9.5866e-12 9.6469e-12 9.7055e-12 9.7940e-12
10  5  4  2.6732e-12 1.9979e-12 1.7226e-12 1.7025e-12 1.7443e-12 1.8136e-12 1.9016e-12 2.0054e-12 2.1229e-12 2.2528e-12 2.3935e-12 2.7019e-12 3.0387e-12 3.3959e-12 3.7671e-12 4.1475e-12 4.5328e-12 4.9201e-12 5.3070e-12 5.6916e-12 6.0724e-12 6.4485e-12 7.0015e-12
11  6  1  1.5616e-11 1.3085e-11 1.2680e-11 1.3526e-11 1.4677e-11 1.5915e-11 1.7170e-11 1.8414e-11 1.9635e-11 2.0826e-11 2.1988e-11 2.4218e-11 2.6330e-11 2.8336e-11 3.0246e-11 3.2066e-11 3.3807e-11 3.5476e-11 3.7076e-11 3.8614e-11 4.0094e-11 4.1517e-11 4.3556e-11
12  6  2  2.1562e-12 1.8307e-12 1.7447e-12 1.8097e-12 1.9036e-12 1.9991e-12 2.0884e-12 2.1691e-12 2.2412e-12 2.3049e-12 2.3610e-12 2.4533e-12 2.5241e-12 2.5787e-12 2.6213e-12 2.6551e-12 2.6827e-12 2.7063e-12 2.7273e-12 2.7466e-12 2.7653e-12 2.7840e-12 2.8128e-12
13  6  3  6.9151e-12 5.6561e-12 5.2314e-12 5.3423e-12 5.5743e-12 5.8438e-12 6.1268e-12 6.4150e-12 6.7049e-12 6.9947e-12 7.2833e-12 7.8551e-12 8.4178e-12 8.9709e-12 9.5140e-12 1.0048e-11 1.0572e-11 1.1088e-11 1.1595e-11 1.2093e-11 1.2583e-11 1.3065e-11 1.3772e-11
14  6  4  2.9990e-12 2.4057e-12 2.2226e-12 2.2885e-12 2.4033e-12 2.5239e-12 2.6383e-12 2.7426e-12 2.8362e-12 2.9195e-12 2.9933e-12 3.1162e-12 3.2122e-12 3.2879e-12 3.3485e-12 3.3980e-12 3.4396e-12 3.4758e-12 3.5085e-12 3.5389e-12 3.5683e-12 3.5971e-12 3.6410e-12
15  6  5  1.6805e-12 1.1510e-12 1.0732e-12 1.2370e-12 1.4694e-12 1.7354e-12 2.0217e-12 2.3211e-12 2.6283e-12 2.9394e-12 3.2516e-12 3.8703e-12 4.4725e-12 5.0521e-12 5.6066e-12 6.1357e-12 6.6399e-12 7.1207e-12 7.5798e-12 8.0187e-12 8.4394e-12 8.8432e-12 9.4203e-12
16  7  1  7.2468e-12 5.3669e-12 4.8054e-12 5.0118e-12 5.3943e-12 5.8313e-12 6.2840e-12 6.7378e-12 7.1865e-12 7.6273e-12 8.0591e-12 8.8949e-12 9.6946e-12 1.0461e-11 1.1197e-11 1.1905e-11 1.2587e-11 1.3246e-11 1.3883e-11 1.4498e-11 1.5094e-11 1.5671e-11 1.6503e-11
17  7  2  4.7699e-15 3.4684e-15 3.7800e-15 5.5936e-15 7.9283e-15 1.0256e-14 1.2412e-14 1.4388e-14 1.6211e-14 1.7922e-14 1.9547e-14 2.2622e-14 2.5541e-14 2.8349e-14 3.1063e-14 3.3688e-14 3.6225e-14 3.8674e-14 4.1032e-14 4.3299e-14 4.5479e-14 4.7570e-14 5.0547e-14
18  7  3  4.7981e-12 3.5002e-12 3.0218e-12 3.0388e-12 3.1565e-12 3.2969e-12 3.4378e-12 3.5720e-12 3.6975e-12 3.8142e-12 3.9223e-12 4.1157e-12 4.2843e-12 4.4341e-12 4.5697e-12 4.6950e-12 4.8130e-12 4.9259e-12 5.0354e-12 5.1426e-12 5.2484e-12 5.3536e-12 5.5110e-12
19  7  4  6.9165e-12 4.9844e-12 4.1801e-12 4.0802e-12 4.1285e-12 4.2210e-12 4.3295e-12 4.4450e-12 4.5638e-12 4.6847e-12 4.8073e-12 5.0567e-12 5.3116e-12 5.5719e-12 5.8372e-12 6.1074e-12 6.3817e-12 6.6597e-12 6.9405e-12 7.2235e-12 7.5081e-12 7.7937e-12 8.2225e-12
20  7  5  3.8147e-12 4.3990e-12 6.3598e-12 8.5103e-12 1.0653e-11 1.2737e-11 1.4747e-11 1.6680e-11 1.8532e-11 2.0306e-11 2.2006e-11 2.5190e-11 2.8116e-11 3.0811e-11 3.3303e-11 3.5617e-11 3.7773e-11 3.9788e-11 4.1678e-11 4.3455e-11 4.5128e-11 4.6710e-11 4.8921e-11
21  7  6  2.8072e-12 2.9348e-12 3.9764e-12 5.2292e-12 6.5243e-12 7.8196e-12 9.0991e-12 1.0354e-11 1.1580e-11 1.2774e-11 1.3933e-11 1.6145e-11 1.8217e-11 2.0156e-11 2.1973e-11 2.3677e-11 2.5279e-11 2.6788e-11 2.8213e-11 2.9561e-11 3.0839e-11 3.2053e-11 3.3765e-11
22  8  1  9.9150e-13 8.6184e-13 8.7309e-13 9.6992e-13 1.0913e-12 1.2201e-12 1.3494e-12 1.4763e-12 1.5989e-12 1.7168e-12 1.8295e-12 2.0401e-12 2.2317e-12 2.4065e-12 2.5666e-12 2.7144e-12 2.8518e-12 2.9805e-12 3.1021e-12 3.2179e-12 3.3291e-12 3.4366e-12 3.5923e-12
23  8  2  8.6192e-13 7.3650e-13 7.4597e-13 8.3923e-13 9.6058e-13 1.0949e-12 1.2357e-12 1.3797e-12 1.5248e-12 1.6698e-12 1.8137e-12 2.0959e-12 2.3686e-12 2.6302e-12 2.8808e-12 3.1203e-12 3.3496e-12 3.5695e-12 3.7804e-12 3.9835e-12 4.1791e-12 4.3681e-12 4.6404e-12
24  8  3  7.0108e-12 6.1205e-12 6.2539e-12 7.0060e-12 7.9603e-12 9.0037e-12 1.0089e-11 1.1192e-11 1.2299e-11 1.3404e-11 1.4501e-11 1.6664e-11 1.8777e-11 2.0841e-11 2.2856e-11 2.4822e-11 2.6742e-11 2.8618e-11 3.0450e-11 3.2241e-11 3.3989e-11 3.5699e-11 3.8188e-11
25  8  4  7.9734e-13 6.9736e-13 7.2234e-13 8.2456e-13 9.5447e-13 1.0980e-12 1.2488e-12 1.4037e-12 1.5606e-12 1.7182e-12 1.8757e-12 2.1872e-12 2.4918e-12 2.7877e-12 3.0744e-12 3.3520e-12 3.6207e-12 3.8809e-12 4.1334e-12 4.3785e-12 4.6168e-12 4.8489e-12 5.1863e-12
26  8  5  6.9223e-13 5.9765e-13 6.1717e-13 7.0747e-13 8.2246e-13 9.4880e-13 1.0805e-12 1.2141e-12 1.3477e-12 1.4796e-12 1.6090e-12 1.8573e-12 2.0888e-12 2.3021e-12 2.4969e-12 2.6744e-12 2.8352e-12 2.9808e-12 3.1127e-12 3.2323e-12 3.3408e-12 3.4395e-12 3.5714e-12
27  8  6  8.8977e-12 7.6003e-12 7.3745e-12 7.8185e-12 8.4136e-12 9.0385e-12 9.6549e-12 1.0249e-11 1.0818e-11 1.1360e-11 1.1877e-11 1.2842e-11 1.3726e-11 1.4540e-11 1.5295e-11 1.5999e-11 1.6658e-11 1.7281e-11 1.7871e-11 1.8432e-11 1.8968e-11 1.9483e-11 2.0219e-11
28  8  7  1.9756e-12 1.6824e-12 1.6432e-12 1.7640e-12 1.9249e-12 2.0962e-12 2.2670e-12 2.4327e-12 2.5914e-12 2.7423e-12 2.8852e-12 3.1477e-12 3.3810e-12 3.5882e-12 3.7725e-12 3.9371e-12 4.0846e-12 4.2173e-12 4.3375e-12 4.4471e-12 4.5475e-12 4.6402e-12 4.7673e-12
29  9  1  1.1686e-12 9.0541e-13 8.5258e-13 9.2400e-13 1.0271e-12 1.1398e-12 1.2541e-12 1.3663e-12 1.4748e-12 1.5791e-12 1.6787e-12 1.8641e-12 2.0325e-12 2.1861e-12 2.3271e-12 2.4574e-12 2.5791e-12 2.6938e-12 2.8028e-12 2.9071e-12 3.0079e-12 3.1059e-12 3.2492e-12
30  9  2  2.4973e-12 1.9752e-12 1.8974e-12 2.0815e-12 2.3399e-12 2.6283e-12 2.9299e-12 3.2363e-12 3.5433e-12 3.8485e-12 4.1509e-12 4.7444e-12 5.3219e-12 5.8834e-12 6.4299e-12 6.9624e-12 7.4818e-12 7.9885e-12 8.4835e-12 8.9670e-12 9.4393e-12 9.9008e-12 1.0573e-11
31  9  3  3.7229e-12 2.8532e-12 2.7034e-12 2.9843e-12 3.3930e-12 3.8577e-12 4.3504e-12 4.8574e-12 5.3708e-12 5.8855e-12 6.3982e-12 7.4096e-12 8.3939e-12 9.3463e-12 1.0265e-11 1.1151e-11 1.2006e-11 1.2830e-11 1.3627e-11 1.4399e-11 1.5146e-11 1.5871e-11 1.6920e-11
32  9  4  5.6711e-12 4.3298e-12 4.0397e-12 4.3776e-12 4.8909e-12 5.4768e-12 6.0959e-12 6.7302e-12 7.3699e-12 8.0098e-12 8.6469e-12 9.9066e-12 1.1143e-11 1.2355e-11 1.3542e-11 1.4706e-11 1.5844e-11 1.6960e-11 1.8053e-11 1.9123e-11 2.0169e-11 2.1194e-11 2.2686e-11
33  9  5  4.8473e-12 3.6886e-12 3.3384e-12 3.4738e-12 3.7189e-12 3.9957e-12 4.2799e-12 4.5634e-12 4.8427e-12 5.1166e-12 5.3848e-12 5.9032e-12 6.3981e-12 6.8706e-12 7.3218e-12 7.7532e-12 8.1661e-12 8.5616e-12 8.9412e-12 9.3061e-12 9.6571e-12 9.9955e-12 1.0481e-11
34  9  6  3.1417e-12 2.3709e-12 2.2021e-12 2.3951e-12 2.6877e-12 3.0184e-12 3.3642e-12 3.7140e-12 4.0613e-12 4.4023e-12 4.7345e-12 5.3665e-12 5.9502e-12 6.4835e-12 6.9679e-12 7.4058e-12 7.8014e-12 8.1581e-12 8.4803e-12 8.7715e-12 9.0352e-12 9.2748e-12 9.5948e-12
35  9  7  7.6261e-12 5.6924e-12 5.0161e-12 5.1079e-12 5.3631e-12 5.6560e-12 5.9467e-12 6.2216e-12 6.4764e-12 6.7105e-12 6.9250e-12 7.3018e-12 7.6210e-12 7.8951e-12 8.1348e-12 8.3481e-12 8.5413e-12 8.7192e-12 8.8856e-12 9.0435e-12 9.1950e-12 9.3418e-12 9.5558e-12
36  9  8  6.9387e-13 4.6944e-13 4.6175e-13 5.8146e-13 7.5200e-13 9.5658e-13 1.1886e-12 1.4438e-12 1.7190e-12 2.0110e-12 2.3166e-12 2.9587e-12 3.6265e-12 4.3053e-12 4.9846e-12 5.6565e-12 6.3156e-12 6.9587e-12 7.5837e-12 8.1892e-12 8.7752e-12 9.3415e-12 1.0155e-11
37  10  1  4.1964e-13 3.4657e-13 3.4067e-13 3.7497e-13 4.2005e-13 4.6837e-13 5.1702e-13 5.6474e-13 6.1095e-13 6.5538e-13 6.9796e-13 7.7754e-13 8.5016e-13 9.1658e-13 9.7763e-13 1.0341e-12 1.0868e-12 1.1363e-12 1.1832e-12 1.2281e-12 1.2712e-12 1.3131e-12 1.3740e-12
38  10  2  5.6425e-15 4.4054e-15 3.9550e-15 4.1015e-15 4.4238e-15 4.8187e-15 5.2465e-15 5.6877e-15 6.1317e-15 6.5719e-15 7.0039e-15 7.8328e-15 8.6071e-15 9.3248e-15 9.9887e-15 1.0604e-14 1.1177e-14 1.1714e-14 1.2221e-14 1.2701e-14 1.3161e-14 1.3605e-14 1.4244e-14
39  10  3  2.3147e-12 1.9185e-12 1.9084e-12 2.1307e-12 2.4262e-12 2.7543e-12 3.0985e-12 3.4504e-12 3.8054e-12 4.1608e-12 4.5148e-12 5.2148e-12 5.9005e-12 6.5702e-12 7.2235e-12 7.8607e-12 8.4822e-12 9.0890e-12 9.6813e-12 1.0260e-11 1.0826e-11 1.1379e-11 1.2187e-11
40  10  4  4.6015e-12 3.8231e-12 3.8123e-12 4.2588e-12 4.8488e-12 5.5031e-12 6.1894e-12 6.8915e-12 7.6007e-12 8.3114e-12 9.0207e-12 1.0428e-11 1.1815e-11 1.3177e-11 1.4514e-11 1.5826e-11 1.7112e-11 1.8373e-11 1.9608e-11 2.0818e-11 2.2004e-11 2.3165e-11 2.4860e-11
41  10  5  3.8857e-12 3.1486e-12 2.9408e-12 3.0609e-12 3.2489e-12 3.4470e-12 3.6362e-12 3.8101e-12 3.9671e-12 4.1078e-12 4.2333e-12 4.4438e-12 4.6106e-12 4.7434e-12 4.8502e-12 4.9378e-12 5.0105e-12 5.0726e-12 5.1269e-12 5.1756e-12 5.2206e-12 5.2632e-12 5.3249e-12
42  10  6  3.1880e-12 2.5932e-12 2.4622e-12 2.6157e-12 2.8369e-12 3.0752e-12 3.3134e-12 3.5445e-12 3.7658e-12 3.9762e-12 4.1755e-12 4.5422e-12 4.8697e-12 5.1624e-12 5.4248e-12 5.6610e-12 5.8750e-12 6.0697e-12 6.2482e-12 6.4127e-12 6.5653e-12 6.7077e-12 6.9056e-12
43  10  7  5.5130e-12 4.4934e-12 4.2839e-12 4.5627e-12 4.9573e-12 5.3845e-12 5.8178e-12 6.2473e-12 6.6689e-12 7.0808e-12 7.4826e-12 8.2540e-12 8.9828e-12 9.6707e-12 1.0320e-11 1.0933e-11 1.1513e-11 1.2063e-11 1.2585e-11 1.3083e-11 1.3558e-11 1.4013e-11 1.4661e-11
44  10  8  1.6557e-12 1.8619e-12 2.6069e-12 3.4729e-12 4.3784e-12 5.2951e-12 6.2104e-12 7.1175e-12 8.0123e-12 8.8921e-12 9.7552e-12 1.1426e-11 1.3019e-11 1.4534e-11 1.5971e-11 1.7334e-11 1.8627e-11 1.9853e-11 2.1018e-11 2.2125e-11 2.3179e-11 2.4182e-11 2.5603e-11
45  10  9  2.7812e-12 3.1052e-12 4.3273e-12 5.7362e-12 7.1917e-12 8.6477e-12 1.0084e-11 1.1489e-11 1.2860e-11 1.4194e-11 1.5488e-11 1.7958e-11 2.0275e-11 2.2446e-11 2.4483e-11 2.6394e-11 2.8191e-11 2.9884e-11 3.1481e-11 3.2991e-11 3.4422e-11 3.5778e-11 3.7688e-11
46  11  1  4.9342e-13 4.5888e-13 5.0274e-13 5.9510e-13 7.1127e-13 8.4302e-13 9.8578e-13 1.1365e-12 1.2929e-12 1.4533e-12 1.6166e-12 1.9479e-12 2.2816e-12 2.6145e-12 2.9449e-12 3.2718e-12 3.5950e-12 3.9145e-12 4.2301e-12 4.5420e-12 4.8506e-12 5.1559e-12 5.6081e-12
47  11  2  1.3138e-13 1.2242e-13 1.3392e-13 1.5806e-13 1.8826e-13 2.2220e-13 2.5855e-13 2.9642e-13 3.3515e-13 3.7426e-13 4.1339e-13 4.9065e-13 5.6537e-13 6.3668e-13 7.0416e-13 7.6761e-13 8.2709e-13 8.8272e-13 9.3472e-13 9.8332e-13 1.0288e-12 1.0714e-12 1.1303e-12
48  11  3  7.6620e-13 7.0453e-13 7.5477e-13 8.7247e-13 1.0176e-12 1.1771e-12 1.3440e-12 1.5143e-12 1.6854e-12 1.8555e-12 2.0232e-12 2.3493e-12 2.6596e-12 2.9526e-12 3.2283e-12 3.4871e-12 3.7303e-12 3.9587e-12 4.1739e-12 4.3773e-12 4.5699e-12 4.7529e-12 5.0120e-12
49  11  4  1.4929e-13 1.3847e-13 1.5119e-13 1.7841e-13 2.1249e-13 2.5085e-13 2.9196e-13 3.3481e-13 3.7868e-13 4.2299e-13 4.6738e-13 5.5513e-13 6.4022e-13 7.2171e-13 7.9913e-13 8.7232e-13 9.4133e-13 1.0063e-12 1.0675e-12 1.1251e-12 1.1794e-12 1.2307e-12 1.3026e-12
50  11  5  1.8816e-13 1.7568e-13 1.9403e-13 2.3231e-13 2.8136e-13 3.3810e-13 4.0076e-13 4.6815e-13 5.3935e-13 6.1364e-13 6.9035e-13 8.4899e-13 1.0117e-12 1.1758e-12 1.3392e-12 1.5005e-12 1.6588e-12 1.8132e-12 1.9635e-12 2.1095e-12 2.2512e-12 2.3885e-12 2.5867e-12
51  11  6  2.9377e-12 2.6780e-12 2.8668e-12 3.3242e-12 3.8970e-12 4.5393e-12 5.2280e-12 5.9494e-12 6.6942e-12 7.4560e-12 8.2300e-12 9.8036e-12 1.1398e-11 1.3003e-11 1.4614e-11 1.6226e-11 1.7838e-11 1.9447e-11 2.1051e-11 2.2649e-11 2.4238e-11 2.5815e-11 2.8160e-11
52  11  7  3.8432e-13 3.5605e-13 3.9129e-13 4.6518e-13 5.5809e-13 6.6350e-13 7.7784e-13 8.9872e-13 1.0244e-12 1.1537e-12 1.2855e-12 1.5536e-12 1.8238e-12 2.0930e-12 2.3590e-12 2.6208e-12 2.8772e-12 3.1280e-12 3.3731e-12 3.6125e-12 3.8464e-12 4.0749e-12 4.4078e-12
53  11  8  7.6907e-12 6.9031e-12 7.0696e-12 7.7887e-12 8.6612e-12 9.5773e-12 1.0493e-11 1.1387e-11 1.2251e-11 1.3081e-11 1.3876e-11 1.5361e-11 1.6717e-11 1.7956e-11 1.9093e-11 2.0140e-11 2.1106e-11 2.2002e-11 2.2836e-11 2.3615e-11 2.4346e-11 2.5033e-11 2.5994e-11
54  11  9  1.9070e-13 1.7838e-13 2.0183e-13 2.4795e-13 3.0716e-13 3.7616e-13 4.5306e-13 5.3647e-13 6.2529e-13 7.1857e-13 8.1550e-13 1.0173e-12 1.2254e-12 1.4356e-12 1.6447e-12 1.8499e-12 2.0498e-12 2.2429e-12 2.4286e-12 2.6063e-12 2.7760e-12 2.9374e-12 3.1649e-12
55  11  10  1.0464e-12 9.3544e-13 9.6938e-13 1.0878e-12 1.2344e-12 1.3929e-12 1.5562e-12 1.7205e-12 1.8834e-12 2.0438e-12 2.2009e-12 2.5029e-12 2.7875e-12 3.0541e-12 3.3031e-12 3.5350e-12 3.7510e-12 3.9524e-12 4.1399e-12 4.3149e-12 4.4784e-12 4.6315e-12 4.8435e-12
56  12  1  3.6179e-13 3.9020e-13 4.5783e-13 5.5214e-13 6.6483e-13 7.9074e-13 9.2637e-13 1.0692e-12 1.2173e-12 1.3691e-12 1.5238e-12 1.8379e-12 2.1551e-12 2.4729e-12 2.7895e-12 3.1046e-12 3.4178e-12 3.7292e-12 4.0385e-12 4.3460e-12 4.6519e-12 4.9561e-12 5.4094e-12
57  12  2  1.7024e-13 1.8140e-13 2.0785e-13 2.4449e-13 2.8689e-13 3.3251e-13 3.7979e-13 4.2771e-13 4.7559e-13 5.2301e-13 5.6963e-13 6.5968e-13 7.4480e-13 8.2464e-13 8.9923e-13 9.6877e-13 1.0336e-12 1.0941e-12 1.1507e-12 1.2037e-12 1.2536e-12 1.3007e-12 1.3668e-12
58  12  3  3.6626e-13 3.9397e-13 4.5949e-13 5.5070e-13 6.5872e-13 7.7789e-13 9.0440e-13 1.0355e-12 1.1690e-12 1.3036e-12 1.4380e-12 1.7029e-12 1.9588e-12 2.2030e-12 2.4343e-12 2.6523e-12 2.8571e-12 3.0493e-12 3.2296e-12 3.3989e-12 3.5580e-12 3.7078e-12 3.9166e-12
59  12  4  2.6866e-13 2.8582e-13 3.2593e-13 3.8103e-13 4.4430e-13 5.1184e-13 5.8130e-13 6.5127e-13 7.2082e-13 7.8937e-13 8.5655e-13 9.8601e-13 1.1084e-12 1.2235e-12 1.3319e-12 1.4340e-12 1.5303e-12 1.6217e-12 1.7085e-12 1.7914e-12 1.8709e-12 1.9477e-12 2.0582e-12
60  12  5  1.2250e-12 1.3066e-12 1.4972e-12 1.7599e-12 2.0674e-12 2.4046e-12 2.7629e-12 3.1363e-12 3.5205e-12 3.9130e-12 4.3117e-12 5.1229e-12 5.9478e-12 6.7826e-12 7.6257e-12 8.4756e-12 9.3307e-12 1.0190e-11 1.1052e-11 1.1915e-11 1.2778e-11 1.3639e-11 1.4925e-11
61  12  6  5.0513e-13 5.4635e-13 6.4484e-13 7.8338e-13 9.5075e-13 1.1398e-12 1.3456e-12 1.5646e-12 1.7940e-12 2.0317e-12 2.2756e-12 2.7764e-12 3.2864e-12 3.7982e-12 4.3067e-12 4.8083e-12 5.3006e-12 5.7820e-12 6.2518e-12 6.7097e-12 7.1554e-12 7.5894e-12 8.2186e-12
62  12  7  9.9927e-13 1.0747e-12 1.2471e-12 1.4826e-12 1.7589e-12 2.0628e-12 2.3859e-12 2.7224e-12 3.0683e-12 3.4205e-12 3.7768e-12 4.4962e-12 5.2177e-12 5.9369e-12 6.6511e-12 7.3589e-12 8.0599e-12 8.7535e-12 9.4398e-12 1.0119e-11 1.0789e-11 1.1453e-11 1.2433e-11
63  12  8  4.0399e-13 4.3830e-13 5.1893e-13 6.3135e-13 7.6668e-13 9.1926e-13 1.0853e-12 1.2621e-12 1.4476e-12 1.6399e-12 1.8374e-12 2.2429e-12 2.6549e-12 3.0662e-12 3.4713e-12 3.8663e-12 4.2482e-12 4.6154e-12 4.9668e-12 5.3019e-12 5.6207e-12 5.9234e-12 6.3484e-12
64  12  9  4.1473e-12 4.3637e-12 4.8046e-12 5.3906e-12 6.0302e-12 6.6798e-12 7.3186e-12 7.9372e-12 8.5314e-12 9.0999e-12 9.6429e-12 1.0656e-11 1.1580e-11 1.2427e-11 1.3205e-11 1.3924e-11 1.4590e-11 1.5211e-11 1.5792e-11 1.6336e-11 1.6850e-11 1.7335e-11 1.8015e-11
65  12  10  2.2429e-12 2.3690e-12 2.6282e-12 2.9722e-12 3.3513e-12 3.7404e-12 4.1262e-12 4.5018e-12 4.8637e-12 5.2099e-12 5.5398e-12 6.1510e-12 6.7004e-12 7.1937e-12 7.6371e-12 8.0365e-12 8.3974e-12 8.7248e-12 9.0230e-12 9.2960e-12 9.5470e-12 9.7788e-12 1.0096e-11
66  12  11  5.4231e-14 6.2832e-14 9.1175e-14 1.3268e-13 1.8623e-13 2.5130e-13 3.2761e-13 4.1493e-13 5.1297e-13 6.2127e-13 7.3932e-13 1.0020e-12 1.2950e-12 1.6125e-12 1.9484e-12 2.2977e-12 2.6559e-12 3.0191e-12 3.3843e-12 3.7489e-12 4.1110e-12 4.4691e-12 4.9959e-12
67  13  1  1.5404e-13 1.5981e-13 1.8503e-13 2.2267e-13 2.6810e-13 3.1900e-13 3.7388e-13 4.3165e-13 4.9153e-13 5.5288e-13 6.1527e-13 7.4182e-13 8.6929e-13 9.9664e-13 1.1233e-12 1.2490e-12 1.3736e-12 1.4972e-12 1.6198e-12 1.7414e-12 1.8621e-12 1.9821e-12 2.1605e-12
68  13  2  1.0053e-16 8.9734e-17 7.8102e-17 7.5108e-17 7.7732e-17 8.4640e-17 9.4499e-17 1.0644e-16 1.2010e-16 1.3542e-16 1.5252e-16 1.9288e-16 2.4270e-16 3.0325e-16 3.7533e-16 4.5928e-16 5.5510e-16 6.6255e-16 7.8116e-16 9.1033e-16 1.0494e-15 1.1977e-15 1.4356e-15
69  13  3  2.3823e-13 2.4520e-13 2.7941e-13 3.3069e-13 3.9143e-13 4.5788e-13 5.2769e-13 5.9932e-13 6.7168e-13 7.4400e-13 8.1572e-13 9.5586e-13 1.0901e-12 1.2174e-12 1.3374e-12 1.4504e-12 1.5565e-12 1.6561e-12 1.7497e-12 1.8379e-12 1.9212e-12 1.9999e-12 2.1108e-12
70  13  4  3.8629e-13 3.9683e-13 4.4987e-13 5.2907e-13 6.2196e-13 7.2254e-13 8.2719e-13 9.3363e-13 1.0403e-12 1.1462e-12 1.2506e-12 1.4529e-12 1.6452e-12 1.8265e-12 1.9969e-12 2.1567e-12 2.3068e-12 2.4480e-12 2.5810e-12 2.7068e-12 2.8261e-12 2.9398e-12 3.1012e-12
71  13  5  5.3019e-13 5.4984e-13 6.3478e-13 7.5974e-13 9.0832e-13 1.0725e-12 1.2472e-12 1.4291e-12 1.6154e-12 1.8047e-12 1.9953e-12 2.3770e-12 2.7551e-12 3.1264e-12 3.4897e-12 3.8441e-12 4.1898e-12 4.5271e-12 4.8562e-12 5.1777e-12 5.4922e-12 5.8001e-12 6.2503e-12
72  13  6  6.0423e-13 6.2301e-13 7.1554e-13 8.5418e-13 1.0204e-12 1.2057e-12 1.4046e-12 1.6136e-12 1.8298e-12 2.0515e-12 2.2772e-12 2.7359e-12 3.1993e-12 3.6632e-12 4.1249e-12 4.5826e-12 5.0355e-12 5.4827e-12 5.9240e-12 6.3591e-12 6.7881e-12 7.2107e-12 7.8329e-12
73  13  7  1.5606e-12 1.6102e-12 1.8347e-12 2.1680e-12 2.5652e-12 3.0063e-12 3.4795e-12 3.9771e-12 4.4937e-12 5.0251e-12 5.5686e-12 6.6835e-12 7.8264e-12 8.9897e-12 1.0168e-11 1.1358e-11 1.2555e-11 1.3756e-11 1.4960e-11 1.6163e-11 1.7364e-11 1.8561e-11 2.0345e-11
74  13  8  1.2449e-12 1.2623e-12 1.3900e-12 1.5826e-12 1.8022e-12 2.0328e-12 2.2667e-12 2.4995e-12 2.7285e-12 2.9523e-12 3.1703e-12 3.5865e-12 3.9755e-12 4.3379e-12 4.6748e-12 4.9878e-12 5.2786e-12 5.5492e-12 5.8011e-12 6.0361e-12 6.2555e-12 6.4611e-12 6.7463e-12
75  13  9  1.4986e-12 1.5202e-12 1.6676e-12 1.8882e-12 2.1366e-12 2.3937e-12 2.6503e-12 2.9010e-12 3.1431e-12 3.3751e-12 3.5965e-12 4.0062e-12 4.3740e-12 4.7029e-12 4.9969e-12 5.2600e-12 5.4960e-12 5.7082e-12 5.8997e-12 6.0734e-12 6.2316e-12 6.3762e-12 6.5718e-12
76  13  10  4.2899e-12 4.3468e-12 4.7299e-12 5.3042e-12 5.9459e-12 6.6061e-12 7.2630e-12 7.9063e-12 8.5313e-12 9.1362e-12 9.7206e-12 1.0829e-11 1.1863e-11 1.2829e-11 1.3734e-11 1.4582e-11 1.5380e-11 1.6132e-11 1.6842e-11 1.7513e-11 1.8151e-11 1.8756e-11 1.9610e-11
77  13  11  8.9923e-13 1.1638e-12 1.7327e-12 2.3534e-12 3.0041e-12 3.6700e-12 4.3421e-12 5.0145e-12 5.6838e-12 6.3473e-12 7.0032e-12 8.2883e-12 9.5322e-12 1.0732e-11 1.1886e-11 1.2994e-11 1.4057e-11 1.5076e-11 1.6052e-11 1.6988e-11 1.7885e-11 1.8745e-11 1.9970e-11
78  13  12  1.3420e-12 1.7569e-12 2.6253e-12 3.5647e-12 4.5434e-12 5.5395e-12 6.5389e-12 7.5329e-12 8.5157e-12 9.4842e-12 1.0436e-11 1.2283e-11 1.4050e-11 1.5737e-11 1.7342e-11 1.8869e-11 2.0322e-11 2.1706e-11 2.3022e-11 2.4276e-11 2.5472e-11 2.6612e-11 2.8228e-11
79  14  1  8.1839e-14 8.4285e-14 9.8256e-14 1.2053e-13 1.4859e-13 1.8128e-13 2.1776e-13 2.5734e-13 2.9944e-13 3.4353e-13 3.8914e-13 4.8349e-13 5.7999e-13 6.7680e-13 7.7261e-13 8.6652e-13 9.5791e-13 1.0464e-12 1.1318e-12 1.2140e-12 1.2930e-12 1.3688e-12 1.4770e-12
80  14  2  3.9512e-14 4.0810e-14 4.7900e-14 5.9257e-14 7.3758e-14 9.0913e-14 1.1038e-13 1.3185e-13 1.5506e-13 1.7978e-13 2.0576e-13 2.6076e-13 3.1869e-13 3.7844e-13 4.3915e-13 5.0019e-13 5.6105e-13 6.2140e-13 6.8101e-13 7.3972e-13 7.9743e-13 8.5410e-13 9.3708e-13
81  14  3  2.0023e-13 2.0676e-13 2.4181e-13 2.9711e-13 3.6667e-13 4.4785e-13 5.3878e-13 6.3796e-13 7.4407e-13 8.5597e-13 9.7272e-13 1.2176e-12 1.4738e-12 1.7379e-12 2.0075e-12 2.2813e-12 2.5584e-12 2.8381e-12 3.1202e-12 3.4044e-12 3.6908e-12 3.9788e-12 4.4140e-12
82  14  4  4.2822e-14 4.4092e-14 5.1804e-14 6.4264e-14 8.0230e-14 9.9170e-14 1.2072e-13 1.4454e-13 1.7037e-13 1.9793e-13 2.2696e-13 2.8865e-13 3.5391e-13 4.2156e-13 4.9064e-13 5.6044e-13 6.3042e-13 7.0019e-13 7.6951e-13 8.3817e-13 9.0605e-13 9.7308e-13 1.0719e-12
83  14  5  4.7465e-14 4.8913e-14 5.7473e-14 7.1360e-14 8.9236e-14 1.1053e-13 1.3484e-13 1.6181e-13 1.9109e-13 2.2240e-13 2.5544e-13 3.2565e-13 3.9981e-13 4.7634e-13 5.5395e-13 6.3158e-13 7.0848e-13 7.8405e-13 8.5785e-13 9.2958e-13 9.9906e-13 1.0662e-12 1.1623e-12
84  14  6  4.6577e-13 4.7727e-13 5.4840e-13 6.6054e-13 7.9825e-13 9.5437e-13 1.1242e-12 1.3041e-12 1.4913e-12 1.6835e-12 1.8789e-12 2.2734e-12 2.6659e-12 3.0506e-12 3.4241e-12 3.7841e-12 4.1295e-12 4.4600e-12 4.7755e-12 5.0766e-12 5.3638e-12 5.6376e-12 6.0254e-12
85  14  7  7.5344e-14 7.7221e-14 8.9976e-14 1.1055e-13 1.3658e-13 1.6698e-13 2.0107e-13 2.3819e-13 2.7785e-13 3.1956e-13 3.6292e-13 4.5320e-13 5.4631e-13 6.4047e-13 7.3435e-13 8.2693e-13 9.1755e-13 1.0057e-12 1.0912e-12 1.1737e-12 1.2533e-12 1.3298e-12 1.4391e-12
86  14  8  1.2236e-12 1.2570e-12 1.4392e-12 1.7212e-12 2.0650e-12 2.4542e-12 2.8789e-12 3.3322e-12 3.8086e-12 4.3041e-12 4.8153e-12 5.8757e-12 6.9756e-12 8.1065e-12 9.2631e-12 1.0442e-11 1.1639e-11 1.2855e-11 1.4085e-11 1.5330e-11 1.6585e-11 1.7850e-11 1.9762e-11
87  14  9  5.7319e-14 5.9115e-14 7.0011e-14 8.7900e-14 1.1128e-13 1.3957e-13 1.7242e-13 2.0950e-13 2.5048e-13 2.9507e-13 3.4297e-13 4.4752e-13 5.6179e-13 6.8365e-13 8.1107e-13 9.4237e-13 1.0760e-12 1.2108e-12 1.3457e-12 1.4800e-12 1.6129e-12 1.7440e-12 1.9365e-12
88  14  10  1.6584e-13 1.7166e-13 2.0143e-13 2.4798e-13 3.0627e-13 3.7404e-13 4.4974e-13 5.3215e-13 6.2019e-13 7.1301e-13 8.0981e-13 1.0128e-12 1.2247e-12 1.4421e-12 1.6626e-12 1.8841e-12 2.1051e-12 2.3248e-12 2.5423e-12 2.7571e-12 2.9688e-12 3.1772e-12 3.4835e-12
89  14  11  5.1805e-12 5.2479e-12 5.7876e-12 6.6254e-12 7.5912e-12 8.6157e-12 9.6625e-12 1.0710e-11 1.1744e-11 1.2758e-11 1.3746e-11 1.5630e-11 1.7391e-11 1.9028e-11 2.0548e-11 2.1962e-11 2.3275e-11 2.4499e-11 2.5640e-11 2.6708e-11 2.7707e-11 2.8646e-11 2.9950e-11
90  14  12  4.5297e-14 4.7508e-14 5.8051e-14 7.4786e-14 9.6613e-14 1.2313e-13 1.5407e-13 1.8923e-13 2.2841e-13 2.7140e-13 3.1799e-13 4.2108e-13 5.3578e-13 6.6009e-13 7.9207e-13 9.2983e-13 1.0717e-12 1.2162e-12 1.3619e-12 1.5078e-12 1.6532e-12 1.7970e-12 2.0087e-12
91  14  13  4.6495e-13 4.7341e-13 5.3219e-13 6.2356e-13 7.3207e-13 8.5121e-13 9.7726e-13 1.1077e-12 1.2409e-12 1.3755e-12 1.5105e-12 1.7793e-12 2.0435e-12 2.3006e-12 2.5492e-12 2.7885e-12 3.0180e-12 3.2376e-12 3.4476e-12 3.6479e-12 3.8390e-12 4.0214e-12 4.2790e-12
92  15  1  1.1800e-13 9.7582e-14 1.0116e-13 1.1996e-13 1.4583e-13 1.7666e-13 2.1134e-13 2.4906e-13 2.8918e-13 3.3118e-13 3.7462e-13 4.6432e-13 5.5583e-13 6.4747e-13 7.3798e-13 8.2653e-13 9.1258e-13 9.9581e-13 1.0760e-12 1.1532e-12 1.2274e-12 1.2985e-12 1.4000e-12
93  15  2  8.0477e-14 6.6903e-14 6.9699e-14 8.2785e-14 1.0069e-13 1.2201e-13 1.4603e-13 1.7224e-13 2.0023e-13 2.2969e-13 2.6035e-13 3.2436e-13 3.9094e-13 4.5925e-13 5.2877e-13 5.9918e-13 6.7033e-13 7.4215e-13 8.1461e-13 8.8774e-13 9.6150e-13 1.0359e-12 1.1487e-12
94  15  3  2.0134e-13 1.6661e-13 1.7382e-13 2.0799e-13 2.5549e-13 3.1295e-13 3.7864e-13 4.5136e-13 5.3010e-13 6.1401e-13 7.0229e-13 8.8940e-13 1.0869e-12 1.2912e-12 1.4997e-12 1.7104e-12 1.9217e-12 2.1328e-12 2.3427e-12 2.5511e-12 2.7576e-12 2.9622e-12 3.2649e-12
95  15  4  1.4058e-13 1.1499e-13 1.1827e-13 1.3965e-13 1.6920e-13 2.0446e-13 2.4420e-13 2.8760e-13 3.3400e-13 3.8289e-13 4.3385e-13 5.4062e-13 6.5233e-13 7.6772e-13 8.8606e-13 1.0069e-12 1.1302e-12 1.2556e-12 1.3832e-12 1.5129e-12 1.6447e-12 1.7785e-12 1.9828e-12
96  15  5  3.6350e-13 2.9672e-13 3.0059e-13 3.4783e-13 4.1234e-13 4.8719e-13 5.6905e-13 6.5572e-13 7.4564e-13 8.3758e-13 9.3065e-13 1.1174e-12 1.3018e-12 1.4814e-12 1.6545e-12 1.8205e-12 1.9790e-12 2.1301e-12 2.2739e-12 2.4106e-12 2.5407e-12 2.6647e-12 2.8397e-12
97  15  6  2.2340e-13 1.8435e-13 1.9163e-13 2.2867e-13 2.8022e-13 3.4245e-13 4.1342e-13 4.9173e-13 5.7626e-13 6.6601e-13 7.6008e-13 9.5819e-13 1.1652e-12 1.3768e-12 1.5899e-12 1.8015e-12 2.0100e-12 2.2139e-12 2.4124e-12 2.6045e-12 2.7902e-12 2.9692e-12 3.2250e-12
98  15  7  3.0949e-13 2.5142e-13 2.5493e-13 2.9643e-13 3.5346e-13 4.2017e-13 4.9366e-13 5.7198e-13 6.5372e-13 7.3776e-13 8.2323e-13 9.9576e-13 1.1672e-12 1.3349e-12 1.4974e-12 1.6539e-12 1.8036e-12 1.9466e-12 2.0830e-12 2.2131e-12 2.3372e-12 2.4554e-12 2.6230e-12
99  15  8  2.3219e-13 1.9038e-13 1.9828e-13 2.3832e-13 2.9458e-13 3.6326e-13 4.4258e-13 5.3135e-13 6.2856e-13 7.3334e-13 8.4492e-13 1.0856e-12 1.3452e-12 1.6190e-12 1.9030e-12 2.1937e-12 2.4883e-12 2.7845e-12 3.0803e-12 3.3742e-12 3.6653e-12 3.9525e-12 4.3748e-12
100  15  9  1.3187e-12 1.0632e-12 1.0626e-12 1.2162e-12 1.4283e-12 1.6755e-12 1.9478e-12 2.2392e-12 2.5455e-12 2.8642e-12 3.1929e-12 3.8751e-12 4.5840e-12 5.3155e-12 6.0672e-12 6.8378e-12 7.6261e-12 8.4310e-12 9.2516e-12 1.0087e-11 1.0935e-11 1.1794e-11 1.3102e-11
101  15  10  7.2727e-13 5.8548e-13 5.9178e-13 6.8899e-13 8.2367e-13 9.8248e-13 1.1592e-12 1.3500e-12 1.5517e-12 1.7622e-12 1.9797e-12 2.4299e-12 2.8937e-12 3.3650e-12 3.8402e-12 4.3165e-12 4.7921e-12 5.2659e-12 5.7372e-12 6.2054e-12 6.6702e-12 7.1315e-12 7.8161e-12
102  15  11  1.9103e-13 1.5435e-13 1.5948e-13 1.9099e-13 2.3513e-13 2.8874e-13 3.5047e-13 4.1943e-13 4.9501e-13 5.7669e-13 6.6399e-13 8.5363e-13 1.0604e-12 1.2809e-12 1.5119e-12 1.7504e-12 1.9938e-12 2.2399e-12 2.4864e-12 2.7321e-12 2.9753e-12 3.2151e-12 3.5667e-12
103  15  12  6.7771e-12 5.4128e-12 5.2375e-12 5.7584e-12 6.4786e-12 7.2780e-12 8.1082e-12 8.9439e-12 9.7710e-12 1.0581e-11 1.1370e-11 1.2872e-11 1.4268e-11 1.5564e-11 1.6761e-11 1.7870e-11 1.8898e-11 1.9854e-11 2.0744e-11 2.1574e-11 2.2351e-11 2.3079e-11 2.4092e-11
104  15  13  1.9935e-12 1.5633e-12 1.5085e-12 1.6761e-12 1.9127e-12 2.1813e-12 2.4665e-12 2.7599e-12 3.0561e-12 3.3517e-12 3.6443e-12 4.2149e-12 4.7599e-12 5.2762e-12 5.7624e-12 6.2188e-12 6.6467e-12 7.0471e-12 7.4221e-12 7.7733e-12 8.1024e-12 8.4109e-12 8.8393e-12
105  15  14  3.0344e-14 2.6315e-14 3.2735e-14 4.5920e-14 6.3950e-14 8.6513e-14 1.1356e-13 1.4514e-13 1.8133e-13 2.2218e-13 2.6770e-13 3.7269e-13 4.9568e-13 6.3547e-13 7.9053e-13 9.5908e-13 1.1393e-12 1.3293e-12 1.5275e-12 1.7322e-12 1.9418e-12 2.1551e-12 2.4793e-12
106  16  1  3.9481e-14 3.6921e-14 4.0965e-14 4.9513e-14 6.0627e-14 7.3665e-14 8.8238e-14 1.0404e-13 1.2082e-13 1.3837e-13 1.5650e-13 1.9391e-13 2.3205e-13 2.7022e-13 3.0790e-13 3.4475e-13 3.8055e-13 4.1517e-13 4.4853e-13 4.8060e-13 5.1139e-13 5.4092e-13 5.8299e-13
107  16  2  7.5387e-17 6.5240e-17 7.0337e-17 8.6096e-17 1.0791e-16 1.3444e-16 1.6489e-16 1.9866e-16 2.3530e-16 2.7445e-16 3.1581e-16 4.0427e-16 4.9896e-16 5.9846e-16 7.0159e-16 8.0739e-16 9.1513e-16 1.0242e-15 1.1343e-15 1.2449e-15 1.3559e-15 1.4673e-15 1.6340e-15
108  16  3  9.2907e-14 8.7309e-14 9.7665e-14 1.1893e-13 1.4671e-13 1.7963e-13 2.1684e-13 2.5771e-13 3.0171e-13 3.4834e-13 3.9719e-13 5.0023e-13 6.0854e-13 7.2049e-13 8.3485e-13 9.5083e-13 1.0678e-12 1.1855e-12 1.3035e-12 1.4218e-12 1.5401e-12 1.6585e-12 1.8359e-12
109  16  4  1.4090e-13 1.3229e-13 1.4790e-13 1.7996e-13 2.2172e-13 2.7107e-13 3.2675e-13 3.8779e-13 4.5337e-13 5.2281e-13 5.9549e-13 7.4872e-13 9.0989e-13 1.0768e-12 1.2480e-12 1.4226e-12 1.5996e-12 1.7787e-12 1.9598e-12 2.1424e-12 2.3266e-12 2.5121e-12 2.7926e-12
110  16  5  1.1731e-13 1.0980e-13 1.2169e-13 1.4645e-13 1.7825e-13 2.1507e-13 2.5577e-13 2.9940e-13 3.4523e-13 3.9266e-13 4.4117e-13 5.3989e-13 6.3883e-13 7.3627e-13 8.3114e-13 9.2274e-13 1.0107e-12 1.0948e-12 1.1750e-12 1.2515e-12 1.3242e-12 1.3936e-12 1.4913e-12
111  16  6  1.6265e-13 1.5225e-13 1.6846e-13 2.0249e-13 2.4632e-13 2.9729e-13 3.5383e-13 4.1475e-13 4.7912e-13 5.4612e-13 6.1511e-13 7.5686e-13 9.0085e-13 1.0445e-12 1.1862e-12 1.3246e-12 1.4589e-12 1.5887e-12 1.7137e-12 1.8337e-12 1.9490e-12 2.0594e-12 2.2166e-12
112  16  7  3.7816e-13 3.5230e-13 3.8635e-13 4.6005e-13 5.5428e-13 6.6267e-13 7.8163e-13 9.0855e-13 1.0414e-12 1.1786e-12 1.3187e-12 1.6041e-12 1.8909e-12 2.1747e-12 2.4525e-12 2.7226e-12 2.9837e-12 3.2351e-12 3.4768e-12 3.7086e-12 3.9308e-12 4.1439e-12 4.4470e-12
113  16  8  3.1610e-13 2.9829e-13 3.3213e-13 4.0009e-13 4.8713e-13 5.8838e-13 7.0108e-13 8.2323e-13 9.5324e-13 1.0898e-12 1.2318e-12 1.5287e-12 1.8382e-12 2.1559e-12 2.4789e-12 2.8046e-12 3.1316e-12 3.4585e-12 3.7844e-12 4.1086e-12 4.4306e-12 4.7501e-12 5.2238e-12
114  16  9  3.2765e-13 3.0776e-13 3.4283e-13 4.1396e-13 5.0500e-13 6.1064e-13 7.2779e-13 8.5414e-13 9.8787e-13 1.1275e-12 1.2717e-12 1.5699e-12 1.8760e-12 2.1855e-12 2.4952e-12 2.8031e-12 3.1077e-12 3.4083e-12 3.7041e-12 3.9951e-12 4.2811e-12 4.5623e-12 4.9749e-12
115  16  10  1.0018e-12 9.3410e-13 1.0170e-12 1.1976e-12 1.4271e-12 1.6904e-12 1.9804e-12 2.2920e-12 2.6217e-12 2.9670e-12 3.3257e-12 4.0780e-12 4.8699e-12 5.6959e-12 6.5518e-12 7.4348e-12 8.3424e-12 9.2721e-12 1.0221e-11 1.1188e-11 1.2170e-11 1.3166e-11 1.4678e-11
116  16  11  7.9894e-13 7.4573e-13 8.0133e-13 9.2420e-13 1.0751e-12 1.2415e-12 1.4171e-12 1.5981e-12 1.7819e-12 1.9668e-12 2.1514e-12 2.5164e-12 2.8719e-12 3.2154e-12 3.5454e-12 3.8614e-12 4.1630e-12 4.4506e-12 4.7243e-12 4.9848e-12 5.2328e-12 5.4687e-12 5.8013e-12
117  16  12  9.1656e-13 8.5212e-13 9.1403e-13 1.0541e-12 1.2264e-12 1.4162e-12 1.6161e-12 1.8213e-12 2.0288e-12 2.2364e-12 2.4424e-12 2.8455e-12 3.2326e-12 3.6006e-12 3.9482e-12 4.2756e-12 4.5826e-12 4.8706e-12 5.1403e-12 5.3930e-12 5.6296e-12 5.8516e-12 6.1592e-12
118  16  13  4.8839e-12 4.4885e-12 4.7063e-12 5.3016e-12 6.0262e-12 6.8055e-12 7.6055e-12 8.4075e-12 9.2005e-12 9.9782e-12 1.0737e-11 1.2188e-11 1.3550e-11 1.4824e-11 1.6017e-11 1.7133e-11 1.8181e-11 1.9165e-11 2.0092e-11 2.0967e-11 2.1795e-11 2.2578e-11 2.3679e-11
119  16  14  6.8288e-13 8.4438e-13 1.2386e-12 1.6839e-12 2.1586e-12 2.6512e-12 3.1545e-12 3.6632e-12 4.1739e-12 4.6844e-12 5.1925e-12 6.1971e-12 7.1811e-12 8.1405e-12 9.0731e-12 9.9777e-12 1.0854e-11 1.1701e-11 1.2521e-11 1.3313e-11 1.4078e-11 1.4816e-11 1.5878e-11
120  16  15  1.0213e-12 1.2085e-12 1.7515e-12 2.3779e-12 3.0470e-12 3.7412e-12 4.4488e-12 5.1628e-12 5.8778e-12 6.5900e-12 7.2969e-12 8.6882e-12 1.0042e-11 1.1353e-11 1.2619e-11 1.3840e-11 1.5014e-11 1.6145e-11 1.7230e-11 1.8274e-11 1.9278e-11 2.0243e-11 2.1620e-11
121  17  1  2.7204e-14 2.8137e-14 3.3688e-14 4.2694e-14 5.4545e-14 6.9051e-14 8.6087e-14 1.0551e-13 1.2717e-13 1.5089e-13 1.7648e-13 2.3259e-13 2.9413e-13 3.5987e-13 4.2879e-13 5.0007e-13 5.7302e-13 6.4712e-13 7.2200e-13 7.9736e-13 8.7296e-13 9.4866e-13 1.0621e-12
122  17  2  9.4884e-15 9.8094e-15 1.1749e-14 1.4915e-14 1.9100e-14 2.4249e-14 3.0317e-14 3.7263e-14 4.5031e-14 5.3562e-14 6.2791e-14 8.3077e-14 1.0537e-13 1.2919e-13 1.5411e-13 1.7975e-13 2.0579e-13 2.3199e-13 2.5813e-13 2.8405e-13 3.0962e-13 3.3476e-13 3.7146e-13
123  17  3  5.6443e-14 5.8118e-14 6.8949e-14 8.6501e-14 1.0933e-13 1.3690e-13 1.6882e-13 2.0471e-13 2.4420e-13 2.8688e-13 3.3237e-13 4.3032e-13 5.3536e-13 6.4520e-13 7.5791e-13 8.7199e-13 9.8622e-13 1.0997e-12 1.2117e-12 1.3216e-12 1.4292e-12 1.5342e-12 1.6863e-12
124  17  4  1.0592e-14 1.0976e-14 1.3183e-14 1.6771e-14 2.1517e-14 2.7358e-14 3.4251e-14 4.2148e-14 5.0986e-14 6.0700e-14 7.1215e-14 9.4354e-14 1.1982e-13 1.4706e-13 1.7560e-13 2.0502e-13 2.3496e-13 2.6514e-13 2.9533e-13 3.2534e-13 3.5504e-13 3.8432e-13 4.2722e-13
125  17  5  1.3754e-14 1.4242e-14 1.7132e-14 2.1889e-14 2.8257e-14 3.6192e-14 4.5679e-14 5.6687e-14 6.9175e-14 8.3082e-14 9.8340e-14 1.3259e-13 1.7124e-13 2.1357e-13 2.5892e-13 3.0664e-13 3.5615e-13 4.0693e-13 4.5857e-13 5.1069e-13 5.6299e-13 6.1523e-13 6.9300e-13
126  17  6  9.9660e-14 1.0261e-13 1.2148e-13 1.5177e-13 1.9083e-13 2.3763e-13 2.9151e-13 3.5181e-13 4.1789e-13 4.8912e-13 5.6492e-13 7.2816e-13 9.0397e-13 1.0896e-12 1.2829e-12 1.4827e-12 1.6876e-12 1.8975e-12 2.1118e-12 2.3300e-12 2.5523e-12 2.7784e-12 3.1242e-12
127  17  7  2.3266e-14 2.4089e-14 2.8885e-14 3.6675e-14 4.6952e-14 5.9576e-14 7.4456e-14 9.1492e-14 1.1056e-13 1.3154e-13 1.5428e-13 2.0447e-13 2.6002e-13 3.1983e-13 3.8297e-13 4.4864e-13 5.1611e-13 5.8483e-13 6.5432e-13 7.2422e-13 7.9422e-13 8.6410e-13 9.6825e-13
128  17  8  3.0045e-13 3.0786e-13 3.6024e-13 4.4389e-13 5.4977e-13 6.7408e-13 8.1419e-13 9.6781e-13 1.1329e-12 1.3075e-12 1.4900e-12 1.8726e-12 2.2704e-12 2.6757e-12 3.0823e-12 3.4861e-12 3.8839e-12 4.2733e-12 4.6531e-12 5.0222e-12 5.3801e-12 5.7266e-12 6.2245e-12
129  17  9  1.8748e-14 1.9413e-14 2.3389e-14 2.9961e-14 3.8799e-14 4.9864e-14 6.3158e-14 7.8660e-14 9.6331e-14 1.1610e-13 1.3789e-13 1.8713e-13 2.4315e-13 3.0498e-13 3.7159e-13 4.4204e-13 5.1540e-13 5.9089e-13 6.6775e-13 7.4540e-13 8.2328e-13 9.0097e-13 1.0163e-12
130  17  10  3.9098e-14 4.0417e-14 4.8206e-14 6.0728e-14 7.7030e-14 9.6776e-14 1.1973e-13 1.4567e-13 1.7435e-13 2.0552e-13 2.3893e-13 3.1157e-13 3.9041e-13 4.7388e-13 5.6058e-13 6.4933e-13 7.3916e-13 8.2926e-13 9.1900e-13 1.0079e-12 1.0955e-12 1.1816e-12 1.3072e-12
131  17  11  6.9639e-13 7.0878e-13 8.1804e-13 9.9132e-13 1.2064e-12 1.4545e-12 1.7298e-12 2.0285e-12 2.3468e-12 2.6821e-12 3.0319e-12 3.7674e-12 4.5416e-12 5.3467e-12 6.1780e-12 7.0324e-12 7.9079e-12 8.8033e-12 9.7171e-12 1.0649e-11 1.1597e-11 1.2560e-11 1.4032e-11
132  17  12  1.6789e-14 1.7486e-14 2.1323e-14 2.7641e-14 3.6207e-14 4.7038e-14 6.0186e-14 7.5689e-14 9.3562e-14 1.1379e-13 1.3636e-13 1.8831e-13 2.4887e-13 3.1730e-13 3.9275e-13 4.7432e-13 5.6109e-13 6.5215e-13 7.4668e-13 8.4388e-13 9.4308e-13 1.0436e-12 1.1958e-12
133  17  13  8.4083e-14 8.7193e-14 1.0408e-13 1.3063e-13 1.6468e-13 2.0537e-13 2.5209e-13 3.0433e-13 3.6159e-13 4.2337e-13 4.8921e-13 6.3134e-13 7.8489e-13 9.4717e-13 1.1160e-12 1.2896e-12 1.4663e-12 1.6452e-12 1.8250e-12 2.0051e-12 2.1849e-12 2.3637e-12 2.6294e-12
134  17  14  4.0197e-12 4.0516e-12 4.5348e-12 5.2911e-12 6.1841e-12 7.1577e-12 8.1799e-12 9.2299e-12 1.0292e-11 1.1356e-11 1.2414e-11 1.4486e-11 1.6479e-11 1.8378e-11 2.0177e-11 2.1877e-11 2.3481e-11 2.4993e-11 2.6418e-11 2.7761e-11 2.9029e-11 3.0226e-11 3.1900e-11
135  17  15  1.4481e-14 1.5282e-14 1.9093e-14 2.5121e-14 3.3132e-14 4.3107e-14 5.5061e-14 6.9011e-14 8.4970e-14 1.0294e-13 1.2293e-13 1.6888e-13 2.2262e-13 2.8377e-13 3.5186e-13 4.2627e-13 5.0632e-13 5.9133e-13 6.8057e-13 7.7337e-13 8.6906e-13 9.6700e-13 1.1169e-12
136  17  16  2.5718e-13 2.6108e-13 2.9902e-13 3.5826e-13 4.3029e-13 5.1160e-13 6.0007e-13 6.9413e-13 7.9255e-13 8.9433e-13 9.9868e-13 1.2125e-12 1.4299e-12 1.6480e-12 1.8648e-12 2.0787e-12 2.2887e-12 2.4940e-12 2.6943e-12 2.8890e-12 3.0780e-12 3.2613e-12 3.5250e-12
137  18  1  2.9215e-14 2.8176e-14 3.2475e-14 4.0703e-14 5.1750e-14 6.5332e-14 8.1292e-14 9.9480e-14 1.1974e-13 1.4188e-13 1.6576e-13 2.1800e-13 2.7515e-13 3.3610e-13 3.9994e-13 4.6591e-13 5.3345e-13 6.0212e-13 6.7161e-13 7.4167e-13 8.1216e-13 8.8295e-13 9.8945e-13
138  18  2  1.7752e-14 1.7024e-14 1.9422e-14 2.4086e-14 3.0288e-14 3.7812e-14 4.6529e-14 5.6326e-14 6.7087e-14 7.8699e-14 9.1056e-14 1.1759e-13 1.4594e-13 1.7547e-13 2.0567e-13 2.3613e-13 2.6653e-13 2.9663e-13 3.2625e-13 3.5524e-13 3.8355e-13 4.1106e-13 4.5083e-13
139  18  3  3.9143e-14 3.7757e-14 4.3530e-14 5.4610e-14 6.9530e-14 8.7921e-14 1.0959e-13 1.3433e-13 1.6193e-13 1.9217e-13 2.2481e-13 2.9634e-13 3.7463e-13 4.5803e-13 5.4502e-13 6.3436e-13 7.2498e-13 8.1605e-13 9.0686e-13 9.9689e-13 1.0857e-12 1.1730e-12 1.3007e-12
140  18  4  2.9259e-14 2.8153e-14 3.2098e-14 3.9693e-14 4.9735e-14 6.1864e-14 7.5851e-14 9.1500e-14 1.0862e-13 1.2702e-13 1.4653e-13 1.8821e-13 2.3247e-13 2.7834e-13 3.2505e-13 3.7200e-13 4.1871e-13 4.6484e-13 5.1015e-13 5.5446e-13 5.9766e-13 6.3969e-13 7.0042e-13
141  18  5  4.9520e-14 4.7534e-14 5.3974e-14 6.6338e-14 8.2519e-14 1.0186e-13 1.2397e-13 1.4852e-13 1.7521e-13 2.0376e-13 2.3392e-13 2.9820e-13 3.6667e-13 4.3839e-13 5.1282e-13 5.8964e-13 6.6875e-13 7.5015e-13 8.3388e-13 9.2005e-13 1.0087e-12 1.1000e-12 1.2417e-12
142  18  6  5.0182e-14 4.8525e-14 5.6127e-14 7.0687e-14 9.0412e-14 1.1492e-13 1.4404e-13 1.7759e-13 2.1541e-13 2.5722e-13 3.0281e-13 4.0424e-13 5.1754e-13 6.4062e-13 7.7152e-13 9.0852e-13 1.0501e-12 1.1950e-12 1.3420e-12 1.4904e-12 1.6394e-12 1.7882e-12 2.0104e-12
143  18  7  5.5551e-14 5.3632e-14 6.1387e-14 7.6099e-14 9.5542e-14 1.1906e-13 1.4629e-13 1.7685e-13 2.1046e-13 2.4677e-13 2.8548e-13 3.6902e-13 4.5908e-13 5.5408e-13 6.5280e-13 7.5436e-13 8.5813e-13 9.6364e-13 1.0706e-12 1.1788e-12 1.2881e-12 1.3984e-12 1.5654e-12
144  18  8  5.2624e-14 5.0980e-14 5.9017e-14 7.4338e-14 9.5090e-14 1.2088e-13 1.5155e-13 1.8693e-13 2.2683e-13 2.7103e-13 3.1929e-13 4.2694e-13 5.4759e-13 6.7899e-13 8.1900e-13 9.6562e-13 1.1171e-12 1.2717e-12 1.4283e-12 1.5855e-12 1.7424e-12 1.8983e-12 2.1288e-12
145  18  9  2.3456e-13 2.2433e-13 2.5229e-13 3.0666e-13 3.7698e-13 4.5975e-13 5.5288e-13 6.5467e-13 7.6365e-13 8.7850e-13 9.9807e-13 1.2474e-12 1.5049e-12 1.7654e-12 2.0255e-12 2.2823e-12 2.5342e-12 2.7797e-12 3.0183e-12 3.2495e-12 3.4729e-12 3.6886e-12 3.9980e-12
146  18  10  1.1795e-13 1.1382e-13 1.2950e-13 1.5913e-13 1.9781e-13 2.4391e-13 2.9646e-13 3.5464e-13 4.1769e-13 4.8489e-13 5.5559e-13 7.0515e-13 8.6224e-13 1.0236e-12 1.1866e-12 1.3494e-12 1.5105e-12 1.6688e-12 1.8236e-12 1.9744e-12 2.1208e-12 2.2629e-12 2.4672e-12
147  18  11  4.7319e-14 4.6337e-14 5.4236e-14 6.8786e-14 8.8438e-14 1.1290e-13 1.4208e-13 1.7591e-13 2.1429e-13 2.5709e-13 3.0418e-13 4.1058e-13 5.3204e-13 6.6689e-13 8.1345e-13 9.6998e-13 1.1348e-12 1.3065e-12 1.4835e-12 1.6645e-12 1.8484e-12 2.0341e-12 2.3143e-12
148  18  12  6.1481e-13 5.8677e-13 6.5150e-13 7.7801e-13 9.3842e-13 1.1237e-12 1.3288e-12 1.5505e-12 1.7858e-12 2.0328e-12 2.2896e-12 2.8274e-12 3.3915e-12 3.9771e-12 4.5820e-12 5.2047e-12 5.8447e-12 6.5017e-12 7.1754e-12 7.8655e-12 8.5715e-12 9.2926e-12 1.0401e-11
149  18  13  2.3133e-13 2.2498e-13 2.5681e-13 3.1497e-13 3.9004e-13 4.7891e-13 5.7976e-13 6.9112e-13 8.1170e-13 9.4032e-13 1.0759e-12 1.3644e-12 1.6710e-12 1.9903e-12 2.3189e-12 2.6536e-12 2.9922e-12 3.3331e-12 3.6751e-12 4.0170e-12 4.3581e-12 4.6981e-12 5.2046e-12
150  18  14  4.2124e-14 4.1755e-14 4.9128e-14 6.1938e-14 7.8731e-14 9.9134e-14 1.2298e-13 1.5016e-13 1.8059e-13 2.1420e-13 2.5089e-13 3.3328e-13 4.2709e-13 5.3152e-13 6.4565e-13 7.6849e-13 8.9896e-13 1.0360e-12 1.1785e-12 1.3256e-12 1.4762e-12 1.6294e-12 1.8623e-12
151  18  15  4.0856e-12 3.8642e-12 4.1711e-12 4.8106e-12 5.5901e-12 6.4465e-12 7.3473e-12 8.2722e-12 9.2068e-12 1.0141e-11 1.1068e-11 1.2878e-11 1.4613e-11 1.6258e-11 1.7811e-11 1.9274e-11 2.0648e-11 2.1938e-11 2.3151e-11 2.4292e-11 2.5366e-11 2.6377e-11 2.7788e-11
152  18  16  6.7873e-13 6.5586e-13 7.2607e-13 8.5589e-13 1.0159e-12 1.1957e-12 1.3897e-12 1.5940e-12 1.8056e-12 2.0224e-12 2.2422e-12 2.6863e-12 3.1290e-12 3.5649e-12 3.9903e-12 4.4027e-12 4.8009e-12 5.1842e-12 5.5521e-12 5.9045e-12 6.2420e-12 6.5647e-12 7.0221e-12
153  18  17  8.8220e-15 9.6192e-15 1.3432e-14 1.9324e-14 2.7128e-14 3.6840e-14 4.8476e-14 6.2064e-14 7.7645e-14 9.5267e-14 1.1497e-13 1.6080e-13 2.1533e-13 2.7860e-13 3.5049e-13 4.3071e-13 5.1885e-13 6.1437e-13 7.1674e-13 8.2530e-13 9.3946e-13 1.0585e-12 1.2449e-12
154  19  1  9.9685e-15 1.0786e-14 1.3148e-14 1.6737e-14 2.1412e-14 2.7112e-14 3.3791e-14 4.1392e-14 4.9852e-14 5.9101e-14 6.9066e-14 9.0856e-14 1.1469e-13 1.4009e-13 1.6666e-13 1.9410e-13 2.2216e-13 2.5067e-13 2.7946e-13 3.0845e-13 3.3757e-13 3.6675e-13 4.1057e-13
155  19  2  6.6237e-18 6.6596e-18 7.5763e-18 9.3438e-18 1.1730e-17 1.4637e-17 1.8015e-17 2.1844e-17 2.6117e-17 3.0835e-17 3.5998e-17 4.7675e-17 6.1153e-17 7.6416e-17 9.3438e-17 1.1219e-16 1.3264e-16 1.5476e-16 1.7854e-16 2.0393e-16 2.3090e-16 2.5942e-16 3.0498e-16
156  19  3  2.0507e-14 2.2126e-14 2.6811e-14 3.3930e-14 4.3155e-14 5.4333e-14 6.7346e-14 8.2060e-14 9.8334e-14 1.1602e-13 1.3497e-13 1.7605e-13 2.2049e-13 2.6732e-13 3.1573e-13 3.6503e-13 4.1469e-13 4.6428e-13 5.1345e-13 5.6195e-13 6.0962e-13 6.5629e-13 7.2422e-13
157  19  4  3.1405e-14 3.3854e-14 4.0961e-14 5.1733e-14 6.5645e-14 8.2439e-14 1.0191e-13 1.2385e-13 1.4802e-13 1.7420e-13 2.0215e-13 2.6246e-13 3.2734e-13 3.9537e-13 4.6537e-13 5.3638e-13 6.0764e-13 6.7859e-13 7.4878e-13 8.1787e-13 8.8561e-13 9.5185e-13 1.0481e-12
158  19  5  2.9420e-14 3.1778e-14 3.8595e-14 4.8915e-14 6.2271e-14 7.8446e-14 9.7274e-14 1.1857e-13 1.4214e-13 1.6777e-13 1.9524e-13 2.5496e-13 3.1976e-13 3.8833e-13 4.5962e-13 5.3274e-13 6.0703e-13 6.8197e-13 7.5718e-13 8.3238e-13 9.0737e-13 9.8199e-13 1.0930e-12
159  19  6  3.4279e-14 3.7048e-14 4.4967e-14 5.6948e-14 7.2466e-14 9.1291e-14 1.1325e-13 1.3813e-13 1.6577e-13 1.9591e-13 2.2836e-13 2.9928e-13 3.7695e-13 4.5997e-13 5.4719e-13 6.3764e-13 7.3057e-13 8.2538e-13 9.2161e-13 1.0189e-12 1.1169e-12 1.2155e-12 1.3639e-12
160  19  7  5.8597e-14 6.3224e-14 7.6345e-14 9.6029e-14 1.2128e-13 1.5161e-13 1.8668e-13 2.2613e-13 2.6960e-13 3.1675e-13 3.6724e-13 4.7699e-13 5.9665e-13 7.2453e-13 8.5929e-13 9.9996e-13 1.1458e-12 1.2963e-12 1.4512e-12 1.6098e-12 1.7722e-12 1.9382e-12 2.1930e-12
161  19  8  6.4232e-14 6.9282e-14 8.3480e-14 1.0468e-13 1.3171e-13 1.6396e-13 2.0098e-13 2.4230e-13 2.8749e-13 3.3612e-13 3.8776e-13 4.9854e-13 6.1701e-13 7.4076e-13 8.6783e-13 9.9660e-13 1.1258e-12 1.2544e-12 1.3816e-12 1.5069e-12 1.6296e-12 1.7497e-12 1.9242e-12
162  19  9  5.3922e-14 5.8141e-14 7.0223e-14 8.8303e-14 1.1138e-13 1.3895e-13 1.7057e-13 2.0584e-13 2.4436e-13 2.8571e-13 3.2952e-13 4.2303e-13 5.2230e-13 6.2517e-13 7.2988e-13 8.3508e-13 9.3972e-13 1.0430e-12 1.1443e-12 1.2433e-12 1.3396e-12 1.4331e-12 1.5678e-12
163  19  10  2.0148e-13 2.1623e-13 2.5757e-13 3.1875e-13 3.9553e-13 4.8556e-13 5.8713e-13 6.9874e-13 8.1899e-13 9.4661e-13 1.0805e-12 1.3627e-12 1.6585e-12 1.9625e-12 2.2706e-12 2.5790e-12 2.8856e-12 3.1883e-12 3.4859e-12 3.7776e-12 4.0624e-12 4.3399e-12 4.7422e-12
164  19  11  1.1885e-13 1.2851e-13 1.5480e-13 1.9334e-13 2.4187e-13 2.9922e-13 3.6450e-13 4.3693e-13 5.1580e-13 6.0043e-13 6.9019e-13 8.8284e-13 1.0898e-12 1.3078e-12 1.5342e-12 1.7669e-12 2.0042e-12 2.2448e-12 2.4874e-12 2.7313e-12 2.9759e-12 3.2202e-12 3.5855e-12
165  19  12  1.2661e-13 1.3678e-13 1.6533e-13 2.0744e-13 2.6064e-13 3.2362e-13 3.9538e-13 4.7500e-13 5.6161e-13 6.5435e-13 7.5247e-13 9.6207e-13 1.1854e-12 1.4184e-12 1.6580e-12 1.9016e-12 2.1472e-12 2.3933e-12 2.6390e-12 2.8833e-12 3.1256e-12 3.3654e-12 3.7199e-12
166  19  13  4.6922e-13 5.0225e-13 5.8908e-13 7.1400e-13 8.6643e-13 1.0409e-12 1.2338e-12 1.4425e-12 1.6649e-12 1.8992e-12 2.1442e-12 2.6613e-12 3.2101e-12 3.7868e-12 4.3891e-12 5.0160e-12 5.6662e-12 6.3393e-12 7.0344e-12 7.7506e-12 8.4866e-12 9.2412e-12 1.0405e-11
167  19  14  3.4492e-13 3.6953e-13 4.3105e-13 5.1694e-13 6.1913e-13 7.3318e-13 8.5621e-13 9.8608e-13 1.1211e-12 1.2599e-12 1.4013e-12 1.6890e-12 1.9788e-12 2.2673e-12 2.5517e-12 2.8308e-12 3.1032e-12 3.3682e-12 3.6254e-12 3.8746e-12 4.1156e-12 4.3484e-12 4.6825e-12
168  19  15  3.7269e-13 3.9804e-13 4.6491e-13 5.5928e-13 6.7210e-13 7.9852e-13 9.3530e-13 1.0800e-12 1.2306e-12 1.3857e-12 1.5437e-12 1.8651e-12 2.1880e-12 2.5081e-12 2.8224e-12 3.1288e-12 3.4259e-12 3.7130e-12 3.9895e-12 4.2551e-12 4.5099e-12 4.7542e-12 5.1011e-12
169  19  16  3.1744e-12 3.3657e-12 3.8359e-12 4.4880e-12 5.2429e-12 6.0591e-12 6.9116e-12 7.7837e-12 8.6632e-12 9.5413e-12 1.0412e-11 1.2112e-11 1.3743e-11 1.5294e-11 1.6761e-11 1.8148e-11 1.9458e-11 2.0695e-11 2.1863e-11 2.2966e-11 2.4013e-11 2.5004e-11 2.6398e-11
170  19  17  4.5015e-13 6.0052e-13 9.0757e-13 1.2449e-12 1.6049e-12 1.9813e-12 2.3689e-12 2.7639e-12 3.1634e-12 3.5653e-12 3.9678e-12 4.7700e-12 5.5630e-12 6.3424e-12 7.1059e-12 7.8518e-12 8.5794e-12 9.2881e-12 9.9778e-12 1.0649e-11 1.1300e-11 1.1934e-11 1.2850e-11
171  19  18  6.1260e-13 8.0042e-13 1.2086e-12 1.6613e-12 2.1452e-12 2.6507e-12 3.1709e-12 3.7006e-12 4.2358e-12 4.7734e-12 5.3111e-12 6.3804e-12 7.4340e-12 8.4661e-12 9.4735e-12 1.0454e-11 1.1407e-11 1.2331e-11 1.3228e-11 1.4097e-11 1.4937e-11 1.5751e-11 1.6924e-11
172  20  1  7.5040e-15 7.8862e-15 9.5950e-15 1.2409e-14 1.6231e-14 2.1079e-14 2.6976e-14 3.3942e-14 4.1969e-14 5.1044e-14 6.1129e-14 8.4161e-14 1.1064e-13 1.4008e-13 1.7198e-13 2.0588e-13 2.4134e-13 2.7796e-13 3.1541e-13 3.5337e-13 3.9161e-13 4.2988e-13 4.8701e-13
173  20  2  2.9482e-15 3.1050e-15 3.7926e-15 4.9282e-15 6.4820e-15 8.4682e-15 1.0906e-14 1.3809e-14 1.7186e-14 2.1034e-14 2.5348e-14 3.5319e-14 4.6958e-14 6.0085e-14 7.4504e-14 9.0017e-14 1.0643e-13 1.2358e-13 1.4130e-13 1.5945e-13 1.7793e-13 1.9660e-13 2.2480e-13
174  20  3  1.4827e-14 1.5590e-14 1.8947e-14 2.4431e-14 3.1828e-14 4.1138e-14 5.2387e-14 6.5580e-14 8.0688e-14 9.7658e-14 1.1641e-13 1.5887e-13 2.0723e-13 2.6057e-13 3.1808e-13 3.7897e-13 4.4261e-13 5.0842e-13 5.7598e-13 6.4492e-13 7.1491e-13 7.8574e-13 8.9304e-13
175  20  4  3.4013e-15 3.5652e-15 4.3487e-15 5.6550e-15 7.4469e-15 9.7411e-15 1.2560e-14 1.5923e-14 1.9836e-14 2.4300e-14 2.9309e-14 4.0904e-14 5.4460e-14 6.9776e-14 8.6627e-14 1.0479e-13 1.2405e-13 1.4421e-13 1.6508e-13 1.8652e-13 2.0838e-13 2.3054e-13 2.6410e-13
176  20  5  3.9042e-15 4.1003e-15 5.0118e-15 6.5350e-15 8.6364e-15 1.1344e-14 1.4694e-14 1.8716e-14 2.3428e-14 2.8840e-14 3.4948e-14 4.9221e-14 6.6096e-14 8.5354e-14 1.0673e-13 1.2995e-13 1.5472e-13 1.8076e-13 2.0783e-13 2.3566e-13 2.6408e-13 2.9287e-13 3.3640e-13
177  20  6  3.2977e-14 3.4584e-14 4.1765e-14 5.3451e-14 6.9070e-14 8.8525e-14 1.1179e-13 1.3880e-13 1.6943e-13 2.0353e-13 2.4089e-13 3.2449e-13 4.1831e-13 5.2043e-13 6.2904e-13 7.4254e-13 8.5950e-13 9.7873e-13 1.0992e-12 1.2202e-12 1.3408e-12 1.4606e-12 1.6379e-12
178  20  7  6.1409e-15 6.4303e-15 7.8280e-15 1.0152e-14 1.3325e-14 1.7366e-14 2.2307e-14 2.8168e-14 3.4958e-14 4.2666e-14 5.1277e-14 7.1077e-14 9.4048e-14 1.1981e-13 1.4798e-13 1.7814e-13 2.0991e-13 2.4296e-13 2.7696e-13 3.1165e-13 3.4676e-13 3.8210e-13 4.3512e-13
179  20  8  5.3576e-14 5.6131e-14 6.7349e-14 8.5355e-14 1.0904e-13 1.3805e-13 1.7221e-13 2.1127e-13 2.5496e-13 3.0296e-13 3.5494e-13 4.6938e-13 5.9569e-13 7.3157e-13 8.7515e-13 1.0250e-12 1.1801e-12 1.3396e-12 1.5029e-12 1.6698e-12 1.8401e-12 2.0132e-12 2.2783e-12
180  20  9  5.5873e-15 5.8672e-15 7.1800e-15 9.3871e-15 1.2452e-14 1.6427e-14 2.1380e-14 2.7367e-14 3.4436e-14 4.2616e-14 5.1923e-14 7.3927e-14 1.0035e-13 1.3098e-13 1.6549e-13 2.0352e-13 2.4464e-13 2.8844e-13 3.3452e-13 3.8248e-13 4.3196e-13 4.8260e-13 5.6008e-13
181  20  10  1.1491e-14 1.2045e-14 1.4638e-14 1.8914e-14 2.4714e-14 3.2053e-14 4.0969e-14 5.1488e-14 6.3611e-14 7.7320e-14 9.2575e-14 1.2750e-13 1.6786e-13 2.1304e-13 2.6237e-13 3.1524e-13 3.7106e-13 4.2927e-13 4.8940e-13 5.5103e-13 6.1377e-13 6.7729e-13 7.7340e-13
182  20  11  1.7869e-13 1.8681e-13 2.2251e-13 2.7931e-13 3.5296e-13 4.4188e-13 5.4503e-13 6.6140e-13 7.8989e-13 9.2939e-13 1.0787e-12 1.4026e-12 1.7529e-12 2.1225e-12 2.5053e-12 2.8959e-12 3.2904e-12 3.6857e-12 4.0791e-12 4.4687e-12 4.8530e-12 5.2308e-12 5.7835e-12
183  20  12  5.7868e-15 6.0867e-15 7.4793e-15 9.8231e-15 1.3091e-14 1.7349e-14 2.2680e-14 2.9159e-14 3.6845e-14 4.5788e-14 5.6020e-14 8.0414e-14 1.1005e-13 1.4477e-13 1.8432e-13 2.2833e-13 2.7639e-13 3.2803e-13 3.8280e-13 4.4023e-13 4.9987e-13 5.6127e-13 6.5582e-13
184  20  13  1.9437e-14 2.0301e-14 2.4537e-14 3.1481e-14 4.0780e-14 5.2386e-14 6.6295e-14 8.2491e-14 1.0092e-13 1.2152e-13 1.4420e-13 1.9532e-13 2.5334e-13 3.1726e-13 3.8609e-13 4.5889e-13 5.3483e-13 6.1312e-13 6.9310e-13 7.7417e-13 8.5582e-13 9.3760e-13 1.0597e-12
185  20  14  4.0578e-13 4.2309e-13 4.9649e-13 6.1042e-13 7.5379e-13 9.2186e-13 1.1116e-12 1.3205e-12 1.5464e-12 1.7871e-12 2.0410e-12 2.5818e-12 3.1581e-12 3.7627e-12 4.3905e-12 5.0378e-12 5.7025e-12 6.3835e-12 7.0795e-12 7.7901e-12 8.5143e-12 9.2516e-12 1.0380e-11
186  20  15  5.0810e-15 5.3592e-15 6.6395e-15 8.7821e-15 1.1765e-14 1.5651e-14 2.0521e-14 2.6443e-14 3.3487e-14 4.1703e-14 5.1140e-14 7.3800e-14 1.0164e-13 1.3469e-13 1.7285e-13 2.1594e-13 2.6369e-13 3.1576e-13 3.7176e-13 4.3133e-13 4.9403e-13 5.5945e-13 6.6175e-13
187  20  16  4.2827e-14 4.4902e-14 5.4174e-14 6.8995e-14 8.8440e-14 1.1224e-13 1.4025e-13 1.7230e-13 2.0822e-13 2.4782e-13 2.9084e-13 3.8630e-13 4.9274e-13 6.0844e-13 7.3182e-13 8.6148e-13 9.9618e-13 1.1349e-12 1.2766e-12 1.4206e-12 1.5662e-12 1.7126e-12 1.9332e-12
188  20  17  2.8889e-12 2.9865e-12 3.4087e-12 4.0467e-12 4.8122e-12 5.6653e-12 6.5819e-12 7.5447e-12 8.5399e-12 9.5567e-12 1.0586e-11 1.2655e-11 1.4704e-11 1.6707e-11 1.8648e-11 2.0515e-11 2.2307e-11 2.4018e-11 2.5653e-11 2.7212e-11 2.8697e-11 3.0111e-11 3.2109e-11
189  20  18  5.6091e-15 5.8914e-15 7.3645e-15 9.7755e-15 1.3036e-14 1.7160e-14 2.2176e-14 2.8116e-14 3.5007e-14 4.2870e-14 5.1726e-14 7.2492e-14 9.7411e-14 1.2654e-13 1.5988e-13 1.9737e-13 2.3888e-13 2.8425e-13 3.3324e-13 3.8563e-13 4.4113e-13 4.9944e-13 5.9146e-13
190  20  19  1.4264e-13 1.4678e-13 1.7049e-13 2.0783e-13 2.5427e-13 3.0799e-13 3.6788e-13 4.3303e-13 5.0271e-13 5.7625e-13 6.5307e-13 8.1455e-13 9.8369e-13 1.1579e-12 1.3351e-12 1.5135e-12 1.6922e-12 1.8700e-12 2.0462e-12 2.2202e-12 2.3913e-12 2.5596e-12 2.8054e-12
191  21  1  7.0788e-15 7.5883e-15 9.3378e-15 1.2111e-14 1.5855e-14 2.0587e-14 2.6333e-14 3.3108e-14 4.0904e-14 4.9702e-14 5.9468e-14 8.1718e-14 1.0723e-13 1.3551e-13 1.6612e-13 1.9854e-13 2.3240e-13 2.6732e-13 3.0295e-13 3.3904e-13 3.7534e-13 4.1165e-13 4.6577e-13
192  21  2  3.7982e-15 4.0806e-15 5.0185e-15 6.4885e-15 8.4551e-15 1.0920e-14 1.3888e-14 1.7358e-14 2.1321e-14 2.5757e-14 3.0645e-14 4.1658e-14 5.4122e-14 6.7789e-14 8.2433e-14 9.7857e-14 1.1390e-13 1.3041e-13 1.4731e-13 1.6448e-13 1.8189e-13 1.9947e-13 2.2605e-13
193  21  3  1.0096e-14 1.0828e-14 1.3363e-14 1.7403e-14 2.2889e-14 2.9872e-14 3.8416e-14 4.8561e-14 6.0326e-14 7.3699e-14 8.8654e-14 1.2310e-13 1.6314e-13 2.0814e-13 2.5745e-13 3.1038e-13 3.6634e-13 4.2474e-13 4.8510e-13 5.4698e-13 6.0999e-13 6.7380e-13 7.7043e-13
194  21  4  6.2594e-15 6.6964e-15 8.2066e-15 1.0581e-14 1.3751e-14 1.7713e-14 2.2469e-14 2.8015e-14 3.4330e-14 4.1382e-14 4.9133e-14 6.6548e-14 8.6187e-14 1.0767e-13 1.3065e-13 1.5484e-13 1.7998e-13 2.0590e-13 2.3243e-13 2.5948e-13 2.8696e-13 3.1478e-13 3.5704e-13
195  21  5  1.5205e-14 1.6250e-14 1.9798e-14 2.5339e-14 3.2666e-14 4.1733e-14 5.2510e-14 6.4953e-14 7.8994e-14 9.4542e-14 1.1149e-13 1.4916e-13 1.9105e-13 2.3629e-13 2.8403e-13 3.3358e-13 3.8430e-13 4.3572e-13 4.8739e-13 5.3900e-13 5.9027e-13 6.4097e-13 7.1562e-13
196  21  6  1.2125e-14 1.2987e-14 1.6025e-14 2.0888e-14 2.7507e-14 3.5958e-14 4.6324e-14 5.8669e-14 7.3025e-14 8.9392e-14 1.0775e-13 1.5021e-13 1.9985e-13 2.5591e-13 3.1759e-13 3.8402e-13 4.5441e-13 5.2796e-13 6.0395e-13 6.8178e-13 7.6085e-13 8.4065e-13 9.6081e-13
197  21  7  1.4025e-14 1.4964e-14 1.8274e-14 2.3486e-14 3.0429e-14 3.9079e-14 4.9432e-14 6.1467e-14 7.5136e-14 9.0364e-14 1.0707e-13 1.4449e-13 1.8655e-13 2.3235e-13 2.8111e-13 3.3209e-13 3.8462e-13 4.3818e-13 4.9231e-13 5.4663e-13 6.0083e-13 6.5464e-13 7.3419e-13
198  21  8  1.3490e-14 1.4420e-14 1.7789e-14 2.3210e-14 3.0622e-14 4.0121e-14 5.1825e-14 6.5830e-14 8.2203e-14 1.0097e-13 1.2215e-13 1.7160e-13 2.3014e-13 2.9716e-13 3.7188e-13 4.5342e-13 5.4092e-13 6.3353e-13 7.3041e-13 8.3080e-13 9.3398e-13 1.0393e-12 1.2000e-12
199  21  9  3.1310e-14 3.3438e-14 4.0437e-14 5.1161e-14 6.5064e-14 8.1920e-14 1.0157e-13 1.2382e-13 1.4848e-13 1.7532e-13 2.0413e-13 2.6673e-13 3.3472e-13 4.0681e-13 4.8207e-13 5.5988e-13 6.3981e-13 7.2167e-13 8.0539e-13 8.9098e-13 9.7848e-13 1.0679e-12 1.2058e-12
200  21  10  2.3413e-14 2.4973e-14 3.0442e-14 3.9010e-14 5.0359e-14 6.4428e-14 8.1193e-14 1.0060e-13 1.2258e-13 1.4700e-13 1.7372e-13 2.3351e-13 3.0063e-13 3.7388e-13 4.5213e-13 5.3441e-13 6.1989e-13 7.0791e-13 7.9792e-13 8.8946e-13 9.8219e-13 1.0758e-12 1.2172e-12
201  21  11  1.3266e-14 1.4145e-14 1.7443e-14 2.2766e-14 3.0038e-14 3.9351e-14 5.0822e-14 6.4553e-14 8.0615e-14 9.9053e-14 1.1989e-13 1.6871e-13 2.2682e-13 2.9373e-13 3.6880e-13 4.5124e-13 5.4022e-13 6.3489e-13 7.3440e-13 8.3794e-13 9.4473e-13 1.0540e-12 1.2212e-12
202  21  12  1.3571e-13 1.4465e-13 1.7396e-13 2.1861e-13 2.7596e-13 3.4483e-13 4.2439e-13 5.1381e-13 6.1219e-13 7.1865e-13 8.3226e-13 1.0774e-12 1.3412e-12 1.6179e-12 1.9030e-12 2.1926e-12 2.4839e-12 2.7746e-12 3.0629e-12 3.3475e-12 3.6274e-12 3.9020e-12 4.3024e-12
203  21  13  4.7977e-14 5.0950e-14 6.1707e-14 7.8477e-14 1.0043e-13 1.2731e-13 1.5895e-13 1.9515e-13 2.3568e-13 2.8024e-13 3.2855e-13 4.3511e-13 5.5280e-13 6.7920e-13 8.1218e-13 9.4982e-13 1.0905e-12 1.2329e-12 1.3760e-12 1.5187e-12 1.6604e-12 1.8006e-12 2.0064e-12
204  21  14  1.2641e-14 1.3437e-14 1.6585e-14 2.1639e-14 2.8485e-14 3.7185e-14 4.7832e-14 6.0506e-14 7.5270e-14 9.2173e-14 1.1124e-13 1.5594e-13 2.0934e-13 2.7125e-13 3.4130e-13 4.1903e-13 5.0390e-13 5.9529e-13 6.9256e-13 7.9505e-13 9.0209e-13 1.0130e-12 1.1853e-12
205  21  15  3.3273e-13 3.5308e-13 4.1765e-13 5.1333e-13 6.3234e-13 7.7085e-13 9.2631e-13 1.0965e-12 1.2797e-12 1.4740e-12 1.6781e-12 2.1102e-12 2.5677e-12 3.0450e-12 3.5387e-12 4.0467e-12 4.5678e-12 5.1015e-12 5.6476e-12 6.2059e-12 6.7766e-12 7.3590e-12 8.2537e-12
206  21  16  9.4117e-14 9.9641e-14 1.2004e-13 1.5150e-13 1.9208e-13 2.4104e-13 2.9791e-13 3.6223e-13 4.3351e-13 5.1127e-13 5.9495e-13 7.7809e-13 9.7911e-13 1.1946e-12 1.4215e-12 1.6576e-12 1.9006e-12 2.1487e-12 2.4009e-12 2.6557e-12 2.9123e-12 3.1697e-12 3.5559e-12
207  21  17  1.4199e-14 1.4923e-14 1.8248e-14 2.3490e-14 3.0365e-14 3.8811e-14 4.8819e-14 6.0387e-14 7.3513e-14 8.8190e-14 1.0441e-13 1.4149e-13 1.8467e-13 2.3387e-13 2.8896e-13 3.4972e-13 4.1593e-13 4.8726e-13 5.6339e-13 6.4392e-13 7.2845e-13 8.1654e-13 9.5435e-13
208  21  18  2.6125e-12 2.7494e-12 3.1685e-12 3.7695e-12 4.4834e-12 5.2757e-12 6.1246e-12 7.0146e-12 7.9327e-12 8.8690e-12 9.8153e-12 1.1713e-11 1.3587e-11 1.5412e-11 1.7176e-11 1.8867e-11 2.0485e-11 2.2029e-11 2.3497e-11 2.4895e-11 2.6224e-11 2.7486e-11 2.9264e-11
209  21  19  3.1239e-13 3.2476e-13 3.7780e-13 4.5803e-13 5.5645e-13 6.6906e-13 7.9333e-13 9.2734e-13 1.0694e-12 1.2181e-12 1.3723e-12 1.6926e-12 2.0232e-12 2.3592e-12 2.6963e-12 3.0317e-12 3.3634e-12 3.6896e-12 4.0093e-12 4.3214e-12 4.6255e-12 4.9211e-12 5.3479e-12
210  21  20  3.9670e-15 4.6426e-15 6.6513e-15 9.5930e-15 1.3468e-14 1.8293e-14 2.4085e-14 3.0856e-14 3.8618e-14 4.7385e-14 5.7174e-14 7.9882e-14 1.0687e-13 1.3825e-13 1.7407e-13 2.1437e-13 2.5910e-13 3.0820e-13 3.6153e-13 4.1895e-13 4.8025e-13 5.4518e-13 6.4880e-13
211  22  1  4.7082e-15 3.9365e-15 4.2198e-15 5.2586e-15 6.7748e-15 8.7304e-15 1.1122e-14 1.3950e-14 1.7209e-14 2.0889e-14 2.4973e-14 3.4282e-14 4.4953e-14 5.6784e-14 6.9575e-14 8.3133e-14 9.7284e-14 1.1187e-13 1.2676e-13 1.4184e-13 1.5701e-13 1.7217e-13 1.9477e-13
212  22  2  3.0861e-18 2.5613e-18 2.8446e-18 3.7477e-18 5.0990e-18 6.8893e-18 9.1307e-18 1.1836e-17 1.5016e-17 1.8675e-17 2.2815e-17 3.2532e-17 4.4115e-17 5.7473e-17 7.2492e-17 8.9046e-17 1.0701e-16 1.2627e-16 1.4671e-16 1.6825e-16 1.9076e-16 2.1418e-16 2.5081e-16
213  22  3  9.3333e-15 7.8135e-15 8.3928e-15 1.0473e-14 1.3506e-14 1.7418e-14 2.2203e-14 2.7865e-14 3.4396e-14 4.1778e-14 4.9983e-14 6.8713e-14 9.0251e-14 1.1422e-13 1.4026e-13 1.6802e-13 1.9719e-13 2.2750e-13 2.5872e-13 2.9067e-13 3.2316e-13 3.5607e-13 4.0592e-13
214  22  4  1.3836e-14 1.1576e-14 1.2423e-14 1.5483e-14 1.9934e-14 2.5661e-14 3.2650e-14 4.0896e-14 5.0382e-14 6.1075e-14 7.2931e-14 9.9900e-14 1.3078e-13 1.6503e-13 2.0209e-13 2.4153e-13 2.8289e-13 3.2582e-13 3.7001e-13 4.1523e-13 4.6123e-13 5.0787e-13 5.7867e-13
215  22  5  1.1695e-14 9.7851e-15 1.0495e-14 1.3069e-14 1.6810e-14 2.1613e-14 2.7462e-14 3.4347e-14 4.2247e-14 5.1132e-14 6.0957e-14 8.3215e-14 1.0856e-13 1.3648e-13 1.6650e-13 1.9817e-13 2.3105e-13 2.6479e-13 2.9910e-13 3.3370e-13 3.6836e-13 4.0291e-13 4.5420e-13
216  22  6  1.6770e-14 1.4035e-14 1.5034e-14 1.8688e-14 2.3995e-14 3.0805e-14 3.9097e-14 4.8856e-14 6.0059e-14 7.2667e-14 8.6624e-14 1.1831e-13 1.5451e-13 1.9454e-13 2.3775e-13 2.8352e-13 3.3125e-13 3.8046e-13 4.3069e-13 4.8158e-13 5.3277e-13 5.8399e-13 6.6036e-13
217  22  7  3.3822e-14 2.8232e-14 3.0090e-14 3.7197e-14 4.7481e-14 6.0591e-14 7.6439e-14 9.4966e-14 1.1610e-13 1.3973e-13 1.6573e-13 2.2430e-13 2.9057e-13 3.6326e-13 4.4116e-13 5.2316e-13 6.0824e-13 6.9552e-13 7.8430e-13 8.7390e-13 9.6381e-13 1.0536e-12 1.1871e-12
218  22  8  2.5898e-14 2.1702e-14 2.3226e-14 2.8784e-14 3.6813e-14 4.7062e-14 5.9478e-14 7.4028e-14 9.0671e-14 1.0934e-13 1.2997e-13 1.7668e-13 2.2997e-13 2.8900e-13 3.5289e-13 4.2089e-13 4.9230e-13 5.6653e-13 6.4303e-13 7.2134e-13 8.0110e-13 8.8194e-13 1.0045e-12
219  22  9  2.4589e-14 2.0594e-14 2.2070e-14 2.7414e-14 3.5144e-14 4.5023e-14 5.7000e-14 7.1045e-14 8.7110e-14 1.0513e-13 1.2501e-13 1.6995e-13 2.2103e-13 2.7730e-13 3.3787e-13 4.0191e-13 4.6867e-13 5.3752e-13 6.0793e-13 6.7946e-13 7.5172e-13 8.2437e-13 9.3355e-13
220  22  10  5.3325e-14 4.4393e-14 4.6890e-14 5.7251e-14 7.2049e-14 9.0597e-14 1.1264e-13 1.3799e-13 1.6646e-13 1.9789e-13 2.3205e-13 3.0782e-13 3.9230e-13 4.8421e-13 5.8254e-13 6.8647e-13 7.9541e-13 9.0890e-13 1.0266e-12 1.1482e-12 1.2735e-12 1.4024e-12 1.6015e-12
221  22  11  4.9004e-14 4.1088e-14 4.3798e-14 5.3861e-14 6.8214e-14 8.6273e-14 1.0783e-13 1.3275e-13 1.6088e-13 1.9204e-13 2.2606e-13 3.0187e-13 3.8670e-13 4.7897e-13 5.7721e-13 6.8011e-13 7.8648e-13 8.9533e-13 1.0057e-12 1.1170e-12 1.2285e-12 1.3396e-12 1.5046e-12
222  22  12  4.3612e-14 3.6528e-14 3.9032e-14 4.8198e-14 6.1318e-14 7.7891e-14 9.7744e-14 1.2075e-13 1.4678e-13 1.7567e-13 2.0721e-13 2.7756e-13 3.5620e-13 4.4153e-13 5.3209e-13 6.2655e-13 7.2373e-13 8.2266e-13 9.2246e-13 1.0225e-12 1.1221e-12 1.2208e-12 1.3664e-12
223  22  13  2.0744e-13 1.7239e-13 1.8072e-13 2.1833e-13 2.7147e-13 3.3702e-13 4.1366e-13 5.0039e-13 5.9632e-13 7.0060e-13 8.1240e-13 1.0553e-12 1.3190e-12 1.5983e-12 1.8889e-12 2.1872e-12 2.4903e-12 2.7959e-12 3.1021e-12 3.4073e-12 3.7104e-12 4.0103e-12 4.4526e-12
224  22  14  9.2476e-14 7.7930e-14 8.3052e-14 1.0145e-13 1.2723e-13 1.5913e-13 1.9663e-13 2.3937e-13 2.8704e-13 3.3927e-13 3.9577e-13 5.2022e-13 6.5798e-13 8.0683e-13 9.6488e-13 1.1305e-12 1.3022e-12 1.4788e-12 1.6593e-12 1.8428e-12 2.0286e-12 2.2159e-12 2.4984e-12
225  22  15  9.7690e-14 8.2230e-14 8.7929e-14 1.0800e-13 1.3625e-13 1.7136e-13 2.1281e-13 2.6021e-13 3.1319e-13 3.7138e-13 4.3436e-13 5.7320e-13 7.2670e-13 8.9211e-13 1.0670e-12 1.2492e-12 1.4369e-12 1.6287e-12 1.8233e-12 2.0197e-12 2.2170e-12 2.4142e-12 2.7091e-12
226  22  16  4.8344e-13 4.0009e-13 4.1189e-13 4.8540e-13 5.8709e-13 7.0876e-13 8.4662e-13 9.9824e-13 1.1617e-12 1.3355e-12 1.5182e-12 1.9060e-12 2.3187e-12 2.7518e-12 3.2029e-12 3.6707e-12 4.1544e-12 4.6542e-12 5.1697e-12 5.7012e-12 6.2482e-12 6.8104e-12 7.6805e-12
227  22  17  3.0050e-13 2.5172e-13 2.6081e-13 3.0643e-13 3.6818e-13 4.4090e-13 5.2217e-13 6.1044e-13 7.0450e-13 8.0336e-13 9.0617e-13 1.1208e-12 1.3438e-12 1.5717e-12 1.8019e-12 2.0322e-12 2.2615e-12 2.4886e-12 2.7124e-12 2.9324e-12 3.1482e-12 3.3594e-12 3.6668e-12
228  22  18  3.0957e-13 2.5883e-13 2.6873e-13 3.1710e-13 3.8285e-13 4.6067e-13 5.4808e-13 6.4345e-13 7.4548e-13 8.5308e-13 9.6530e-13 1.2005e-12 1.4457e-12 1.6968e-12 1.9507e-12 2.2050e-12 2.4577e-12 2.7075e-12 2.9534e-12 3.1944e-12 3.4299e-12 3.6596e-12 3.9925e-12
229  22  19  3.9708e-12 3.2598e-12 3.2726e-12 3.7356e-12 4.3656e-12 5.0903e-12 5.8775e-12 6.7073e-12 7.5658e-12 8.4424e-12 9.3289e-12 1.1106e-11 1.2861e-11 1.4570e-11 1.6221e-11 1.7806e-11 1.9322e-11 2.0771e-11 2.2151e-11 2.3467e-11 2.4721e-11 2.5915e-11 2.7601e-11
230  22  20  4.4011e-13 4.9979e-13 7.1043e-13 9.6362e-13 1.2399e-12 1.5320e-12 1.8355e-12 2.1476e-12 2.4653e-12 2.7871e-12 3.1114e-12 3.7627e-12 4.4121e-12 5.0555e-12 5.6896e-12 6.3128e-12 6.9240e-12 7.5223e-12 8.1075e-12 8.6793e-12 9.2375e-12 9.7820e-12 1.0573e-11
231  22  21  5.3415e-13 6.2255e-13 9.0046e-13 1.2298e-12 1.5880e-12 1.9663e-12 2.3592e-12 2.7627e-12 3.1734e-12 3.5891e-12 4.0077e-12 4.8475e-12 5.6835e-12 6.5101e-12 7.3234e-12 8.1211e-12 8.9017e-12 9.6642e-12 1.0408e-11 1.1134e-11 1.1840e-11 1.2528e-11 1.3523e-11
232  23  1  2.1799e-15 2.3467e-15 2.9253e-15 3.8719e-15 5.1935e-15 6.9252e-15 9.1070e-15 1.1775e-14 1.4959e-14 1.8679e-14 2.2948e-14 3.3148e-14 4.5529e-14 5.9982e-14 7.6349e-14 9.4442e-14 1.1406e-13 1.3501e-13 1.5710e-13 1.8012e-13 2.0393e-13 2.2833e-13 2.6573e-13
233  23  2  8.0281e-16 8.6483e-16 1.0796e-15 1.4324e-15 1.9277e-15 2.5803e-15 3.4079e-15 4.4258e-15 5.6481e-15 7.0848e-15 8.7436e-15 1.2742e-14 1.7650e-14 2.3439e-14 3.0058e-14 3.7437e-14 4.5499e-14 5.4162e-14 6.3340e-14 7.2951e-14 8.2915e-14 9.3153e-14 1.0887e-13
234  23  3  4.5954e-15 4.9386e-15 6.1313e-15 8.0759e-15 1.0773e-14 1.4283e-14 1.8673e-14 2.4003e-14 3.0316e-14 3.7644e-14 4.5998e-14 6.5776e-14 8.9517e-14 1.1695e-13 1.4772e-13 1.8145e-13 2.1773e-13 2.5617e-13 2.9636e-13 3.3798e-13 3.8067e-13 4.2412e-13 4.9016e-13
235  23  4  9.4216e-16 1.0108e-15 1.2604e-15 1.6734e-15 2.2541e-15 3.0203e-15 3.9924e-15 5.1895e-15 6.6275e-15 8.3189e-15 1.0273e-14 1.4986e-14 2.0776e-14 2.7609e-14 3.5427e-14 4.4149e-14 5.3687e-14 6.3941e-14 7.4815e-14 8.6212e-14 9.8040e-14 1.1021e-13 1.2890e-13
236  23  5  1.1410e-15 1.2263e-15 1.5324e-15 2.0406e-15 2.7600e-15 3.7164e-15 4.9395e-15 6.4581e-15 8.2976e-15 1.0480e-14 1.3021e-14 1.9232e-14 2.6984e-14 3.6278e-14 4.7069e-14 5.9275e-14 7.2796e-14 8.7509e-14 1.0329e-13 1.1999e-13 1.3750e-13 1.5566e-13 1.8385e-13
237  23  6  7.7869e-15 8.3652e-15 1.0353e-14 1.3566e-14 1.7979e-14 2.3662e-14 3.0698e-14 3.9151e-14 4.9066e-14 6.0462e-14 7.3332e-14 1.0338e-13 1.3885e-13 1.7923e-13 2.2393e-13 2.7237e-13 3.2400e-13 3.7831e-13 4.3482e-13 4.9312e-13 5.5287e-13 6.1372e-13 7.0636e-13
238  23  7  1.8287e-15 1.9621e-15 2.4444e-15 3.2400e-15 4.3558e-15 5.8238e-15 7.6815e-15 9.9633e-15 1.2698e-14 1.5909e-14 1.9611e-14 2.8522e-14 3.9442e-14 5.2314e-14 6.7027e-14 8.3438e-14 1.0138e-13 1.2069e-13 1.4119e-13 1.6270e-13 1.8506e-13 2.0809e-13 2.4360e-13
239  23  8  1.7870e-14 1.9172e-14 2.3633e-14 3.0797e-14 4.0562e-14 5.3034e-14 6.8343e-14 8.6596e-14 1.0785e-13 1.3211e-13 1.5935e-13 2.2242e-13 2.9618e-13 3.7946e-13 4.7102e-13 5.6957e-13 6.7391e-13 7.8292e-13 8.9554e-13 1.0109e-12 1.1281e-12 1.2465e-12 1.4247e-12
240  23  9  1.6363e-15 1.7583e-15 2.1980e-15 2.9304e-15 3.9706e-15 5.3584e-15 7.1402e-15 9.3612e-15 1.2062e-14 1.5280e-14 1.9044e-14 2.8298e-14 3.9949e-14 5.4033e-14 7.0513e-14 8.9295e-14 1.1024e-13 1.3319e-13 1.5794e-13 1.8430e-13 2.1204e-13 2.4094e-13 2.8604e-13
241  23  10  3.0180e-15 3.2354e-15 4.0231e-15 5.3177e-15 7.1232e-15 9.4850e-15 1.2456e-14 1.6085e-14 2.0409e-14 2.5459e-14 3.1254e-14 4.5104e-14 6.1943e-14 8.1653e-14 1.0404e-13 1.2888e-13 1.5592e-13 1.8486e-13 2.1545e-13 2.4742e-13 2.8051e-13 3.1448e-13 3.6659e-13
242  23  11  3.0275e-14 3.2409e-14 3.9606e-14 5.0998e-14 6.6231e-14 8.5300e-14 1.0824e-13 1.3506e-13 1.6569e-13 2.0002e-13 2.3788e-13 3.2340e-13 4.2049e-13 5.2735e-13 6.4227e-13 7.6382e-13 8.9077e-13 1.0221e-12 1.1570e-12 1.2949e-12 1.4352e-12 1.5772e-12 1.7931e-12
243  23  12  1.7799e-15 1.9137e-15 2.3981e-15 3.2076e-15 4.3621e-15 5.9100e-15 7.9071e-15 1.0410e-14 1.3470e-14 1.7134e-14 2.1446e-14 3.2143e-14 4.5772e-14 6.2446e-14 8.2195e-14 1.0497e-13 1.3068e-13 1.5915e-13 1.9019e-13 2.2357e-13 2.5906e-13 2.9638e-13 3.5522e-13
244  23  13  5.3374e-15 5.7247e-15 7.1006e-15 9.3405e-15 1.2435e-14 1.6445e-14 2.1442e-14 2.7490e-14 3.4639e-14 4.2923e-14 5.2359e-14 7.4702e-14 1.0158e-13 1.3277e-13 1.6795e-13 2.0680e-13 2.4890e-13 2.9388e-13 3.4136e-13 3.9095e-13 4.4232e-13 4.9509e-13 5.7621e-13
245  23  14  1.0240e-13 1.0950e-13 1.3307e-13 1.6992e-13 2.1856e-13 2.7862e-13 3.4998e-13 4.3240e-13 5.2555e-13 6.2897e-13 7.4209e-13 9.9477e-13 1.2781e-12 1.5867e-12 1.9153e-12 2.2593e-12 2.6148e-12 2.9784e-12 3.3471e-12 3.7184e-12 4.0905e-12 4.4614e-12 5.0120e-12
246  23  15  1.6948e-15 1.8266e-15 2.2996e-15 3.0873e-15 4.2097e-15 5.7139e-15 7.6549e-15 1.0088e-14 1.3065e-14 1.6634e-14 2.0841e-14 3.1315e-14 4.4737e-14 6.1276e-14 8.1021e-14 1.0399e-13 1.3013e-13 1.5933e-13 1.9145e-13 2.2630e-13 2.6363e-13 3.0319e-13 3.6611e-13
247  23  16  9.2669e-15 9.9098e-15 1.2238e-14 1.5996e-14 2.1119e-14 2.7664e-14 3.5704e-14 4.5301e-14 5.6494e-14 6.9302e-14 8.3721e-14 1.1730e-13 1.5690e-13 2.0208e-13 2.5230e-13 3.0698e-13 3.6554e-13 4.2741e-13 4.9206e-13 5.5895e-13 6.2759e-13 6.9755e-13 8.0397e-13
248  23  17  2.4658e-13 2.6262e-13 3.1381e-13 3.9166e-13 4.9090e-13 6.0923e-13 7.4515e-13 8.9727e-13 1.0643e-12 1.2448e-12 1.4376e-12 1.8546e-12 2.3064e-12 2.7857e-12 3.2870e-12 3.8061e-12 4.3399e-12 4.8868e-12 5.4449e-12 6.0132e-12 6.5905e-12 7.1760e-12 8.0663e-12
249  23  18  1.6747e-15 1.8061e-15 2.2840e-15 3.0712e-15 4.1809e-15 5.6521e-15 7.5302e-15 9.8608e-15 1.2687e-14 1.6048e-14 1.9983e-14 2.9700e-14 4.2069e-14 5.7266e-14 7.5411e-14 9.6573e-14 1.2077e-13 1.4796e-13 1.7806e-13 2.1096e-13 2.4649e-13 2.8443e-13 3.4539e-13
250  23  19  2.1561e-14 2.3106e-14 2.8414e-14 3.6761e-14 4.7876e-14 6.1744e-14 7.8400e-14 9.7853e-14 1.2009e-13 1.4506e-13 1.7269e-13 2.3552e-13 3.0767e-13 3.8817e-13 4.7601e-13 5.7024e-13 6.6995e-13 7.7431e-13 8.8259e-13 9.9406e-13 1.1081e-12 1.2240e-12 1.4004e-12
251  23  20  2.0348e-12 2.1514e-12 2.5041e-12 3.0206e-12 3.6477e-12 4.3595e-12 5.1391e-12 5.9738e-12 6.8530e-12 7.7671e-12 8.7082e-12 1.0644e-11 1.2616e-11 1.4590e-11 1.6544e-11 1.8460e-11 2.0328e-11 2.2142e-11 2.3895e-11 2.5587e-11 2.7216e-11 2.8781e-11 3.1013e-11
252  23  21  2.2893e-15 2.4538e-15 3.1236e-15 4.2013e-15 5.6703e-15 7.5492e-15 9.8621e-15 1.2631e-14 1.5876e-14 1.9615e-14 2.3860e-14 3.3924e-14 4.6164e-14 6.0655e-14 7.7457e-14 9.6610e-14 1.1814e-13 1.4203e-13 1.6825e-13 1.9673e-13 2.2739e-13 2.6008e-13 3.1258e-13
253  23  22  7.8975e-14 8.2935e-14 9.8327e-14 1.2197e-13 1.5181e-13 1.8700e-13 2.2700e-13 2.7141e-13 3.1981e-13 3.7183e-13 4.2709e-13 5.4595e-13 6.7391e-13 8.0884e-13 9.4897e-13 1.0928e-12 1.2392e-12 1.3872e-12 1.5358e-12 1.6844e-12 1.8323e-12 1.9792e-12 2.1961e-12
254  24  1  2.0929e-15 2.2597e-15 2.8259e-15 3.7424e-15 5.0180e-15 6.6859e-15 8.7837e-15 1.1345e-14 1.4395e-14 1.7951e-14 2.2026e-14 3.1735e-14 4.3478e-14 5.7138e-14 7.2558e-14 8.9556e-14 1.0794e-13 1.2752e-13 1.4811e-13 1.6955e-13 1.9168e-13 2.1433e-13 2.4902e-13
255  24  2  1.2302e-15 1.3273e-15 1.6540e-15 2.1803e-15 2.9079e-15 3.8529e-15 5.0329e-15 6.4630e-15 8.1545e-15 1.0114e-14 1.2345e-14 1.7611e-14 2.3909e-14 3.1163e-14 3.9274e-14 4.8134e-14 5.7634e-14 6.7666e-14 7.8132e-14 8.8938e-14 9.9996e-14 1.1123e-13 1.2825e-13
256  24  3  2.9654e-15 3.1992e-15 4.0029e-15 5.3110e-15 7.1398e-15 9.5429e-15 1.2580e-14 1.6307e-14 2.0768e-14 2.5998e-14 3.2020e-14 4.6481e-14 6.4147e-14 8.4897e-14 1.0853e-13 1.3478e-13 1.6339e-13 1.9405e-13 2.2645e-13 2.6032e-13 2.9538e-13 3.3136e-13 3.8650e-13
257  24  4  2.0474e-15 2.2018e-15 2.7357e-15 3.5977e-15 4.7871e-15 6.3277e-15 8.2460e-15 1.0565e-14 1.3300e-14 1.6460e-14 2.0048e-14 2.8491e-14 3.8546e-14 5.0080e-14 6.2929e-14 7.6922e-14 9.1882e-14 1.0764e-13 1.2404e-13 1.4094e-13 1.5819e-13 1.7569e-13 2.0217e-13
258  24  5  3.3927e-15 3.6534e-15 4.5257e-15 5.9154e-15 7.8096e-15 1.0231e-14 1.3207e-14 1.6758e-14 2.0890e-14 2.5605e-14 3.0891e-14 4.3093e-14 5.7290e-14 7.3224e-14 9.0633e-14 1.0927e-13 1.2890e-13 1.4933e-13 1.7041e-13 1.9200e-13 2.1396e-13 2.3621e-13 2.6991e-13
259  24  6  3.6201e-15 3.9034e-15 4.8871e-15 6.4940e-15 8.7491e-15 1.1724e-14 1.5500e-14 2.0153e-14 2.5751e-14 3.2344e-14 3.9973e-14 5.8431e-14 8.1200e-14 1.0821e-13 1.3926e-13 1.7410e-13 2.1237e-13 2.5375e-13 2.9787e-13 3.4435e-13 3.9282e-13 4.4293e-13 5.2042e-13
260  24  7  3.6185e-15 3.8934e-15 4.8365e-15 6.3529e-15 8.4383e-15 1.1130e-14 1.4470e-14 1.8496e-14 2.3230e-14 2.8683e-14 3.4858e-14 4.9328e-14 6.6483e-14 8.6084e-14 1.0786e-13 1.3152e-13 1.5681e-13 1.8343e-13 2.1119e-13 2.3985e-13 2.6923e-13 2.9916e-13 3.4471e-13
261  24  8  4.0449e-15 4.3561e-15 5.4518e-15 7.2466e-15 9.7692e-15 1.3103e-14 1.7342e-14 2.2578e-14 2.8889e-14 3.6341e-14 4.4987e-14 6.5999e-14 9.2073e-14 1.2319e-13 1.5919e-13 1.9979e-13 2.4468e-13 2.9344e-13 3.4565e-13 4.0088e-13 4.5869e-13 5.1862e-13 6.1157e-13
262  24  9  1.1370e-14 1.2232e-14 1.5105e-14 1.9660e-14 2.5837e-14 3.3688e-14 4.3286e-14 5.4682e-14 6.7895e-14 8.2918e-14 9.9715e-14 1.3839e-13 1.8327e-13 2.3360e-13 2.8856e-13 3.4734e-13 4.0921e-13 4.7351e-13 5.3961e-13 6.0701e-13 6.7521e-13 7.4384e-13 8.4676e-13
263  24  10  6.8732e-15 7.3856e-15 9.1568e-15 1.2000e-14 1.5896e-14 2.0906e-14 2.7101e-14 3.4541e-14 4.3265e-14 5.3289e-14 6.4614e-14 9.1081e-14 1.2237e-13 1.5806e-13 1.9762e-13 2.4054e-13 2.8630e-13 3.3438e-13 3.8432e-13 4.3569e-13 4.8810e-13 5.4119e-13 6.2142e-13
264  24  11  4.1112e-15 4.4219e-15 5.5336e-15 7.3582e-15 9.9238e-15 1.3316e-14 1.7636e-14 2.2977e-14 2.9428e-14 3.7063e-14 4.5946e-14 6.7636e-14 9.4755e-14 1.2739e-13 1.6548e-13 2.0885e-13 2.5724e-13 3.1032e-13 3.6771e-13 4.2896e-13 4.9366e-13 5.6131e-13 6.6733e-13
265  24  12  2.1764e-14 2.3360e-14 2.8576e-14 3.6709e-14 4.7502e-14 6.0921e-14 7.6954e-14 9.5567e-14 1.1668e-13 1.4017e-13 1.6590e-13 2.2340e-13 2.8776e-13 3.5764e-13 4.3185e-13 5.0940e-13 5.8954e-13 6.7168e-13 7.5539e-13 8.4035e-13 9.2635e-13 1.0132e-12 1.1446e-12
266  24  13  1.1181e-14 1.2001e-14 1.4828e-14 1.9336e-14 2.5462e-14 3.3274e-14 4.2857e-14 5.4276e-14 6.7569e-14 8.2746e-14 9.9789e-14 1.3930e-13 1.8563e-13 2.3811e-13 2.9606e-13 3.5874e-13 4.2548e-13 4.9564e-13 5.6864e-13 6.4393e-13 7.2106e-13 7.9956e-13 9.1898e-13
267  24  14  4.0310e-15 4.3306e-15 5.4208e-15 7.2023e-15 9.6930e-15 1.2968e-14 1.7114e-14 2.2220e-14 2.8360e-14 3.5604e-14 4.4010e-14 6.4490e-14 9.0076e-14 1.2090e-13 1.5698e-13 1.9822e-13 2.4444e-13 2.9541e-13 3.5079e-13 4.1023e-13 4.7333e-13 5.3966e-13 6.4423e-13
268  24  15  8.6209e-14 9.2443e-14 1.1258e-13 1.4369e-13 1.8459e-13 2.3492e-13 2.9456e-13 3.6325e-13 4.4068e-13 5.2644e-13 6.1999e-13 8.2823e-13 1.0607e-12 1.3126e-12 1.5798e-12 1.8584e-12 2.1453e-12 2.4376e-12 2.7332e-12 3.0299e-12 3.3263e-12 3.6212e-12 4.0577e-12
269  24  16  2.2194e-14 2.3746e-14 2.9184e-14 3.7787e-14 4.9336e-14 6.3871e-14 8.1469e-14 1.0218e-13 1.2602e-13 1.5295e-13 1.8289e-13 2.5136e-13 3.3036e-13 4.1866e-13 5.1492e-13 6.1788e-13 7.2631e-13 8.3911e-13 9.5523e-13 1.0738e-12 1.1939e-12 1.3149e-12 1.4965e-12
270  24  17  4.2907e-15 4.6013e-15 5.7533e-15 7.6105e-15 1.0165e-14 1.3470e-14 1.7588e-14 2.2583e-14 2.8511e-14 3.5421e-14 4.3354e-14 6.2425e-14 8.5939e-14 1.1403e-13 1.4675e-13 1.8411e-13 2.2602e-13 2.7237e-13 3.2295e-13 3.7753e-13 4.3584e-13 4.9755e-13 5.9565e-13
271  24  18  2.1829e-13 2.3296e-13 2.7873e-13 3.4740e-13 4.3448e-13 5.3787e-13 6.5613e-13 7.8800e-13 9.3220e-13 1.0875e-12 1.2527e-12 1.6082e-12 1.9910e-12 2.3948e-12 2.8148e-12 3.2479e-12 3.6918e-12 4.1452e-12 4.6071e-12 5.0769e-12 5.5541e-12 6.0378e-12 6.7740e-12
272  24  19  4.5396e-14 4.8452e-14 5.9152e-14 7.5795e-14 9.7696e-14 1.2471e-13 1.5679e-13 1.9389e-13 2.3588e-13 2.8260e-13 3.3386e-13 4.4905e-13 5.7948e-13 7.2315e-13 8.7816e-13 1.0428e-12 1.2154e-12 1.3946e-12 1.5794e-12 1.7682e-12 1.9604e-12 2.1550e-12 2.4492e-12
273  24  20  5.7109e-15 6.0862e-15 7.5589e-15 9.8671e-15 1.2928e-14 1.6739e-14 2.1319e-14 2.6680e-14 3.2834e-14 3.9790e-14 4.7550e-14 6.5501e-14 8.6704e-14 1.1116e-13 1.3888e-13 1.6984e-13 2.0400e-13 2.4130e-13 2.8167e-13 3.2497e-13 3.7106e-13 4.1971e-13 4.9702e-13
274  24  21  1.9290e-12 2.0439e-12 2.3848e-12 2.8776e-12 3.4740e-12 4.1495e-12 4.8884e-12 5.6786e-12 6.5097e-12 7.3730e-12 8.2608e-12 1.0084e-11 1.1937e-11 1.3789e-11 1.5617e-11 1.7407e-11 1.9149e-11 2.0836e-11 2.2464e-11 2.4032e-11 2.5540e-11 2.6986e-11 2.9043e-11
275  24  22  1.6592e-13 1.7435e-13 2.0600e-13 2.5383e-13 3.1357e-13 3.8339e-13 4.6208e-13 5.4872e-13 6.4243e-13 7.4242e-13 8.4791e-13 1.0727e-12 1.3118e-12 1.5613e-12 1.8176e-12 2.0781e-12 2.3409e-12 2.6040e-12 2.8660e-12 3.1259e-12 3.3827e-12 3.6356e-12 4.0058e-12
276  24  23  2.0929e-15 2.2597e-15 2.8259e-15 3.7424e-15 5.0180e-15 6.6859e-15 8.7837e-15 1.1345e-14 1.4395e-14 1.7951e-14 2.2026e-14 3.1735e-14 4.3478e-14 5.7138e-14 7.2558e-14 8.9556e-14 1.0794e-13 1.2752e-13 1.4811e-13 1.6955e-13 1.9168e-13 2.1433e-13 2.4902e-13
277  25  1  1.3210e-15 1.1385e-15 1.2606e-15 1.6133e-15 2.1350e-15 2.8281e-15 3.7047e-15 4.7775e-15 6.0567e-15 7.5497e-15 9.2608e-15 1.3340e-14 1.8276e-14 2.4020e-14 3.0506e-14 3.7658e-14 4.5393e-14 5.3634e-14 6.2303e-14 7.1327e-14 8.0639e-14 9.0177e-14 1.0477e-13
278  25  2  6.5054e-19 5.5923e-19 6.4130e-19 8.6574e-19 1.2068e-18 1.6713e-18 2.2708e-18 3.0171e-18 3.9208e-18 4.9916e-18 6.2378e-18 9.2841e-18 1.3101e-17 1.7709e-17 2.3111e-17 2.9297e-17 3.6241e-17 4.3913e-17 5.2272e-17 6.1273e-17 7.0870e-17 8.1008e-17 9.7099e-17
279  25  3  2.7873e-15 2.4013e-15 2.6543e-15 3.3904e-15 4.4785e-15 5.9217e-15 7.7442e-15 9.9713e-15 1.2624e-14 1.5717e-14 1.9257e-14 2.7692e-14 3.7888e-14 4.9750e-14 6.3143e-14 7.7905e-14 9.3866e-14 1.1086e-13 1.2872e-13 1.4728e-13 1.6640e-13 1.8593e-13 2.1573e-13
280  25  4  4.1555e-15 3.5781e-15 3.9520e-15 5.0436e-15 6.6547e-15 8.7881e-15 1.1477e-14 1.4756e-14 1.8655e-14 2.3190e-14 2.8374e-14 4.0685e-14 5.5516e-14 7.2711e-14 9.2065e-14 1.1334e-13 1.3629e-13 1.6065e-13 1.8620e-13 2.1271e-13 2.3996e-13 2.6777e-13 3.1010e-13
281  25  5  3.3390e-15 2.8777e-15 3.1831e-15 4.0670e-15 5.3709e-15 7.0975e-15 9.2742e-15 1.1929e-14 1.5086e-14 1.8760e-14 2.2958e-14 3.2932e-14 4.4946e-14 5.8876e-14 7.4553e-14 9.1786e-14 1.1037e-13 1.3013e-13 1.5085e-13 1.7238e-13 1.9455e-13 2.1720e-13 2.5178e-13
282  25  6  4.3984e-15 3.7916e-15 4.1898e-15 5.3449e-15 7.0467e-15 9.2976e-15 1.2132e-14 1.5586e-14 1.9689e-14 2.4464e-14 2.9920e-14 4.2878e-14 5.8503e-14 7.6649e-14 9.7115e-14 1.1967e-13 1.4408e-13 1.7011e-13 1.9752e-13 2.2609e-13 2.5563e-13 2.8592e-13 3.3241e-13
283  25  7  7.7074e-15 6.6301e-15 7.2962e-15 9.2625e-15 1.2145e-14 1.5931e-14 2.0663e-14 2.6387e-14 3.3138e-14 4.0937e-14 4.9790e-14 7.0614e-14 9.5437e-14 1.2397e-13 1.5586e-13 1.9076e-13 2.2831e-13 2.6813e-13 3.0992e-13 3.5337e-13 3.9820e-13 4.4417e-13 5.1466e-13
284  25  8  7.5064e-15 6.4747e-15 7.1446e-15 9.0864e-15 1.1933e-14 1.5677e-14 2.0365e-14 2.6048e-14 3.2765e-14 4.0544e-14 4.9395e-14 7.0301e-14 9.5349e-14 1.2428e-13 1.5677e-13 1.9241e-13 2.3082e-13 2.7161e-13 3.1439e-13 3.5879e-13 4.0448e-13 4.5112e-13 5.2222e-13
285  25  9  6.0546e-15 5.2195e-15 5.7675e-15 7.3529e-15 9.6817e-15 1.2751e-14 1.6602e-14 2.1277e-14 2.6810e-14 3.3221e-14 4.0520e-14 5.7757e-14 7.8392e-14 1.0218e-13 1.2882e-13 1.5796e-13 1.8927e-13 2.2239e-13 2.5700e-13 2.9276e-13 3.2943e-13 3.6671e-13 4.2326e-13
286  25  10  1.8689e-14 1.6053e-14 1.7575e-14 2.2156e-14 2.8821e-14 3.7489e-14 4.8215e-14 6.1067e-14 7.6089e-14 9.3300e-14 1.1268e-13 1.5782e-13 2.1098e-13 2.7148e-13 3.3850e-13 4.1124e-13 4.8885e-13 5.7058e-13 6.5572e-13 7.4356e-13 8.3350e-13 9.2495e-13 1.0638e-12
287  25  11  1.1615e-14 1.0028e-14 1.1042e-14 1.3974e-14 1.8238e-14 2.3795e-14 3.0691e-14 3.8980e-14 4.8698e-14 5.9870e-14 7.2496e-14 1.0205e-13 1.3712e-13 1.7733e-13 2.2222e-13 2.7131e-13 3.2412e-13 3.8017e-13 4.3899e-13 5.0020e-13 5.6335e-13 6.2807e-13 7.2727e-13
288  25  12  1.1317e-14 9.7647e-15 1.0772e-14 1.3679e-14 1.7919e-14 2.3465e-14 3.0373e-14 3.8700e-14 4.8490e-14 5.9769e-14 7.2537e-14 1.0248e-13 1.3804e-13 1.7881e-13 2.2425e-13 2.7382e-13 3.2697e-13 3.8316e-13 4.4188e-13 5.0267e-13 5.6509e-13 6.2873e-13 7.2567e-13
289  25  13  3.1200e-14 2.6708e-14 2.8912e-14 3.5891e-14 4.5861e-14 5.8527e-14 7.3819e-14 9.1697e-14 1.1210e-13 1.3494e-13 1.6011e-13 2.1691e-13 2.8141e-13 3.5257e-13 4.2942e-13 5.1117e-13 5.9717e-13 6.8692e-13 7.7998e-13 8.7602e-13 9.7472e-13 1.0758e-12 1.2311e-12
290  25  14  2.2126e-14 1.9137e-14 2.1019e-14 2.6420e-14 3.4164e-14 4.4105e-14 5.6262e-14 7.0664e-14 8.7325e-14 1.0623e-13 1.2735e-13 1.7596e-13 2.3254e-13 2.9628e-13 3.6636e-13 4.4192e-13 5.2214e-13 6.0625e-13 6.9352e-13 7.8326e-13 8.7487e-13 9.6776e-13 1.1084e-12
291  25  15  1.9957e-14 1.7241e-14 1.8995e-14 2.4003e-14 3.1222e-14 4.0549e-14 5.2022e-14 6.5687e-14 8.1570e-14 9.9670e-14 1.1996e-13 1.6686e-13 2.2166e-13 2.8357e-13 3.5172e-13 4.2520e-13 5.0317e-13 5.8476e-13 6.6924e-13 7.5591e-13 8.4408e-13 9.3322e-13 1.0675e-12
292  25  16  1.2252e-13 1.0483e-13 1.1293e-13 1.3913e-13 1.7617e-13 2.2266e-13 2.7810e-13 3.4220e-13 4.1457e-13 4.9484e-13 5.8251e-13 7.7806e-13 9.9699e-13 1.2352e-12 1.4889e-12 1.7549e-12 2.0302e-12 2.3126e-12 2.5998e-12 2.8900e-12 3.1818e-12 3.4740e-12 3.9099e-12
293  25  17  4.4568e-14 3.8704e-14 4.2400e-14 5.2793e-14 6.7384e-14 8.5730e-14 1.0771e-13 1.3325e-13 1.6227e-13 1.9469e-13 2.3033e-13 3.1077e-13 4.0234e-13 5.0374e-13 6.1370e-13 7.3109e-13 8.5482e-13 9.8395e-13 1.1176e-12 1.2550e-12 1.3954e-12 1.5383e-12 1.7553e-12
294  25  18  4.5924e-14 3.9837e-14 4.3806e-14 5.4878e-14 7.0515e-14 9.0298e-14 1.1414e-13 1.4199e-13 1.7380e-13 2.0945e-13 2.4880e-13 3.3799e-13 4.3988e-13 5.5296e-13 6.7565e-13 8.0654e-13 9.4427e-13 1.0877e-12 1.2356e-12 1.3872e-12 1.5413e-12 1.6973e-12 1.9333e-12
295  25  19  3.0348e-13 2.5857e-13 2.7346e-13 3.2836e-13 4.0392e-13 4.9540e-13 6.0060e-13 7.1800e-13 8.4628e-13 9.8421e-13 1.1307e-12 1.4453e-12 1.7830e-12 2.1389e-12 2.5092e-12 2.8916e-12 3.2846e-12 3.6873e-12 4.0995e-12 4.5208e-12 4.9508e-12 5.3893e-12 6.0612e-12
296  25  20  1.5991e-13 1.3836e-13 1.4778e-13 1.7728e-13 2.1696e-13 2.6435e-13 3.1827e-13 3.7793e-13 4.4270e-13 5.1200e-13 5.8525e-13 7.4182e-13 9.0896e-13 1.0839e-12 1.2643e-12 1.4484e-12 1.6346e-12 1.8217e-12 2.0088e-12 2.1952e-12 2.3799e-12 2.5625e-12 2.8314e-12
297  25  21  1.5884e-13 1.3719e-13 1.4691e-13 1.7713e-13 2.1803e-13 2.6716e-13 3.2339e-13 3.8597e-13 4.5423e-13 5.2761e-13 6.0551e-13 7.7290e-13 9.5271e-13 1.1418e-12 1.3376e-12 1.5380e-12 1.7412e-12 1.9458e-12 2.1505e-12 2.3544e-12 2.5565e-12 2.7563e-12 3.0501e-12
298  25  22  2.8095e-12 2.3771e-12 2.4549e-12 2.8572e-12 3.3974e-12 4.0262e-12 4.7208e-12 5.4666e-12 6.2522e-12 7.0687e-12 7.9083e-12 9.6315e-12 1.1380e-11 1.3126e-11 1.4847e-11 1.6531e-11 1.8166e-11 1.9751e-11 2.1279e-11 2.2750e-11 2.4163e-11 2.5521e-11 2.7453e-11
299  25  23  1.3210e-15 1.1385e-15 1.2606e-15 1.6133e-15 2.1350e-15 2.8281e-15 3.7047e-15 4.7775e-15 6.0567e-15 7.5497e-15 9.2608e-15 1.3340e-14 1.8276e-14 2.4020e-14 3.0506e-14 3.7658e-14 4.5393e-14 5.3634e-14 6.2303e-14 7.1327e-14 8.0639e-14 9.0177e-14 1.0477e-13
300  25  24  3.9033e-13 4.6615e-13 6.8249e-13 9.3617e-13 1.2125e-12 1.5054e-12 1.8112e-12 2.1268e-12 2.4500e-12 2.7789e-12 3.1119e-12 3.7849e-12 4.4611e-12 5.1349e-12 5.8025e-12 6.4614e-12 7.1098e-12 7.7466e-12 8.3708e-12 8.9819e-12 9.5795e-12 1.0163e-11 1.1011e-11
