!MOLECULE
NO+ spectrum up to J=18 from CDMS v2 (Jan 2017)
!MOLECULAR WEIGHT
   30
! NUMBER OF ENERGY LEVELS
          19
!LEVEL + ENERGIES(cm^-1) + WEIGHT + J 
    1     0.000000000   3.0	     0
    2     3.975870957   9.0	     1
    3    11.927506221  15.0	     2
    4    23.854570090  21.0  	 3
    5    39.756626871  27.0  	 4
    6    59.633341493  33.0  	 5
    7    83.483776485  39.0  	 6
    8   111.307297815  45.0  	 7
    9   143.102869354  51.0  	 8
   10   178.869455658  57.0  	 9
   11   218.605720745  63.0  	10
   12   262.310429106  69.0  	11
   13   309.982145139  75.0  	12
   14   361.619033238  81.0  	13
   15   417.219457827  87.0  	14
   16   476.781583353  93.0  	15
   17   540.303274274  99.0  	16
   18   607.782395078 105.0  	17
   19   679.216610280 111.0  	18
! NUMBER OF RADIATIVE TRANSITIONS
          18
!TRANS + UPP + LOW + A(s^-1) + FREQ(GHz) + E_u/k(K)
     1     2     1  9.003E-07         119.19361270     5.72        
     2     3     2  8.639E-06         238.38315740    17.16        
     3     4     3  3.122E-05         357.56456590    34.32        
     4     5     4  7.665E-05         476.73377020    57.20        
     5     6     5  1.529E-04         595.88672100    85.80        
     6     7     6  2.679E-04         715.01929700   120.11        
     7     8     7  4.292E-04         834.12748000   160.15        
     8     9     8  6.447E-04         953.20718900   205.89        
     9    10     9  9.218E-04        1072.25436350   257.35        
    10    11    10  1.268E-03        1191.26492680   314.52        
    11    12    11  1.689E-03        1310.23481650   377.41        
    12    13    12  2.194E-03        1429.15996730   445.99        
    13    14    13  2.788E-03        1548.03631390   520.29        
    14    15    14  3.477E-03        1666.85979180   600.28        
    15    16    15  4.269E-03        1785.62633720   685.98        
    16    17    16  5.167E-03        1904.33188670   777.37        
    17    18    17  6.180E-03        2022.97237770   874.46        
    18    19    18  7.310E-03        2141.54374850   977.24        
! NUMBER OF COLLISION PARTNERS
1
! COLLISION PARTNER
1 NO+ with (para-)H2 (j=0), Cabrera-González et al 2020, https://doi.org/10.1093/mnras/staa722
! NUMBER OF COLLISIONAL TRANSITIONS
171
! NUMBER OF TEMPERATURES
10 
! TEMPERATURES
5  10  15 	 30	  50  100	150   200   250   300
! TRANSITION-NUMBER UPPER-STATE LOWER-STATE RATE (CM^3S^-1)
   1    2    1   2.3480e-10   2.0800e-10   1.9070e-10   1.5480e-10   1.2480e-10   8.7780e-11   7.2640e-11   6.5560e-11   6.1880e-11   5.9790e-11
   2    3    1   1.6480e-10   1.5080e-10   1.3760e-10   1.0830e-10   8.7130e-11   6.7110e-11   6.0580e-11   5.7710e-11   5.6280e-11   5.5540e-11
   3    3    2   5.0210e-10   4.4800e-10   4.0790e-10   3.3150e-10   2.7490e-10   2.0960e-10   1.8200e-10   1.6750e-10   1.5870e-10   1.5280e-10
   4    4    1   1.0430e-10   9.9560e-11   9.6720e-11   8.7730e-11   7.7790e-11   6.3810e-11   5.6610e-11   5.2100e-11   4.8940e-11   4.6590e-11
   5    4    2   2.9660e-10   2.8520e-10   2.6780e-10   2.2430e-10   1.9070e-10   1.5340e-10   1.3690e-10   1.2760e-10   1.2170e-10   1.1770e-10
   6    4    3   5.1600e-10   4.9200e-10   4.6680e-10   4.0520e-10   3.5130e-10   2.8110e-10   2.4750e-10   2.2810e-10   2.1540e-10   2.0630e-10
   7    5    1   5.2950e-11   5.2640e-11   5.1350e-11   4.6620e-11   4.1990e-11   3.5170e-11   3.1160e-11   2.8470e-11   2.6560e-11   2.5140e-11
   8    5    2   2.4510e-10   2.3670e-10   2.2970e-10   2.0880e-10   1.8760e-10   1.5680e-10   1.3950e-10   1.2800e-10   1.1970e-10   1.1330e-10
   9    5    3   3.1310e-10   3.0400e-10   2.8970e-10   2.5330e-10   2.2320e-10   1.8520e-10   1.6630e-10   1.5490e-10   1.4730e-10   1.4210e-10
  10    5    4   4.5720e-10   4.3520e-10   4.1910e-10   3.7610e-10   3.3290e-10   2.7250e-10   2.4280e-10   2.2560e-10   2.1430e-10   2.0640e-10
  11    6    1   6.4890e-11   6.3580e-11   6.1860e-11   5.6180e-11   5.0240e-11   4.1550e-11   3.6660e-11   3.3410e-11   3.1060e-11   2.9250e-11
  12    6    2   1.0810e-10   1.0620e-10   1.0360e-10   9.5810e-11   8.7610e-11   7.3940e-11   6.5470e-11   5.9750e-11   5.5660e-11   5.2620e-11
  13    6    3   2.6840e-10   2.6690e-10   2.6100e-10   2.3870e-10   2.1530e-10   1.8080e-10   1.6100e-10   1.4780e-10   1.3840e-10   1.3130e-10
  14    6    4   2.9880e-10   2.9100e-10   2.8100e-10   2.5350e-10   2.2950e-10   1.9720e-10   1.7930e-10   1.6780e-10   1.6000e-10   1.5440e-10
  15    6    5   4.2020e-10   4.0220e-10   3.8800e-10   3.5210e-10   3.1730e-10   2.6630e-10   2.3950e-10   2.2330e-10   2.1240e-10   2.0450e-10
  16    7    1   2.9220e-11   2.6650e-11   2.5250e-11   2.2510e-11   2.0120e-11   1.6470e-11   1.4310e-11   1.2900e-11   1.1920e-11   1.1190e-11
  17    7    2   1.1910e-10   1.1970e-10   1.1770e-10   1.0830e-10   9.7110e-11   7.9830e-11   7.0170e-11   6.3930e-11   5.9550e-11   5.6270e-11
  18    7    3   1.2320e-10   1.2310e-10   1.2180e-10   1.1510e-10   1.0660e-10   9.1090e-11   8.1010e-11   7.4130e-11   6.9220e-11   6.5570e-11
  19    7    4   2.4160e-10   2.4810e-10   2.4910e-10   2.3780e-10   2.1860e-10   1.8480e-10   1.6470e-10   1.5140e-10   1.4190e-10   1.3480e-10
  20    7    5   2.8820e-10   2.8140e-10   2.7270e-10   2.5130e-10   2.3320e-10   2.0590e-10   1.8900e-10   1.7770e-10   1.6980e-10   1.6410e-10
  21    7    6   3.9620e-10   3.8040e-10   3.6760e-10   3.3470e-10   3.0280e-10   2.5740e-10   2.3380e-10   2.1930e-10   2.0940e-10   2.0210e-10
  22    8    1   2.1990e-11   2.0780e-11   2.0150e-11   1.8550e-11   1.6610e-11   1.3420e-11   1.1670e-11   1.0630e-11   9.9590e-12   9.5050e-12
  23    8    2   4.5370e-11   4.6380e-11   4.6470e-11   4.4530e-11   4.1350e-11   3.5550e-11   3.1760e-11   2.9100e-11   2.7140e-11   2.5640e-11
  24    8    3   1.3880e-10   1.3520e-10   1.3190e-10   1.2250e-10   1.1140e-10   9.2710e-11   8.1510e-11   7.4130e-11   6.8920e-11   6.5070e-11
  25    8    4   1.3780e-10   1.3990e-10   1.3980e-10   1.3440e-10   1.2630e-10   1.1070e-10   9.9680e-11   9.1590e-11   8.5530e-11   8.0870e-11
  26    8    5   2.5450e-10   2.5080e-10   2.4700e-10   2.3340e-10   2.1640e-10   1.8670e-10   1.6800e-10   1.5520e-10   1.4580e-10   1.3870e-10
  27    8    6   2.5680e-10   2.5830e-10   2.5600e-10   2.4590e-10   2.3430e-10   2.1320e-10   1.9810e-10   1.8730e-10   1.7930e-10   1.7340e-10
  28    8    7   3.5710e-10   3.4690e-10   3.3810e-10   3.1380e-10   2.8920e-10   2.5200e-10   2.3140e-10   2.1810e-10   2.0890e-10   2.0190e-10
  29    9    1   9.4500e-12   9.5630e-12   9.6310e-12   9.4820e-12   9.0200e-12   7.9240e-12   7.1410e-12   6.5870e-12   6.1820e-12   5.8760e-12
  30    9    2   4.2560e-11   4.0190e-11   3.8650e-11   3.4990e-11   3.1080e-11   2.4990e-11   2.1710e-11   1.9760e-11   1.8530e-11   1.7720e-11
  31    9    3   7.0840e-11   7.0330e-11   6.9500e-11   6.5590e-11   6.0540e-11   5.1560e-11   4.5760e-11   4.1750e-11   3.8840e-11   3.6630e-11
  32    9    4   1.4730e-10   1.4020e-10   1.3550e-10   1.2560e-10   1.1570e-10   9.8760e-11   8.7980e-11   8.0570e-11   7.5190e-11   7.1140e-11
  33    9    5   1.3830e-10   1.4040e-10   1.4080e-10   1.3780e-10   1.3170e-10   1.1740e-10   1.0630e-10   9.8020e-11   9.1790e-11   8.7010e-11
  34    9    6   2.5040e-10   2.4190e-10   2.3730e-10   2.2620e-10   2.1270e-10   1.8740e-10   1.7030e-10   1.5810e-10   1.4900e-10   1.4200e-10
  35    9    7   2.5420e-10   2.4680e-10   2.4300e-10   2.3560e-10   2.2770e-10   2.1210e-10   1.9950e-10   1.8960e-10   1.8220e-10   1.7660e-10
  36    9    8   3.4930e-10   3.3500e-10   3.2480e-10   3.0230e-10   2.8180e-10   2.5060e-10   2.3210e-10   2.1970e-10   2.1070e-10   2.0370e-10
  37   10    1   6.1080e-12   6.2730e-12   6.2830e-12   5.9100e-12   5.2280e-12   4.0420e-12   3.4010e-12   3.0360e-12   2.8230e-12   2.7020e-12
  38   10    2   2.9240e-11   2.8640e-11   2.8350e-11   2.7480e-11   2.6010e-11   2.2700e-11   2.0330e-11   1.8640e-11   1.7390e-11   1.6440e-11
  39   10    3   4.4340e-11   4.3590e-11   4.3180e-11   4.1050e-11   3.7580e-11   3.1100e-11   2.7280e-11   2.4910e-11   2.3390e-11   2.2370e-11
  40   10    4   8.1210e-11   7.9850e-11   7.8660e-11   7.4540e-11   6.9250e-11   5.9540e-11   5.3200e-11   4.8810e-11   4.5620e-11   4.3200e-11
  41   10    5   1.4020e-10   1.3670e-10   1.3430e-10   1.2730e-10   1.1890e-10   1.0310e-10   9.2410e-11   8.4870e-11   7.9330e-11   7.5110e-11
  42   10    6   1.3890e-10   1.3980e-10   1.3930e-10   1.3570e-10   1.3040e-10   1.1760e-10   1.0730e-10   9.9440e-11   9.3550e-11   8.9030e-11
  43   10    7   2.2870e-10   2.2840e-10   2.2810e-10   2.2210e-10   2.1150e-10   1.8850e-10   1.7180e-10   1.5970e-10   1.5070e-10   1.4360e-10
  44   10    8   2.5210e-10   2.4870e-10   2.4550e-10   2.3700e-10   2.2890e-10   2.1260e-10   1.9920e-10   1.8910e-10   1.8170e-10   1.7620e-10
  45   10    9   3.2420e-10   3.1540e-10   3.0780e-10   2.9050e-10   2.7360e-10   2.4600e-10   2.2870e-10   2.1690e-10   2.0820e-10   2.0150e-10
  46   11    1   8.7260e-12   8.7710e-12   8.7240e-12   8.4430e-12   7.9410e-12   6.8560e-12   6.1100e-12   5.5830e-12   5.1940e-12   4.8930e-12
  47   11    2   1.4690e-11   1.4310e-11   1.3940e-11   1.2910e-11   1.1550e-11   9.1250e-12   7.7470e-12   6.9330e-12   6.4460e-12   6.1570e-12
  48   11    3   3.6990e-11   3.7020e-11   3.6890e-11   3.6060e-11   3.4360e-11   3.0380e-11   2.7540e-11   2.5500e-11   2.3990e-11   2.2820e-11
  49   11    4   5.7140e-11   5.3410e-11   5.0820e-11   4.5930e-11   4.1510e-11   3.4460e-11   3.0400e-11   2.7910e-11   2.6300e-11   2.5220e-11
  50   11    5   7.6750e-11   7.6980e-11   7.6750e-11   7.4320e-11   7.0200e-11   6.1870e-11   5.6130e-11   5.2010e-11   4.8950e-11   4.6590e-11
  51   11    6   1.5650e-10   1.4840e-10   1.4270e-10   1.3120e-10   1.2110e-10   1.0470e-10   9.4020e-11   8.6600e-11   8.1160e-11   7.7010e-11
  52   11    7   1.2450e-10   1.2770e-10   1.2910e-10   1.2870e-10   1.2530e-10   1.1540e-10   1.0670e-10   9.9890e-11   9.4590e-11   9.0440e-11
  53   11    8   2.1600e-10   2.1820e-10   2.1980e-10   2.1680e-10   2.0800e-10   1.8750e-10   1.7200e-10   1.6040e-10   1.5160e-10   1.4470e-10
  54   11    9   2.4930e-10   2.4790e-10   2.4550e-10   2.3870e-10   2.3070e-10   2.1400e-10   2.0110e-10   1.9150e-10   1.8430e-10   1.7900e-10
  55   11   10   2.9520e-10   2.8870e-10   2.8560e-10   2.7610e-10   2.6360e-10   2.3980e-10   2.2380e-10   2.1260e-10   2.0430e-10   1.9800e-10
  56   12    1   4.0580e-12   3.8570e-12   3.6770e-12   3.2860e-12   2.9290e-12   2.3690e-12   2.0300e-12   1.8120e-12   1.6680e-12   1.5740e-12
  57   12    2   2.5780e-11   2.4170e-11   2.2890e-11   2.0640e-11   1.8980e-11   1.6440e-11   1.4790e-11   1.3630e-11   1.2770e-11   1.2100e-11
  58   12    3   2.1630e-11   2.0530e-11   1.9570e-11   1.7510e-11   1.5650e-11   1.2790e-11   1.1110e-11   1.0050e-11   9.3750e-12   8.9410e-12
  59   12    4   4.6650e-11   4.4460e-11   4.2820e-11   4.0280e-11   3.8540e-11   3.5080e-11   3.2240e-11   3.0070e-11   2.8400e-11   2.7090e-11
  60   12    5   5.7000e-11   5.4160e-11   5.1890e-11   4.7040e-11   4.2890e-11   3.6700e-11   3.2990e-11   3.0580e-11   2.8950e-11   2.7820e-11
  61   12    6   7.8250e-11   7.6940e-11   7.5520e-11   7.2780e-11   7.0330e-11   6.4630e-11   5.9590e-11   5.5600e-11   5.2490e-11   5.0040e-11
  62   12    7   1.4800e-10   1.4510e-10   1.4180e-10   1.3200e-10   1.2220e-10   1.0640e-10   9.6120e-11   8.8750e-11   8.3260e-11   7.9040e-11
  63   12    8   1.1840e-10   1.2190e-10   1.2340e-10   1.2520e-10   1.2480e-10   1.1850e-10   1.1070e-10   1.0400e-10   9.8540e-11   9.4210e-11
  64   12    9   2.0690e-10   2.1070e-10   2.1280e-10   2.1020e-10   2.0170e-10   1.8290e-10   1.6890e-10   1.5830e-10   1.5010e-10   1.4360e-10
  65   12   10   2.4450e-10   2.4400e-10   2.4340e-10   2.4090e-10   2.3630e-10   2.2270e-10   2.0990e-10   1.9960e-10   1.9170e-10   1.8550e-10
  66   12   11   2.8700e-10   2.8150e-10   2.7830e-10   2.6860e-10   2.5730e-10   2.3730e-10   2.2350e-10   2.1320e-10   2.0530e-10   1.9900e-10
  67   13    1   6.9510e-12   6.4310e-12   6.0990e-12   5.4420e-12   4.9240e-12   4.2130e-12   3.8020e-12   3.5280e-12   3.3310e-12   3.1810e-12
  68   13    2   9.9570e-12   9.4350e-12   9.1460e-12   8.3740e-12   7.5080e-12   6.0940e-12   5.2450e-12   4.6920e-12   4.3180e-12   4.0640e-12
  69   13    3   3.1810e-11   3.0040e-11   2.8920e-11   2.6610e-11   2.4620e-11   2.1470e-11   1.9420e-11   1.7990e-11   1.6940e-11   1.6140e-11
  70   13    4   2.2420e-11   2.1650e-11   2.1180e-11   1.9710e-11   1.7800e-11   1.4560e-11   1.2690e-11   1.1550e-11   1.0830e-11   1.0380e-11
  71   13    5   4.8910e-11   4.6730e-11   4.5470e-11   4.3320e-11   4.1570e-11   3.7870e-11   3.4870e-11   3.2590e-11   3.0860e-11   2.9510e-11
  72   13    6   5.4520e-11   5.2690e-11   5.1450e-11   4.8070e-11   4.3990e-11   3.7170e-11   3.3260e-11   3.0870e-11   2.9330e-11   2.8300e-11
  73   13    7   7.9680e-11   7.8290e-11   7.7040e-11   7.4450e-11   7.2070e-11   6.6370e-11   6.1340e-11   5.7350e-11   5.4240e-11   5.1790e-11
  74   13    8   1.3820e-10   1.3940e-10   1.3800e-10   1.3080e-10   1.2110e-10   1.0420e-10   9.3650e-11   8.6500e-11   8.1330e-11   7.7420e-11
  75   13    9   1.2140e-10   1.2480e-10   1.2600e-10   1.2730e-10   1.2690e-10   1.2050e-10   1.1260e-10   1.0590e-10   1.0050e-10   9.6100e-11
  76   13   10   1.9500e-10   2.0180e-10   2.0440e-10   2.0240e-10   1.9400e-10   1.7520e-10   1.6190e-10   1.5210e-10   1.4470e-10   1.3890e-10
  77   13   11   2.4410e-10   2.4120e-10   2.3990e-10   2.3880e-10   2.3690e-10   2.2580e-10   2.1330e-10   2.0300e-10   1.9490e-10   1.8870e-10
  78   13   12   2.8670e-10   2.7710e-10   2.7280e-10   2.6250e-10   2.5190e-10   2.3400e-10   2.2090e-10   2.1100e-10   2.0320e-10   1.9690e-10
  79   14    1   2.5980e-12   2.4910e-12   2.4500e-12   2.3030e-12   2.0860e-12   1.7050e-12   1.4770e-12   1.3250e-12   1.2190e-12   1.1430e-12
  80   14    2   1.3530e-11   1.2910e-11   1.2580e-11   1.1710e-11   1.0770e-11   9.3080e-12   8.4740e-12   7.9340e-12   7.5570e-12   7.2760e-12
  81   14    3   1.1770e-11   1.1370e-11   1.1230e-11   1.0670e-11   9.7250e-12   7.9900e-12   6.9600e-12   6.3010e-12   5.8610e-12   5.5620e-12
  82   14    4   3.1280e-11   3.0700e-11   3.0410e-11   2.9180e-11   2.7430e-11   2.4110e-11   2.1920e-11   2.0390e-11   1.9290e-11   1.8450e-11
  83   14    5   2.1190e-11   2.0750e-11   2.0600e-11   1.9780e-11   1.8160e-11   1.5020e-11   1.3220e-11   1.2150e-11   1.1510e-11   1.1130e-11
  84   14    6   4.6260e-11   4.5720e-11   4.5520e-11   4.4750e-11   4.3400e-11   3.9800e-11   3.6740e-11   3.4380e-11   3.2590e-11   3.1190e-11
  85   14    7   5.2730e-11   5.1200e-11   5.0280e-11   4.7740e-11   4.4130e-11   3.7540e-11   3.3760e-11   3.1470e-11   3.0010e-11   2.9040e-11
  86   14    8   7.5530e-11   7.5480e-11   7.5640e-11   7.5060e-11   7.3350e-11   6.8030e-11   6.3020e-11   5.8970e-11   5.5780e-11   5.3270e-11
  87   14    9   1.3380e-10   1.3390e-10   1.3270e-10   1.2710e-10   1.1880e-10   1.0330e-10   9.3330e-11   8.6420e-11   8.1380e-11   7.7540e-11
  88   14   10   1.2000e-10   1.2320e-10   1.2550e-10   1.2890e-10   1.2930e-10   1.2310e-10   1.1510e-10   1.0810e-10   1.0250e-10   9.8040e-11
  89   14   11   1.8830e-10   1.9330e-10   1.9520e-10   1.9400e-10   1.8710e-10   1.7040e-10   1.5810e-10   1.4900e-10   1.4200e-10   1.3650e-10
  90   14   12   2.3370e-10   2.3430e-10   2.3460e-10   2.3580e-10   2.3560e-10   2.2690e-10   2.1560e-10   2.0570e-10   1.9790e-10   1.9170e-10
  91   14   13   2.8400e-10   2.7440e-10   2.6960e-10   2.5960e-10   2.4910e-10   2.3020e-10   2.1670e-10   2.0670e-10   1.9900e-10   1.9290e-10
  92   15    1   2.6850e-12   2.6830e-12   2.6660e-12   2.5620e-12   2.4020e-12   2.1240e-12   1.9670e-12   1.8700e-12   1.8060e-12   1.7600e-12
  93   15    2   5.2850e-12   5.3150e-12   5.3180e-12   5.1440e-12   4.7570e-12   3.9960e-12   3.5260e-12   3.2110e-12   2.9870e-12   2.8230e-12
  94   15    3   1.4900e-11   1.5090e-11   1.5110e-11   1.4680e-11   1.3830e-11   1.2190e-11   1.1200e-11   1.0550e-11   1.0100e-11   9.7670e-12
  95   15    4   1.1340e-11   1.1520e-11   1.1620e-11   1.1410e-11   1.0640e-11   8.9590e-12   7.9060e-12   7.2300e-12   6.7810e-12   6.4790e-12
  96   15    5   2.8360e-11   2.9560e-11   3.0160e-11   3.0300e-11   2.9180e-11   2.6110e-11   2.3870e-11   2.2270e-11   2.1100e-11   2.0210e-11
  97   15    6   2.0180e-11   2.0160e-11   2.0200e-11   1.9760e-11   1.8430e-11   1.5550e-11   1.3820e-11   1.2790e-11   1.2160e-11   1.1790e-11
  98   15    7   4.1090e-11   4.3160e-11   4.4350e-11   4.5620e-11   4.5190e-11   4.1960e-11   3.8830e-11   3.6370e-11   3.4460e-11   3.2960e-11
  99   15    8   5.4140e-11   5.2140e-11   5.0840e-11   4.7950e-11   4.4550e-11   3.8450e-11   3.4830e-11   3.2560e-11   3.1070e-11   3.0070e-11
 100   15    9   6.9590e-11   7.2520e-11   7.4220e-11   7.6170e-11   7.5630e-11   7.0650e-11   6.5520e-11   6.1320e-11   5.8000e-11   5.5360e-11
 101   15   10   1.3340e-10   1.3180e-10   1.2970e-10   1.2340e-10   1.1590e-10   1.0200e-10   9.2740e-11   8.6120e-11   8.1210e-11   7.7450e-11
 102   15   11   1.1900e-10   1.2410e-10   1.2690e-10   1.3150e-10   1.3260e-10   1.2630e-10   1.1810e-10   1.1100e-10   1.0520e-10   1.0060e-10
 103   15   12   1.9420e-10   1.9210e-10   1.9140e-10   1.8860e-10   1.8280e-10   1.6800e-10   1.5620e-10   1.4730e-10   1.4040e-10   1.3490e-10
 104   15   13   2.2070e-10   2.2630e-10   2.2890e-10   2.3240e-10   2.3270e-10   2.2440e-10   2.1360e-10   2.0430e-10   1.9700e-10   1.9120e-10
 105   15   14   2.9010e-10   2.7450e-10   2.6800e-10   2.5800e-10   2.4800e-10   2.2810e-10   2.1370e-10   2.0320e-10   1.9530e-10   1.8930e-10
 106   16    1   1.5350e-12   1.4370e-12   1.3940e-12   1.3120e-12   1.2130e-12   1.0410e-12   9.3860e-13   8.6960e-13   8.1900e-13   7.8010e-13
 107   16    2   6.5850e-12   6.2540e-12   6.1020e-12   5.8000e-12   5.4500e-12   4.8630e-12   4.5410e-12   4.3500e-12   4.2300e-12   4.1500e-12
 108   16    3   7.4740e-12   7.1270e-12   6.9920e-12   6.6900e-12   6.2210e-12   5.3110e-12   4.7420e-12   4.3600e-12   4.0890e-12   3.8910e-12
 109   16    4   1.7970e-11   1.7530e-11   1.7350e-11   1.6800e-11   1.5890e-11   1.4110e-11   1.3000e-11   1.2270e-11   1.1760e-11   1.1400e-11
 110   16    5   1.2780e-11   1.2610e-11   1.2590e-11   1.2320e-11   1.1540e-11   9.8180e-12   8.7030e-12   7.9750e-12   7.4910e-12   7.1690e-12
 111   16    6   3.1150e-11   3.1640e-11   3.2060e-11   3.2230e-11   3.1190e-11   2.8060e-11   2.5660e-11   2.3930e-11   2.2640e-11   2.1670e-11
 112   16    7   2.1280e-11   2.1240e-11   2.1250e-11   2.0710e-11   1.9340e-11   1.6440e-11   1.4650e-11   1.3550e-11   1.2870e-11   1.2460e-11
 113   16    8   4.2660e-11   4.4650e-11   4.5980e-11   4.7740e-11   4.7610e-11   4.4440e-11   4.1170e-11   3.8530e-11   3.6460e-11   3.4830e-11
 114   16    9   5.4470e-11   5.3240e-11   5.2090e-11   4.8950e-11   4.5390e-11   3.9310e-11   3.5640e-11   3.3290e-11   3.1740e-11   3.0690e-11
 115   16   10   7.1290e-11   7.4240e-11   7.6140e-11   7.8840e-11   7.8890e-11   7.4170e-11   6.8880e-11   6.4470e-11   6.0930e-11   5.8090e-11
 116   16   11   1.3150e-10   1.3030e-10   1.2800e-10   1.2090e-10   1.1330e-10   1.0020e-10   9.1510e-11   8.5230e-11   8.0530e-11   7.6890e-11
 117   16   12   1.1620e-10   1.2190e-10   1.2560e-10   1.3210e-10   1.3500e-10   1.3040e-10   1.2240e-10   1.1510e-10   1.0910e-10   1.0420e-10
 118   16   13   2.0120e-10   1.9520e-10   1.9190e-10   1.8650e-10   1.8040e-10   1.6680e-10   1.5580e-10   1.4720e-10   1.4030e-10   1.3490e-10
 119   16   14   2.0760e-10   2.1550e-10   2.1960e-10   2.2660e-10   2.3060e-10   2.2910e-10   2.2130e-10   2.1300e-10   2.0570e-10   1.9960e-10
 120   16   15   2.9020e-10   2.7090e-10   2.6310e-10   2.5340e-10   2.4540e-10   2.2850e-10   2.1470e-10   2.0420e-10   1.9600e-10   1.8970e-10
 121   17    1   1.6980e-12   1.5340e-12   1.4540e-12   1.3340e-12   1.2420e-12   1.1150e-12   1.0530e-12   1.0220e-12   1.0070e-12   1.0000e-12
 122   17    2   3.7490e-12   3.4100e-12   3.2420e-12   2.9780e-12   2.7430e-12   2.3700e-12   2.1570e-12   2.0190e-12   1.9220e-12   1.8500e-12
 123   17    3   9.4460e-12   8.6910e-12   8.3250e-12   7.7410e-12   7.2310e-12   6.4460e-12   6.0200e-12   5.7750e-12   5.6290e-12   5.5400e-12
 124   17    4   9.0550e-12   8.5220e-12   8.2570e-12   7.7430e-12   7.1430e-12   6.0550e-12   5.3910e-12   4.9570e-12   4.6610e-12   4.4530e-12
 125   17    5   2.1550e-11   2.0420e-11   1.9900e-11   1.8880e-11   1.7740e-11   1.5670e-11   1.4370e-11   1.3520e-11   1.2930e-11   1.2510e-11
 126   17    6   1.3490e-11   1.3470e-11   1.3460e-11   1.3070e-11   1.2150e-11   1.0210e-11   8.9970e-12   8.2240e-12   7.7250e-12   7.4050e-12
 127   17    7   3.5390e-11   3.5190e-11   3.5280e-11   3.4890e-11   3.3510e-11   2.9970e-11   2.7310e-11   2.5390e-11   2.3970e-11   2.2890e-11
 128   17    8   2.0880e-11   2.1410e-11   2.1630e-11   2.1160e-11   1.9690e-11   1.6600e-11   1.4750e-11   1.3640e-11   1.2970e-11   1.2590e-11
 129   17    9   4.6050e-11   4.7940e-11   4.9310e-11   5.0880e-11   5.0460e-11   4.6900e-11   4.3360e-11   4.0510e-11   3.8280e-11   3.6500e-11
 130   17   10   5.4050e-11   5.3100e-11   5.2040e-11   4.8800e-11   4.5040e-11   3.8860e-11   3.5300e-11   3.3070e-11   3.1620e-11   3.0640e-11
 131   17   11   7.2100e-11   7.6640e-11   7.9390e-11   8.2650e-11   8.2690e-11   7.7830e-11   7.2280e-11   6.7580e-11   6.3780e-11   6.0710e-11
 132   17   12   1.3400e-10   1.2940e-10   1.2580e-10   1.1770e-10   1.1000e-10   9.7260e-11   8.8970e-11   8.3040e-11   7.8610e-11   7.5200e-11
 133   17   13   1.1110e-10   1.1890e-10   1.2390e-10   1.3240e-10   1.3620e-10   1.3300e-10   1.2550e-10   1.1840e-10   1.1240e-10   1.0750e-10
 134   17   14   1.9630e-10   1.9060e-10   1.8760e-10   1.8250e-10   1.7660e-10   1.6240e-10   1.5100e-10   1.4220e-10   1.3550e-10   1.3030e-10
 135   17   15   2.1280e-10   2.1480e-10   2.1640e-10   2.2210e-10   2.2750e-10   2.2890e-10   2.2300e-10   2.1560e-10   2.0880e-10   2.0300e-10
 136   17   16   2.6850e-10   2.5860e-10   2.5370e-10   2.4650e-10   2.4000e-10   2.2420e-10   2.1070e-10   2.0020e-10   1.9220e-10   1.8590e-10
 137   18    1   8.8100e-13   8.0380e-13   7.5730e-13   6.8180e-13   6.2520e-13   5.4920e-13   5.1210e-13   4.9140e-13   4.7860e-13   4.6990e-13
 138   18    2   3.8740e-12   3.5250e-12   3.3170e-12   2.9870e-12   2.7520e-12   2.4600e-12   2.3360e-12   2.2850e-12   2.2710e-12   2.2760e-12
 139   18    3   4.9320e-12   4.5760e-12   4.3460e-12   3.9410e-12   3.6050e-12   3.1060e-12   2.8360e-12   2.6700e-12   2.5600e-12   2.4820e-12
 140   18    4   1.1390e-11   1.0570e-11   1.0060e-11   9.1870e-12   8.4900e-12   7.4910e-12   6.9710e-12   6.6800e-12   6.5120e-12   6.4140e-12
 141   18    5   9.5310e-12   9.2520e-12   9.0000e-12   8.4050e-12   7.7320e-12   6.5360e-12   5.8120e-12   5.3450e-12   5.0310e-12   4.8150e-12
 142   18    6   2.4590e-11   2.3350e-11   2.2530e-11   2.0960e-11   1.9480e-11   1.7010e-11   1.5520e-11   1.4560e-11   1.3900e-11   1.3420e-11
 143   18    7   1.3080e-11   1.3450e-11   1.3530e-11   1.3240e-11   1.2400e-11   1.0500e-11   9.2630e-12   8.4710e-12   7.9600e-12   7.6350e-12
 144   18    8   3.9770e-11   3.9210e-11   3.8800e-11   3.7580e-11   3.5710e-11   3.1570e-11   2.8640e-11   2.6570e-11   2.5050e-11   2.3900e-11
 145   18    9   2.0280e-11   2.0800e-11   2.0990e-11   2.0720e-11   1.9540e-11   1.6730e-11   1.4940e-11   1.3850e-11   1.3200e-11   1.2820e-11
 146   18   10   5.2380e-11   5.3320e-11   5.4010e-11   5.4530e-11   5.3380e-11   4.8860e-11   4.4890e-11   4.1830e-11   3.9460e-11   3.7610e-11
 147   18   11   5.4630e-11   5.2040e-11   5.0410e-11   4.7150e-11   4.3830e-11   3.8190e-11   3.4860e-11   3.2770e-11   3.1410e-11   3.0490e-11
 148   18   12   7.9350e-11   8.2790e-11   8.4980e-11   8.7270e-11   8.6290e-11   7.9870e-11   7.3630e-11   6.8640e-11   6.4710e-11   6.1580e-11
 149   18   13   1.3220e-10   1.2530e-10   1.2100e-10   1.1330e-10   1.0610e-10   9.3910e-11   8.5980e-11   8.0390e-11   7.6250e-11   7.3080e-11
 150   18   14   1.1430e-10   1.2070e-10   1.2530e-10   1.3320e-10   1.3620e-10   1.3190e-10   1.2440e-10   1.1750e-10   1.1170e-10   1.0700e-10
 151   18   15   1.7680e-10   1.7600e-10   1.7610e-10   1.7510e-10   1.7100e-10   1.5790e-10   1.4690e-10   1.3850e-10   1.3210e-10   1.2710e-10
 152   18   16   2.2190e-10   2.2120e-10   2.2060e-10   2.2240e-10   2.2580e-10   2.2600e-10   2.2030e-10   2.1350e-10   2.0720e-10   2.0190e-10
 153   18   17   2.4890e-10   2.4390e-10   2.4180e-10   2.3820e-10   2.3350e-10   2.1940e-10   2.0660e-10   1.9650e-10   1.8870e-10   1.8260e-10
 154   19    1   8.1140e-13   7.3660e-13   6.9100e-13   6.1690e-13   5.6750e-13   5.1380e-13   4.9790e-13   4.9780e-13   5.0540e-13   5.1670e-13
 155   19    2   1.9600e-12   1.7930e-12   1.6890e-12   1.5140e-12   1.3870e-12   1.2260e-12   1.1550e-12   1.1210e-12   1.1050e-12   1.0980e-12
 156   19    3   5.0300e-12   4.6150e-12   4.3510e-12   3.9040e-12   3.5860e-12   3.1980e-12   3.0410e-12   2.9820e-12   2.9740e-12   2.9910e-12
 157   19    4   5.5570e-12   5.2000e-12   4.9550e-12   4.4990e-12   4.1160e-12   3.5460e-12   3.2390e-12   3.0540e-12   2.9350e-12   2.8540e-12
 158   19    5   1.2700e-11   1.1880e-11   1.1320e-11   1.0300e-11   9.4940e-12   8.3430e-12   7.7480e-12   7.4110e-12   7.2120e-12   7.0930e-12
 159   19    6   9.5980e-12   9.4080e-12   9.2050e-12   8.6740e-12   8.0340e-12   6.8240e-12   6.0720e-12   5.5840e-12   5.2560e-12   5.0330e-12
 160   19    7   2.6280e-11   2.5140e-11   2.4270e-11   2.2500e-11   2.0870e-11   1.8200e-11   1.6600e-11   1.5550e-11   1.4820e-11   1.4300e-11
 161   19    8   1.2270e-11   1.2740e-11   1.2920e-11   1.2890e-11   1.2270e-11   1.0530e-11   9.3300e-12   8.5560e-12   8.0570e-12   7.7410e-12
 162   19    9   4.1770e-11   4.1290e-11   4.0750e-11   3.9270e-11   3.7280e-11   3.3000e-11   2.9980e-11   2.7830e-11   2.6230e-11   2.5020e-11
 163   19   10   1.8520e-11   1.9130e-11   1.9470e-11   1.9660e-11   1.8870e-11   1.6430e-11   1.4770e-11   1.3770e-11   1.3180e-11   1.2850e-11
 164   19   11   5.6720e-11   5.7330e-11   5.7550e-11   5.7340e-11   5.5840e-11   5.0970e-11   4.6830e-11   4.3640e-11   4.1160e-11   3.9210e-11
 165   19   12   5.0970e-11   4.8530e-11   4.7200e-11   4.4740e-11   4.2050e-11   3.6980e-11   3.3900e-11   3.2010e-11   3.0810e-11   3.0030e-11
 166   19   13   8.5730e-11   8.8250e-11   8.9610e-11   9.0830e-11   8.9380e-11   8.2510e-11   7.6060e-11   7.0910e-11   6.6860e-11   6.3620e-11
 167   19   14   1.2400e-10   1.1810e-10   1.1480e-10   1.0870e-10   1.0240e-10   9.0840e-11   8.3290e-11   7.8030e-11   7.4180e-11   7.1260e-11
 168   19   15   1.2220e-10   1.2570e-10   1.2870e-10   1.3470e-10   1.3730e-10   1.3330e-10   1.2600e-10   1.1930e-10   1.1350e-10   1.0880e-10
 169   19   16   1.6650e-10   1.6660e-10   1.6750e-10   1.6810e-10   1.6520e-10   1.5330e-10   1.4280e-10   1.3470e-10   1.2860e-10   1.2380e-10
 170   19   17   2.3790e-10   2.3190e-10   2.2910e-10   2.2760e-10   2.2920e-10   2.2860e-10   2.2280e-10   2.1600e-10   2.0970e-10   2.0440e-10
 171   19   18   2.2030e-10   2.2570e-10   2.2770e-10   2.2880e-10   2.2670e-10   2.1500e-10   2.0280e-10   1.9300e-10   1.8530e-10   1.7930e-10
