!MOLECULE
 o-C3H2  energies from JPL, A re-scaled to mu=3.27                      
!MOLECULAR WEIGHT
  38.
! NUMBER OF ENERGY LEVELS
 47
!LEVEL + ENERGIES(cm^-1) + WEIGHT + J (or other quantum numbers)
    1     1.633200000   9.0   1  0  1
    2     2.245061390   9.0   1  1  0
    3     4.479800000  15.0   2  1  2
    4     6.315328684  15.0   2  2  1
    5     8.387500000  21.0   3  0  3
    6    11.155000000  21.0   3  1  2
    7    12.626200000  21.0   3  2  1
    8    13.419400000  27.0   4  1  4
    9    13.529636734  21.0   3  3  0
   10    17.346500000  27.0   4  2  3
   11    19.567900000  33.0   5  0  5
   12    20.203700000  27.0   4  3  2
   13    22.394371828  27.0   4  4  1
   14    24.616234557  33.0   5  1  4
   15    26.833700000  39.0   6  1  6
   16    28.511277119  33.0   5  2  3
   17    31.083000000  33.0   5  3  2
   18    32.488612185  33.0   5  4  1
   19    33.006213475  39.0   6  2  5
   20    34.044611296  33.0   5  5  0
   21    35.216600000  45.0   7  0  7
   22    38.044350560  39.0   6  3  4
   23    41.962300000  39.0   6  4  3
   24    42.512800000  45.0   7  1  6
   25    44.716700000  51.0   8  1  8
   26    44.975900000  39.0   6  5  2
   27    47.730586844  39.0   6  6  1
   28    48.674982854  45.0   7  2  5
   29    53.136200000  51.0   8  2  7
   30    53.687900000  45.0   7  3  4
   31    55.333900000  57.0   9  0  9
   32    57.440200000  45.0   7  4  3
   33    59.706200000  45.0   7  5  2
   34    60.422910082  51.0   8  3  6
   35    61.382783488  45.0   7  6  1
   36    63.932792291  45.0   7  7  0
   37    64.876500000  57.0   9  1  8
   38    66.570719392  51.0   8  4  5
   39    67.068000000  63.0  10  1 10
   40    71.574800000  51.0   8  5  4
   41    73.286821818  57.0   9  2  7
   42    75.523700000  51.0   8  6  3
   43    77.733700000  63.0  10  2  9
   44    78.872709467  51.0   8  7  2
   45    79.919109577  69.0  11  0 11
   46    80.560399853  57.0   9  3  6
   47    82.371925955  51.0   8  8  1
! NUMBER OF RADIATIVE TRANSITIONS
 156
!TRANS + U + L + A(s^-1) + FREQ(GHz) + E_u/k(K)
    1     2     1  3.841E-07          18.34314300     3.23
    2     9     7  9.740E-07          27.08435190    19.47
    3    18    17  3.701E-06          42.13919320    46.74
    4     7     6  3.195E-06          44.10477310    18.17
    5    20    18  3.261E-06          46.64504720    48.98
    6    35    33  6.026E-06          50.26270850    88.32
    7    16    15  4.445E-10          50.29249680    41.02
    8    38    37  6.484E-10          50.79141960    95.78
    9    41    40  1.795E-09          51.32512290   105.44
   10     4     3  3.456E-06          55.02776560     9.09
   11    19    17  3.324E-09          57.65648950    47.49
   12    13    12  6.885E-06          65.67468920    32.22
   13    14    13  6.532E-09          66.60892430    35.42
   14    33    32  1.276E-05          67.93255230    85.90
   15    36    35  9.558E-06          76.44984360    91.98
   16    17    16  1.400E-05          77.10003350    44.72
   17    38    36  1.099E-09          79.08224920    95.78
   18    27    26  1.194E-05          82.58343400    68.67
   19     6     5  9.914E-06          82.96620000    16.05
   20    46    43  2.225E-09          84.74232970   115.91
   21    22    21  1.388E-09          84.77382910    54.74
   22     3     1  2.321E-05          85.33889300     6.45
   23    12    10  1.521E-05          85.65643100    29.07
   24    34    32  1.492E-08          89.41939870    86.93
   25    26    23  2.163E-05          90.34407890    64.71
   26    44    42  2.977E-05         100.40077800   113.48
   27    47    44  2.027E-05         104.90415500   118.51
   28    28    26  4.448E-08         110.89571410    70.03
   29    32    30  4.092E-05         112.49075930    82.64
   30    10     9  3.543E-07         114.42836370    24.96
   31    16    14  3.335E-05         116.77077930    41.02
   32     5     3  6.971E-05         117.15119100    12.07
   33    23    22  4.092E-05         117.45717650    60.37
   34    10     8  2.240E-05         117.73182100    24.96
   35    42    40  5.006E-05         118.38217400   108.66
   36    28    25  2.684E-09         118.66559310    70.03
   37     4     2  6.784E-05         122.02348200     9.09
   38     6     4  6.764E-05         145.08959460    16.05
   39    40    38  8.676E-05         150.01937530   102.98
   40    30    28  7.658E-05         150.28347780    77.24
   41     8     5  1.637E-04         150.85190800    19.31
   42    46    42  1.255E-07         150.99769030   115.91
   43    22    19  6.249E-05         151.03917300    54.74
   44    14    11  3.954E-05         151.34387300    35.42
   45    34    31  4.240E-09         152.56486060    86.93
   46     9     5  3.718E-07         154.15531630    19.47
   47    20    16  2.905E-06         165.88428400    48.98
   48    22    18  6.407E-07         166.55644210    54.74
   49    30    27  3.234E-07         178.59575650    77.24
   50    38    34  1.272E-04         184.30798400    95.78
   51    11     8  3.153E-04         184.32793400    28.15
   52    28    24  1.009E-04         184.73813000    70.03
   53    19    15  6.183E-05         185.04902400    47.49
   54    10     6  2.175E-04         185.61751000    24.96
   55    41    39  5.981E-09         186.43574520   105.44
   56    36    32  5.815E-06         194.64505100    91.98
   57    38    33  7.500E-07         205.79480130    95.78
   58     9     4  2.556E-04         216.27875600    19.47
   59    15    11  5.393E-04         217.82214800    38.61
   60    14    10  4.023E-04         217.94004600    35.42
   61    46    41  1.916E-04         218.05478300   115.91
   62    34    29  1.493E-04         218.44943900    86.93
   63    24    21  8.923E-05         218.73273200    61.17
   64    12     7  3.113E-04         227.16912720    29.07
   65    35    30  5.639E-06         230.68602010    88.32
   66    18    14  9.567E-07         236.01000610    46.74
   67    23    20  1.039E-05         237.36857140    60.37
   68     7     3  5.900E-05         244.22213340    18.17
   69    16    12  4.156E-04         249.05436800    41.02
   70    21    15  8.498E-04         251.31433650    50.67
   71    19    14  6.747E-04         251.52730230    47.49
   72    41    37  2.076E-04         252.13591780   105.44
   73    29    25  1.218E-04         252.40983060    76.45
   74    17    13  1.609E-04         260.47974600    44.72
   75    13     9  7.264E-04         265.75943800    32.22
   76    13     8  1.324E-07         269.06290010    32.22
   77    25    21  1.260E-03         284.80520560    64.34
   78    24    19  1.041E-03         284.99800020    61.17
   79    22    16  7.716E-04         285.79566880    54.74
   80    37    31  1.594E-04         286.08139590    93.34
   81    27    22  9.743E-07         290.38469080    68.67
   82    40    35  1.608E-05         305.55146820   102.98
   83    31    25  1.786E-03         318.29436820    79.61
   84    29    24  1.517E-03         318.48235260    76.45
   85    28    22  1.191E-03         318.69696950    70.03
   86    43    39  2.022E-04         319.74816330   111.84
   87    47    40  2.336E-06         323.68709650   118.51
   88    23    17  8.574E-04         326.15275800    60.37
   89    33    28  1.764E-06         330.70678940    85.90
   90    13     6  1.188E-04         336.94858950    32.22
   91    17    11  1.693E-07         345.21468580    44.72
   92    42    36  4.173E-05         347.48380500   108.66
   93    20    13  1.645E-03         349.26397760    48.98
   94    30    23  1.237E-03         351.52327080    77.24
   95    39    31  2.439E-03         351.78156860    96.50
   96    37    29  2.117E-03         351.96593360    93.34
   97    34    28  1.734E-03         352.19363570    86.93
   98    12     5  8.096E-05         354.24009170    29.07
   99    26    19  6.324E-07         358.84040130    64.71
  100    33    27  1.618E-04         359.01906820    85.90
  101    18    12  6.009E-04         368.29361960    46.74
  102    44    38  2.853E-06         368.80232800   113.48
  103    32    26  8.759E-04         373.66995110    82.64
  104    26    18  1.359E-03         374.35769750    64.71
  105    45    39  3.235E-03         385.26657280   114.99
  106    43    37  2.853E-03         385.44833590   111.84
  107    41    34  2.409E-03         385.65245320   105.44
  108    38    30  1.878E-03         386.21813600    95.78
  109    27    20  3.043E-03         410.29608400    68.67
  110    17    10  2.673E-04         411.81083800    44.72
  111    46    38  2.627E-03         419.39924610   115.91
  112    40    32  1.935E-03         423.74672900   102.98
  113    32    24  6.524E-07         447.51235220    82.64
  114    16     8  1.141E-04         452.44260380    41.02
  115    42    34  1.619E-06         452.70951070   108.66
  116    23    15  1.705E-07         453.54534220    60.37
  117    36    28  1.203E-07         457.41934150    91.98
  118    42    33  2.280E-03         474.19635710   108.66
  119    36    27  5.275E-03         485.73162020    91.98
  120    35    26  2.505E-03         491.86521190    88.32
  121    26    16  5.213E-04         493.59692430    64.71
  122    27    17  2.415E-04         499.08032610    68.67
  123    20    10  1.145E-05         500.59507840    48.98
  124    23    14  3.613E-04         520.02362470    60.37
  125    44    35  4.248E-03         524.33442090   113.48
  126    33    23  1.135E-03         531.94658240    85.90
  127    40    29  6.678E-07         552.77672850   102.98
  128    47    36  8.183E-03         552.78872110   118.51
  129    30    21  1.722E-07         553.75427640    77.24
  130    22    11  1.476E-04         553.91032120    54.74
  131    35    24  2.307E-08         565.70761300    88.32
  132    18     8  8.285E-07         571.68183050    46.74
  133    32    22  7.537E-04         581.47120660    82.64
  134    30    19  4.598E-04         620.01959310    77.24
  135    44    32  1.113E-03         642.52968170   113.48
  136    42    30  1.301E-03         654.61966870   108.66
  137    28    15  1.813E-04         654.78513520    70.03
  138    38    25  1.741E-07         655.16718380    95.78
  139    36    23  6.219E-05         658.65913450    91.98
  140    47    33  2.456E-04         679.50127320   118.51
  141    40    28  9.567E-04         686.52096600   102.98
  142    27    14  1.434E-06         692.95113890    68.67
  143    35    22  2.342E-05         699.66646740    88.32
  144    38    24  5.598E-04         721.23970580    95.78
  145    34    21  2.151E-04         755.66443440    86.93
  146    46    31  1.757E-07         756.27206160   115.91
  147    26    11  2.970E-07         761.71157660    64.71
  148    33    19  2.236E-06         800.44290470    85.90
  149    46    29  6.601E-04         822.15659920   115.91
  150    41    25  2.491E-04         856.51168200   105.44
  151    47    30  7.687E-06         859.92458480   118.51
  152    44    28  5.197E-06         905.30391870   113.48
  153    32    15  2.310E-07         917.55937220    82.64
  154    36    19  8.952E-08         927.15545680    91.98
  155    42    24  1.283E-06         989.64126160   108.66
  156    40    21  1.807E-07        1089.99176470   102.98
!NUMBER OF COLL PARTNERS
1
!COLLISIONS BETWEEN
1 oC3H2-H2 from Chandra & Kegel (2000)
!NUMBER OF COLL TRANS
1081
!NUMBER OF COLL TEMPS
4
!COLL TEMPS
   30.0   60.0   90.0  120.0
!TRANS + UP + LOW + COLLRATES(cm^3 s^-1)
    1     2     1 8.0e-12 8.3e-12 8.3e-12 8.2e-12
    2     3     1 2.1e-11 2.1e-11 2.1e-11 2.1e-11
    3     4     1 1.3e-11 1.3e-11 1.5e-11 1.6e-11
    4     5     1 2.1e-12 2.3e-12 2.5e-12 2.5e-12
    5     6     1 4.5e-12 3.7e-12 3.6e-12 3.5e-12
    6     7     1 7.3e-12 6.8e-12 7.1e-12 7.4e-12
    7     8     1 1.9e-11 1.5e-11 1.4e-11 1.4e-11
    8     9     1 4.0e-12 3.8e-12 3.9e-12 4.0e-12
    9    10     1 1.4e-12 1.1e-12 1.1e-12 1.0e-12
   10    11     1 7.5e-12 6.5e-12 6.3e-12 6.2e-12
   11    12     1 7.3e-12 6.0e-12 5.6e-12 5.5e-12
   12    13     1 9.9e-12 7.1e-12 6.5e-12 6.4e-12
   13    14     1 3.4e-12 2.2e-12 1.9e-12 1.8e-12
   14    15     1 2.9e-12 2.1e-12 1.9e-12 1.9e-12
   15    16     1 2.1e-12 1.4e-12 1.3e-12 1.2e-12
   16    17     1 5.9e-12 3.2e-12 2.6e-12 2.4e-12
   17    18     1 3.7e-12 2.5e-12 2.3e-12 2.2e-12
   18    19     1 1.1e-12 6.6e-13 5.9e-13 5.7e-13
   19    20     1 5.1e-12 2.6e-12 2.3e-12 2.2e-12
   20    21     1 1.1e-11 6.5e-12 5.6e-12 5.2e-12
   21    22     1 1.1e-11 5.3e-12 4.3e-12 3.9e-12
   22    23     1 1.3e-12 8.6e-13 7.9e-13 7.5e-13
   23    24     1 1.2e-12 5.9e-13 4.8e-13 4.4e-13
   24    25     1 4.7e-12 3.0e-12 2.8e-12 2.7e-12
   25    26     1 4.9e-12 2.7e-12 2.4e-12 2.3e-12
   26    27     1 4.3e-12 2.5e-12 2.2e-12 2.1e-12
   27    28     1 4.8e-12 2.7e-12 2.3e-12 2.1e-12
   28    29     1 1.8e-12 6.9e-13 5.1e-13 4.4e-13
   29    30     1 9.0e-12 3.2e-12 2.3e-12 1.9e-12
   30    31     1 4.6e-12 2.0e-12 1.7e-12 1.5e-12
   31    32     1 2.5e-12 7.3e-13 5.4e-13 4.8e-13
   32    33     1 9.6e-12 3.2e-12 2.2e-12 1.9e-12
   33    34     1 4.0e-12 1.3e-12 9.1e-13 7.8e-13
   34    35     1 2.6e-12 1.2e-12 1.0e-12 9.9e-13
   35    36     1 1.2e-11 2.9e-12 1.9e-12 1.5e-12
   36    37     1 3.6e-13 1.7e-13 1.5e-13 1.4e-13
   37    38     1 2.9e-12 7.0e-13 4.6e-13 3.9e-13
   38    39     1 7.6e-12 2.9e-12 2.4e-12 2.2e-12
   39    40     1 1.7e-11 4.6e-12 3.2e-12 2.7e-12
   40    41     1 9.6e-12 2.6e-12 1.8e-12 1.5e-12
   41    42     1 2.3e-12 7.9e-13 6.4e-13 5.9e-13
   42    43     1 2.0e-12 5.2e-13 3.7e-13 3.2e-13
   43    44     1 2.9e-12 1.1e-12 9.6e-13 9.3e-13
   44    45     1 5.9e-12 2.0e-12 1.6e-12 1.5e-12
   45    46     1 6.0e-12 1.3e-12 8.5e-13 6.9e-13
   46    47     1 1.2e-11 2.6e-12 1.7e-12 1.4e-12
   47     3     2 1.6e-12 1.9e-12 2.1e-12 2.2e-12
   48     4     2 8.3e-12 8.5e-12 8.6e-12 8.6e-12
   49     5     2 2.5e-11 2.3e-11 2.3e-11 2.3e-11
   50     6     2 1.5e-12 1.4e-12 1.4e-12 1.3e-12
   51     7     2 5.1e-13 5.0e-13 5.2e-13 5.3e-13
   52     8     2 2.6e-12 2.7e-12 2.7e-12 2.7e-12
   53     9     2 1.5e-11 1.4e-11 1.5e-11 1.5e-11
   54    10     2 1.5e-11 1.1e-11 1.0e-11 1.0e-11
   55    11     2 2.5e-12 1.7e-12 1.6e-12 1.5e-12
   56    12     2 1.1e-12 7.6e-13 6.8e-13 6.6e-13
   57    13     2 5.6e-12 4.5e-12 4.4e-12 4.3e-12
   58    14     2 1.3e-12 1.2e-12 1.2e-12 1.2e-12
   59    15     2 1.3e-11 9.2e-12 8.5e-12 8.2e-12
   60    16     2 6.3e-12 4.0e-12 3.4e-12 3.2e-12
   61    17     2 2.4e-12 1.4e-12 1.2e-12 1.2e-12
   62    18     2 4.6e-13 2.3e-13 1.9e-13 1.7e-13
   63    19     2 1.4e-12 7.5e-13 6.0e-13 5.4e-13
   64    20     2 1.1e-11 6.6e-12 5.8e-12 5.6e-12
   65    21     2 3.0e-12 2.3e-12 2.2e-12 2.2e-12
   66    22     2 1.0e-12 8.4e-13 8.0e-13 7.8e-13
   67    23     2 1.9e-11 9.5e-12 7.6e-12 6.9e-12
   68    24     2 5.1e-12 2.6e-12 2.2e-12 2.0e-12
   69    25     2 3.7e-12 1.7e-12 1.4e-12 1.3e-12
   70    26     2 3.3e-13 1.6e-13 1.4e-13 1.3e-13
   71    27     2 7.2e-12 2.8e-12 2.2e-12 2.0e-12
   72    28     2 3.0e-12 1.1e-12 7.6e-13 6.3e-13
   73    29     2 1.1e-12 6.3e-13 5.6e-13 5.4e-13
   74    30     2 2.4e-12 1.3e-12 1.2e-12 1.1e-12
   75    31     2 6.4e-12 3.3e-12 3.0e-12 2.9e-12
   76    32     2 5.0e-12 1.8e-12 1.3e-12 1.2e-12
   77    33     2 4.0e-12 1.4e-12 1.1e-12 9.9e-13
   78    34     2 5.7e-12 2.1e-12 1.6e-12 1.4e-12
   79    35     2 1.1e-12 3.2e-13 2.2e-13 1.8e-13
   80    36     2 7.4e-12 3.0e-12 2.4e-12 2.2e-12
   81    37     2 1.8e-12 5.4e-13 3.7e-13 3.1e-13
   82    38     2 7.8e-12 1.9e-12 1.2e-12 9.5e-13
   83    39     2 4.9e-12 2.2e-12 1.9e-12 1.8e-12
   84    40     2 8.6e-13 2.8e-13 2.4e-13 2.3e-13
   85    41     2 1.9e-12 8.6e-13 7.2e-13 6.7e-13
   86    42     2 3.1e-11 8.2e-12 5.7e-12 4.9e-12
   87    43     2 2.4e-12 7.5e-13 5.7e-13 5.1e-13
   88    44     2 8.4e-13 1.9e-13 1.2e-13 1.0e-13
   89    45     2 6.1e-12 1.6e-12 1.2e-12 1.0e-12
   90    46     2 1.0e-11 2.5e-12 1.7e-12 1.4e-12
   91    47     2 1.7e-11 3.1e-12 1.8e-12 1.5e-12
   92     4     3 1.3e-11 1.3e-11 1.3e-11 1.4e-11
   93     5     3 8.3e-12 8.1e-12 8.0e-12 7.8e-12
   94     6     3 1.3e-11 1.4e-11 1.5e-11 1.6e-11
   95     7     3 1.2e-11 1.2e-11 1.2e-11 1.2e-11
   96     8     3 7.5e-12 7.8e-12 8.2e-12 8.3e-12
   97     9     3 4.2e-12 3.7e-12 3.7e-12 3.8e-12
   98    10     3 3.2e-12 3.0e-12 2.9e-12 2.9e-12
   99    11     3 3.0e-11 2.3e-11 2.1e-11 2.0e-11
  100    12     3 1.1e-11 9.9e-12 1.0e-11 1.0e-11
  101    13     3 1.0e-11 7.4e-12 6.6e-12 6.3e-12
  102    14     3 4.5e-12 3.4e-12 3.1e-12 3.0e-12
  103    15     3 4.6e-12 3.6e-12 3.4e-12 3.3e-12
  104    16     3 2.8e-12 2.0e-12 1.8e-12 1.7e-12
  105    17     3 6.2e-12 4.5e-12 4.1e-12 4.0e-12
  106    18     3 7.5e-12 5.7e-12 5.4e-12 5.3e-12
  107    19     3 7.7e-12 4.7e-12 4.1e-12 3.8e-12
  108    20     3 6.2e-12 3.6e-12 3.1e-12 3.0e-12
  109    21     3 5.6e-12 3.6e-12 3.4e-12 3.3e-12
  110    22     3 5.5e-12 3.1e-12 2.7e-12 2.6e-12
  111    23     3 3.8e-12 1.8e-12 1.5e-12 1.4e-12
  112    24     3 1.6e-12 1.1e-12 1.0e-12 9.7e-13
  113    25     3 2.2e-11 1.1e-11 9.4e-12 8.7e-12
  114    26     3 7.2e-12 4.4e-12 4.0e-12 3.9e-12
  115    27     3 1.8e-11 7.2e-12 5.4e-12 4.7e-12
  116    28     3 1.8e-11 8.2e-12 6.4e-12 5.8e-12
  117    29     3 2.8e-12 1.2e-12 9.9e-13 9.0e-13
  118    30     3 5.1e-12 2.1e-12 1.6e-12 1.5e-12
  119    31     3 6.8e-12 3.4e-12 2.9e-12 2.7e-12
  120    32     3 3.6e-12 1.2e-12 8.5e-13 7.3e-13
  121    33     3 4.2e-12 1.7e-12 1.4e-12 1.3e-12
  122    34     3 4.7e-12 2.0e-12 1.6e-12 1.4e-12
  123    35     3 8.5e-12 3.8e-12 3.2e-12 3.1e-12
  124    36     3 7.6e-12 2.8e-12 2.1e-12 1.9e-12
  125    37     3 3.6e-12 1.3e-12 1.1e-12 9.5e-13
  126    38     3 1.4e-11 4.6e-12 3.3e-12 2.8e-12
  127    39     3 8.2e-12 2.7e-12 2.0e-12 1.8e-12
  128    40     3 5.2e-12 1.8e-12 1.5e-12 1.3e-12
  129    41     3 1.1e-11 2.6e-12 1.7e-12 1.3e-12
  130    42     3 1.3e-11 2.9e-12 1.8e-12 1.4e-12
  131    43     3 1.8e-12 6.8e-13 5.5e-13 5.1e-13
  132    44     3 6.1e-12 2.3e-12 1.8e-12 1.7e-12
  133    45     3 1.7e-11 5.4e-12 4.2e-12 3.8e-12
  134    46     3 6.0e-12 1.5e-12 1.1e-12 9.5e-13
  135    47     3 3.2e-11 6.6e-12 4.0e-12 3.2e-12
  136     5     4 2.8e-12 3.2e-12 3.5e-12 3.6e-12
  137     6     4 2.1e-11 2.1e-11 2.1e-11 2.1e-11
  138     7     4 5.6e-12 6.1e-12 6.5e-12 6.9e-12
  139     8     4 1.6e-11 1.4e-11 1.4e-11 1.4e-11
  140     9     4 6.1e-12 5.5e-12 5.4e-12 5.3e-12
  141    10     4 2.1e-12 2.3e-12 2.5e-12 2.5e-12
  142    11     4 6.1e-12 5.8e-12 5.8e-12 5.8e-12
  143    12     4 8.5e-12 6.7e-12 6.3e-12 6.1e-12
  144    13     4 1.7e-11 1.4e-11 1.4e-11 1.4e-11
  145    14     4 1.8e-11 1.3e-11 1.2e-11 1.1e-11
  146    15     4 3.5e-12 2.8e-12 2.7e-12 2.6e-12
  147    16     4 9.3e-13 7.3e-13 7.0e-13 6.9e-13
  148    17     4 7.8e-12 5.5e-12 5.1e-12 5.0e-12
  149    18     4 3.1e-12 2.6e-12 2.5e-12 2.5e-12
  150    19     4 8.8e-12 6.6e-12 6.1e-12 5.9e-12
  151    20     4 8.4e-12 5.4e-12 4.8e-12 4.5e-12
  152    21     4 1.2e-11 7.7e-12 6.8e-12 6.4e-12
  153    22     4 4.6e-12 2.7e-12 2.3e-12 2.1e-12
  154    23     4 3.9e-12 2.1e-12 1.9e-12 1.8e-12
  155    24     4 2.6e-12 1.5e-12 1.3e-12 1.3e-12
  156    25     4 4.5e-12 3.2e-12 3.1e-12 3.1e-12
  157    26     4 8.3e-12 4.4e-12 3.6e-12 3.4e-12
  158    27     4 2.1e-11 9.4e-12 7.5e-12 6.8e-12
  159    28     4 2.6e-12 1.2e-12 9.3e-13 8.5e-13
  160    29     4 8.6e-12 4.0e-12 3.2e-12 2.9e-12
  161    30     4 2.0e-11 8.2e-12 6.2e-12 5.5e-12
  162    31     4 5.8e-12 2.8e-12 2.5e-12 2.3e-12
  163    32     4 2.8e-12 1.1e-12 8.6e-13 7.6e-13
  164    33     4 1.1e-11 3.8e-12 2.9e-12 2.6e-12
  165    34     4 4.1e-12 1.5e-12 1.1e-12 9.8e-13
  166    35     4 3.0e-12 1.5e-12 1.3e-12 1.3e-12
  167    36     4 1.7e-11 5.1e-12 3.7e-12 3.2e-12
  168    37     4 5.8e-12 2.7e-12 2.3e-12 2.2e-12
  169    38     4 7.7e-12 3.4e-12 2.8e-12 2.6e-12
  170    39     4 8.7e-12 3.7e-12 3.0e-12 2.8e-12
  171    40     4 2.7e-12 1.2e-12 1.0e-12 1.0e-12
  172    41     4 6.2e-12 1.6e-12 1.1e-12 8.7e-13
  173    42     4 7.9e-12 2.0e-12 1.4e-12 1.2e-12
  174    43     4 3.2e-12 9.0e-13 6.6e-13 5.9e-13
  175    44     4 1.6e-11 4.2e-12 2.9e-12 2.5e-12
  176    45     4 6.1e-12 2.3e-12 1.9e-12 1.9e-12
  177    46     4 1.2e-11 2.5e-12 1.6e-12 1.3e-12
  178    47     4 1.8e-11 4.9e-12 3.4e-12 2.9e-12
  179     6     5 6.3e-12 6.8e-12 7.0e-12 7.1e-12
  180     7     5 1.8e-12 2.1e-12 2.3e-12 2.4e-12
  181     8     5 9.9e-12 1.0e-11 1.0e-11 1.0e-11
  182     9     5 1.8e-11 1.7e-11 1.7e-11 1.7e-11
  183    10     5 2.0e-11 2.0e-11 2.1e-11 2.3e-11
  184    11     5 3.5e-12 3.3e-12 3.4e-12 3.4e-12
  185    12     5 3.5e-12 3.4e-12 3.5e-12 3.5e-12
  186    13     5 4.2e-12 3.7e-12 3.6e-12 3.6e-12
  187    14     5 3.7e-12 3.5e-12 3.6e-12 3.7e-12
  188    15     5 4.2e-11 3.0e-11 2.7e-11 2.6e-11
  189    16     5 1.4e-11 1.1e-11 1.0e-11 1.0e-11
  190    17     5 4.9e-12 4.0e-12 3.9e-12 3.9e-12
  191    18     5 3.0e-12 2.1e-12 2.0e-12 2.0e-12
  192    19     5 3.6e-12 2.2e-12 2.0e-12 1.9e-12
  193    20     5 2.0e-11 1.2e-11 1.0e-11 9.8e-12
  194    21     5 6.1e-12 4.8e-12 4.7e-12 4.6e-12
  195    22     5 3.8e-12 2.6e-12 2.4e-12 2.4e-12
  196    23     5 1.4e-11 9.3e-12 8.5e-12 8.3e-12
  197    24     5 1.5e-11 8.1e-12 6.8e-12 6.3e-12
  198    25     5 7.0e-12 3.4e-12 2.8e-12 2.6e-12
  199    26     5 3.8e-12 2.0e-12 1.8e-12 1.7e-12
  200    27     5 4.8e-12 2.7e-12 2.4e-12 2.2e-12
  201    28     5 4.8e-12 2.1e-12 1.6e-12 1.5e-12
  202    29     5 2.5e-12 1.7e-12 1.6e-12 1.6e-12
  203    30     5 3.8e-12 1.8e-12 1.6e-12 1.6e-12
  204    31     5 3.6e-11 1.5e-11 1.2e-11 1.1e-11
  205    32     5 8.0e-12 3.6e-12 2.9e-12 2.7e-12
  206    33     5 6.6e-12 3.2e-12 2.8e-12 2.8e-12
  207    34     5 2.9e-11 1.1e-11 7.7e-12 6.6e-12
  208    35     5 4.5e-12 1.8e-12 1.4e-12 1.3e-12
  209    36     5 3.4e-11 1.1e-11 8.2e-12 6.9e-12
  210    37     5 5.5e-12 1.7e-12 1.2e-12 9.7e-13
  211    38     5 6.3e-12 2.0e-12 1.5e-12 1.3e-12
  212    39     5 1.1e-11 5.1e-12 4.3e-12 4.0e-12
  213    40     5 4.9e-12 1.4e-12 1.0e-12 9.1e-13
  214    41     5 5.6e-12 2.4e-12 2.0e-12 1.8e-12
  215    42     5 1.3e-11 5.3e-12 4.3e-12 4.0e-12
  216    43     5 8.0e-12 2.4e-12 1.7e-12 1.5e-12
  217    44     5 6.6e-12 1.5e-12 1.0e-12 9.2e-13
  218    45     5 1.6e-11 4.0e-12 2.7e-12 2.3e-12
  219    46     5 3.0e-11 8.1e-12 5.6e-12 4.8e-12
  220    47     5 1.5e-11 3.6e-12 2.4e-12 2.0e-12
  221     7     6 1.6e-11 1.6e-11 1.7e-11 1.7e-11
  222     8     6 4.8e-12 5.8e-12 6.3e-12 6.6e-12
  223     9     6 2.7e-12 3.2e-12 3.5e-12 3.8e-12
  224    10     6 7.8e-12 7.3e-12 7.1e-12 7.0e-12
  225    11     6 1.6e-11 1.5e-11 1.5e-11 1.5e-11
  226    12     6 1.4e-11 1.4e-11 1.5e-11 1.6e-11
  227    13     6 9.4e-12 8.2e-12 8.0e-12 8.0e-12
  228    14     6 7.2e-12 6.6e-12 6.7e-12 6.7e-12
  229    15     6 3.4e-12 3.3e-12 3.3e-12 3.3e-12
  230    16     6 3.4e-12 2.5e-12 2.3e-12 2.3e-12
  231    17     6 1.3e-11 9.8e-12 9.6e-12 9.9e-12
  232    18     6 1.5e-11 1.1e-11 1.0e-11 9.8e-12
  233    19     6 3.0e-11 2.0e-11 1.8e-11 1.7e-11
  234    20     6 7.2e-12 4.8e-12 4.3e-12 4.2e-12
  235    21     6 4.0e-12 3.1e-12 3.0e-12 3.1e-12
  236    22     6 4.1e-12 2.8e-12 2.5e-12 2.4e-12
  237    23     6 6.3e-12 3.8e-12 3.3e-12 3.1e-12
  238    24     6 5.1e-12 3.3e-12 2.9e-12 2.8e-12
  239    25     6 1.4e-11 8.8e-12 7.8e-12 7.4e-12
  240    26     6 1.2e-11 7.4e-12 6.6e-12 6.4e-12
  241    27     6 1.6e-11 7.5e-12 5.9e-12 5.4e-12
  242    28     6 5.6e-12 2.9e-12 2.4e-12 2.2e-12
  243    29     6 7.5e-12 3.5e-12 2.8e-12 2.6e-12
  244    30     6 8.1e-12 3.7e-12 3.0e-12 2.8e-12
  245    31     6 5.3e-12 3.2e-12 2.9e-12 2.8e-12
  246    32     6 8.7e-12 3.1e-12 2.2e-12 1.9e-12
  247    33     6 9.4e-12 4.1e-12 3.2e-12 2.9e-12
  248    34     6 1.7e-12 8.9e-13 8.5e-13 8.5e-13
  249    35     6 1.3e-11 6.3e-12 5.3e-12 5.0e-12
  250    36     6 1.0e-11 3.9e-12 3.0e-12 2.7e-12
  251    37     6 2.2e-11 8.8e-12 6.8e-12 6.1e-12
  252    38     6 3.5e-11 1.2e-11 8.9e-12 7.8e-12
  253    39     6 6.2e-12 2.4e-12 1.9e-12 1.8e-12
  254    40     6 1.1e-11 3.4e-12 2.5e-12 2.1e-12
  255    41     6 4.8e-12 1.7e-12 1.3e-12 1.1e-12
  256    42     6 4.8e-12 1.5e-12 1.1e-12 1.0e-12
  257    43     6 7.0e-12 2.5e-12 1.9e-12 1.7e-12
  258    44     6 1.1e-11 4.1e-12 3.3e-12 3.0e-12
  259    45     6 1.2e-11 4.7e-12 3.9e-12 3.7e-12
  260    46     6 9.2e-12 2.9e-12 2.1e-12 1.8e-12
  261    47     6 4.2e-11 9.2e-12 5.7e-12 4.5e-12
  262     8     7 8.5e-12 9.2e-12 9.5e-12 9.8e-12
  263     9     7 9.3e-12 1.0e-11 1.0e-11 1.1e-11
  264    10     7 3.1e-12 3.6e-12 3.8e-12 3.9e-12
  265    11     7 5.4e-12 6.3e-12 6.7e-12 7.0e-12
  266    12     7 1.9e-11 1.7e-11 1.7e-11 1.7e-11
  267    13     7 9.0e-12 9.0e-12 9.5e-12 1.0e-11
  268    14     7 2.3e-11 1.8e-11 1.7e-11 1.7e-11
  269    15     7 1.9e-12 1.7e-12 1.8e-12 1.8e-12
  270    16     7 3.5e-12 3.1e-12 3.1e-12 3.0e-12
  271    17     7 6.4e-12 4.6e-12 4.1e-12 4.0e-12
  272    18     7 2.0e-11 1.5e-11 1.4e-11 1.5e-11
  273    19     7 7.1e-12 6.0e-12 5.9e-12 5.9e-12
  274    20     7 5.7e-12 4.4e-12 4.3e-12 4.3e-12
  275    21     7 7.3e-12 5.7e-12 5.4e-12 5.3e-12
  276    22     7 2.1e-11 1.3e-11 1.1e-11 1.0e-11
  277    23     7 1.3e-12 8.4e-13 7.4e-13 7.0e-13
  278    24     7 5.9e-12 3.7e-12 3.3e-12 3.1e-12
  279    25     7 4.3e-12 3.5e-12 3.6e-12 3.7e-12
  280    26     7 2.2e-11 1.3e-11 1.1e-11 9.9e-12
  281    27     7 1.3e-11 7.2e-12 6.2e-12 5.9e-12
  282    28     7 5.4e-12 3.1e-12 2.7e-12 2.5e-12
  283    29     7 1.9e-11 9.2e-12 7.5e-12 6.8e-12
  284    30     7 7.5e-12 3.6e-12 2.9e-12 2.6e-12
  285    31     7 3.5e-12 1.9e-12 1.7e-12 1.7e-12
  286    32     7 6.3e-12 3.0e-12 2.5e-12 2.3e-12
  287    33     7 7.0e-12 3.0e-12 2.3e-12 2.0e-12
  288    34     7 4.5e-12 1.9e-12 1.6e-12 1.4e-12
  289    35     7 1.6e-11 7.0e-12 5.5e-12 5.0e-12
  290    36     7 1.5e-11 4.9e-12 3.6e-12 3.1e-12
  291    37     7 5.3e-12 2.9e-12 2.6e-12 2.5e-12
  292    38     7 7.5e-12 3.2e-12 2.6e-12 2.3e-12
  293    39     7 6.0e-12 3.1e-12 2.8e-12 2.7e-12
  294    40     7 5.3e-11 1.6e-11 1.1e-11 9.0e-12
  295    41     7 9.7e-12 3.1e-12 2.2e-12 1.9e-12
  296    42     7 1.7e-12 7.6e-13 6.2e-13 5.7e-13
  297    43     7 1.2e-11 4.0e-12 3.1e-12 2.8e-12
  298    44     7 2.5e-11 7.5e-12 5.3e-12 4.6e-12
  299    45     7 6.1e-12 2.7e-12 2.4e-12 2.4e-12
  300    46     7 6.8e-12 1.9e-12 1.3e-12 1.1e-12
  301    47     7 1.4e-11 4.3e-12 3.1e-12 2.8e-12
  302     9     8 2.0e-12 2.8e-12 3.2e-12 3.5e-12
  303    10     8 5.2e-12 6.0e-12 6.5e-12 6.8e-12
  304    11     8 1.2e-11 1.2e-11 1.2e-11 1.2e-11
  305    12     8 4.9e-12 5.1e-12 5.3e-12 5.5e-12
  306    13     8 1.3e-11 1.1e-11 1.1e-11 1.1e-11
  307    14     8 1.9e-11 1.8e-11 1.9e-11 2.0e-11
  308    15     8 4.0e-12 3.9e-12 4.2e-12 4.4e-12
  309    16     8 4.2e-12 4.0e-12 4.1e-12 4.2e-12
  310    17     8 5.2e-12 4.5e-12 4.5e-12 4.5e-12
  311    18     8 7.2e-12 5.5e-12 5.2e-12 5.1e-12
  312    19     8 5.0e-12 4.4e-12 4.4e-12 4.5e-12
  313    20     8 2.4e-12 2.3e-12 2.4e-12 2.4e-12
  314    21     8 5.5e-11 3.5e-11 3.1e-11 2.9e-11
  315    22     8 1.6e-11 1.1e-11 1.1e-11 1.1e-11
  316    23     8 4.0e-12 3.2e-12 3.3e-12 3.4e-12
  317    24     8 4.6e-12 2.7e-12 2.4e-12 2.4e-12
  318    25     8 7.7e-12 5.2e-12 4.8e-12 4.7e-12
  319    26     8 4.9e-12 2.9e-12 2.6e-12 2.5e-12
  320    27     8 2.2e-11 1.2e-11 9.4e-12 8.4e-12
  321    28     8 5.5e-12 3.3e-12 3.0e-12 2.9e-12
  322    29     8 2.3e-11 1.1e-11 8.4e-12 7.5e-12
  323    30     8 1.2e-11 6.7e-12 5.8e-12 5.4e-12
  324    31     8 1.0e-11 4.4e-12 3.6e-12 3.4e-12
  325    32     8 3.2e-12 1.8e-12 1.7e-12 1.7e-12
  326    33     8 7.8e-12 3.9e-12 3.4e-12 3.2e-12
  327    34     8 6.2e-12 2.5e-12 2.0e-12 1.9e-12
  328    35     8 1.0e-11 4.2e-12 3.3e-12 3.1e-12
  329    36     8 6.2e-12 2.6e-12 2.1e-12 2.0e-12
  330    37     8 3.5e-12 2.0e-12 1.8e-12 1.7e-12
  331    38     8 5.7e-12 2.1e-12 1.7e-12 1.6e-12
  332    39     8 5.7e-11 2.1e-11 1.5e-11 1.3e-11
  333    40     8 1.2e-11 5.1e-12 4.1e-12 3.8e-12
  334    41     8 4.4e-11 1.3e-11 9.3e-12 7.9e-12
  335    42     8 5.4e-12 2.5e-12 2.3e-12 2.3e-12
  336    43     8 1.0e-11 2.7e-12 1.8e-12 1.5e-12
  337    44     8 6.7e-12 2.1e-12 1.5e-12 1.4e-12
  338    45     8 1.7e-11 6.0e-12 4.6e-12 4.0e-12
  339    46     8 6.9e-12 2.0e-12 1.5e-12 1.4e-12
  340    47     8 4.5e-11 1.2e-11 7.8e-12 6.4e-12
  341    10     9 2.5e-11 2.4e-11 2.4e-11 2.5e-11
  342    11     9 2.6e-12 2.4e-12 2.3e-12 2.3e-12
  343    12     9 2.5e-12 2.5e-12 2.6e-12 2.6e-12
  344    13     9 1.0e-11 9.1e-12 8.7e-12 8.5e-12
  345    14     9 3.3e-12 3.6e-12 3.8e-12 3.9e-12
  346    15     9 8.0e-12 7.6e-12 7.7e-12 7.8e-12
  347    16     9 3.3e-11 2.6e-11 2.4e-11 2.3e-11
  348    17     9 1.6e-12 1.4e-12 1.4e-12 1.4e-12
  349    18     9 2.2e-12 1.6e-12 1.5e-12 1.5e-12
  350    19     9 4.4e-12 3.0e-12 2.7e-12 2.5e-12
  351    20     9 2.5e-11 1.9e-11 1.9e-11 1.9e-11
  352    21     9 2.4e-12 2.3e-12 2.5e-12 2.6e-12
  353    22     9 3.4e-12 2.9e-12 2.9e-12 2.9e-12
  354    23     9 1.3e-11 7.2e-12 6.2e-12 5.8e-12
  355    24     9 1.7e-11 1.2e-11 1.0e-11 9.9e-12
  356    25     9 3.7e-12 2.3e-12 2.0e-12 1.9e-12
  357    26     9 4.4e-12 2.3e-12 1.9e-12 1.8e-12
  358    27     9 1.2e-11 7.3e-12 6.4e-12 6.0e-12
  359    28     9 4.6e-12 2.3e-12 1.8e-12 1.6e-12
  360    29     9 4.4e-12 3.2e-12 3.1e-12 3.0e-12
  361    30     9 1.9e-12 1.0e-12 8.5e-13 8.0e-13
  362    31     9 5.1e-12 3.4e-12 3.3e-12 3.3e-12
  363    32     9 2.7e-11 1.3e-11 1.0e-11 9.1e-12
  364    33     9 5.3e-12 2.3e-12 1.8e-12 1.7e-12
  365    34     9 1.5e-11 6.5e-12 5.2e-12 4.7e-12
  366    35     9 7.8e-12 2.8e-12 2.0e-12 1.7e-12
  367    36     9 3.5e-11 1.3e-11 1.0e-11 8.9e-12
  368    37     9 6.4e-12 2.5e-12 1.9e-12 1.6e-12
  369    38     9 4.8e-12 1.6e-12 1.2e-12 1.0e-12
  370    39     9 4.7e-12 2.7e-12 2.5e-12 2.5e-12
  371    40     9 6.4e-12 2.8e-12 2.3e-12 2.2e-12
  372    41     9 3.5e-12 1.6e-12 1.4e-12 1.3e-12
  373    42     9 3.4e-11 9.8e-12 6.7e-12 5.6e-12
  374    43     9 1.1e-11 4.4e-12 3.6e-12 3.4e-12
  375    44     9 5.0e-12 1.5e-12 1.1e-12 9.1e-13
  376    45     9 6.2e-12 2.2e-12 1.7e-12 1.6e-12
  377    46     9 1.3e-11 3.6e-12 2.4e-12 2.1e-12
  378    47     9 2.9e-11 6.7e-12 4.5e-12 3.9e-12
  379    11    10 2.2e-12 2.5e-12 2.7e-12 2.8e-12
  380    12    10 6.0e-12 6.0e-12 6.0e-12 6.1e-12
  381    13    10 2.5e-12 2.8e-12 3.0e-12 3.2e-12
  382    14    10 8.3e-12 7.9e-12 7.9e-12 7.9e-12
  383    15    10 1.8e-11 1.6e-11 1.6e-11 1.6e-11
  384    16    10 2.0e-11 2.0e-11 2.1e-11 2.2e-11
  385    17    10 7.2e-12 6.2e-12 6.1e-12 6.0e-12
  386    18    10 2.7e-12 2.4e-12 2.5e-12 2.5e-12
  387    19    10 3.3e-12 2.8e-12 2.8e-12 2.8e-12
  388    20    10 1.7e-11 1.3e-11 1.2e-11 1.2e-11
  389    21    10 3.2e-12 3.3e-12 3.5e-12 3.6e-12
  390    22    10 3.5e-12 3.0e-12 3.1e-12 3.1e-12
  391    23    10 1.8e-11 1.2e-11 1.1e-11 1.1e-11
  392    24    10 4.2e-11 2.5e-11 2.2e-11 2.0e-11
  393    25    10 4.2e-12 2.5e-12 2.2e-12 2.1e-12
  394    26    10 6.8e-12 4.3e-12 3.8e-12 3.6e-12
  395    27    10 6.5e-12 3.9e-12 3.5e-12 3.3e-12
  396    28    10 3.7e-12 2.1e-12 1.9e-12 1.7e-12
  397    29    10 5.9e-12 4.0e-12 3.8e-12 3.7e-12
  398    30    10 5.0e-12 2.9e-12 2.5e-12 2.3e-12
  399    31    10 1.8e-11 1.0e-11 8.4e-12 7.9e-12
  400    32    10 1.7e-11 9.0e-12 7.6e-12 7.2e-12
  401    33    10 7.9e-12 4.4e-12 3.8e-12 3.7e-12
  402    34    10 1.0e-11 5.8e-12 5.1e-12 4.9e-12
  403    35    10 8.3e-12 3.6e-12 2.9e-12 2.6e-12
  404    36    10 3.0e-11 1.2e-11 8.8e-12 7.7e-12
  405    37    10 1.0e-11 3.8e-12 2.8e-12 2.5e-12
  406    38    10 7.7e-12 2.6e-12 1.9e-12 1.6e-12
  407    39    10 6.7e-12 3.7e-12 3.4e-12 3.3e-12
  408    40    10 5.9e-12 2.4e-12 2.0e-12 1.9e-12
  409    41    10 2.5e-12 1.3e-12 1.2e-12 1.2e-12
  410    42    10 2.1e-11 7.8e-12 5.9e-12 5.2e-12
  411    43    10 3.8e-11 1.2e-11 8.5e-12 7.2e-12
  412    44    10 1.3e-11 3.8e-12 2.8e-12 2.4e-12
  413    45    10 9.9e-12 3.0e-12 2.2e-12 1.9e-12
  414    46    10 5.0e-11 1.3e-11 8.6e-12 7.0e-12
  415    47    10 1.2e-11 3.6e-12 2.6e-12 2.3e-12
  416    12    11 1.0e-11 1.1e-11 1.2e-11 1.3e-11
  417    13    11 2.5e-12 3.1e-12 3.4e-12 3.7e-12
  418    14    11 5.4e-12 6.2e-12 6.7e-12 7.1e-12
  419    15    11 1.2e-11 1.2e-11 1.1e-11 1.1e-11
  420    16    11 2.6e-12 2.4e-12 2.4e-12 2.5e-12
  421    17    11 7.3e-12 6.5e-12 6.3e-12 6.3e-12
  422    18    11 4.3e-12 4.8e-12 5.2e-12 5.4e-12
  423    19    11 2.1e-11 1.9e-11 2.0e-11 2.1e-11
  424    20    11 6.2e-12 5.0e-12 4.6e-12 4.4e-12
  425    21    11 4.5e-12 3.8e-12 3.9e-12 4.0e-12
  426    22    11 4.7e-12 4.3e-12 4.5e-12 4.7e-12
  427    23    11 3.9e-12 2.7e-12 2.5e-12 2.4e-12
  428    24    11 5.6e-12 4.3e-12 4.2e-12 4.2e-12
  429    25    11 7.1e-11 4.2e-11 3.6e-11 3.3e-11
  430    26    11 1.1e-11 7.9e-12 7.4e-12 7.2e-12
  431    27    11 3.8e-12 2.5e-12 2.3e-12 2.2e-12
  432    28    11 1.7e-11 1.2e-11 1.1e-11 1.1e-11
  433    29    11 5.8e-12 2.9e-12 2.5e-12 2.3e-12
  434    30    11 4.5e-12 2.9e-12 2.8e-12 2.9e-12
  435    31    11 1.1e-11 6.4e-12 5.6e-12 5.2e-12
  436    32    11 4.2e-12 2.2e-12 1.9e-12 1.9e-12
  437    33    11 6.9e-12 3.4e-12 2.8e-12 2.6e-12
  438    34    11 6.4e-12 3.1e-12 2.7e-12 2.6e-12
  439    35    11 4.2e-12 3.0e-12 3.0e-12 3.0e-12
  440    36    11 1.9e-11 8.1e-12 6.1e-12 5.4e-12
  441    37    11 3.4e-11 1.4e-11 1.1e-11 9.5e-12
  442    38    11 1.4e-11 7.3e-12 6.2e-12 5.9e-12
  443    39    11 1.4e-11 4.9e-12 3.5e-12 3.0e-12
  444    40    11 5.8e-12 2.8e-12 2.6e-12 2.6e-12
  445    41    11 8.0e-12 2.6e-12 1.9e-12 1.7e-12
  446    42    11 8.1e-12 2.8e-12 2.1e-12 1.8e-12
  447    43    11 5.6e-12 2.7e-12 2.3e-12 2.1e-12
  448    44    11 1.8e-11 6.6e-12 5.1e-12 4.7e-12
  449    45    11 8.8e-11 2.8e-11 1.9e-11 1.6e-11
  450    46    11 8.1e-12 2.4e-12 1.8e-12 1.6e-12
  451    47    11 1.5e-11 4.0e-12 2.7e-12 2.2e-12
  452    13    12 1.8e-11 1.8e-11 1.8e-11 1.8e-11
  453    14    12 4.6e-12 5.6e-12 6.1e-12 6.4e-12
  454    15    12 1.6e-12 2.0e-12 2.2e-12 2.2e-12
  455    16    12 9.0e-12 8.2e-12 7.9e-12 7.7e-12
  456    17    12 9.0e-12 8.9e-12 9.3e-12 9.9e-12
  457    18    12 1.4e-11 1.2e-11 1.2e-11 1.1e-11
  458    19    12 2.2e-11 1.8e-11 1.7e-11 1.7e-11
  459    20    12 4.6e-12 4.1e-12 4.2e-12 4.3e-12
  460    21    12 2.7e-12 2.4e-12 2.4e-12 2.5e-12
  461    22    12 7.4e-12 6.0e-12 5.8e-12 5.8e-12
  462    23    12 1.4e-12 1.1e-12 1.0e-12 1.0e-12
  463    24    12 4.0e-12 3.4e-12 3.3e-12 3.4e-12
  464    25    12 7.8e-12 6.0e-12 5.8e-12 5.8e-12
  465    26    12 2.2e-11 1.5e-11 1.4e-11 1.4e-11
  466    27    12 1.3e-11 8.5e-12 7.6e-12 7.3e-12
  467    28    12 2.9e-11 1.7e-11 1.5e-11 1.4e-11
  468    29    12 6.2e-12 3.9e-12 3.6e-12 3.5e-12
  469    30    12 5.9e-12 3.5e-12 3.1e-12 2.9e-12
  470    31    12 3.0e-12 2.2e-12 2.1e-12 2.1e-12
  471    32    12 8.3e-12 4.3e-12 3.6e-12 3.3e-12
  472    33    12 6.4e-12 3.9e-12 3.4e-12 3.2e-12
  473    34    12 5.4e-12 2.9e-12 2.4e-12 2.2e-12
  474    35    12 2.1e-11 1.0e-11 8.3e-12 7.6e-12
  475    36    12 1.7e-11 7.2e-12 5.6e-12 5.1e-12
  476    37    12 2.2e-11 1.0e-11 8.4e-12 7.7e-12
  477    38    12 4.7e-12 2.6e-12 2.3e-12 2.3e-12
  478    39    12 4.3e-12 2.0e-12 1.7e-12 1.6e-12
  479    40    12 1.4e-11 5.1e-12 3.7e-12 3.2e-12
  480    41    12 8.5e-12 2.9e-12 2.2e-12 1.9e-12
  481    42    12 2.6e-12 9.8e-13 7.6e-13 7.0e-13
  482    43    12 8.2e-12 3.8e-12 3.3e-12 3.1e-12
  483    44    12 3.1e-11 1.0e-11 7.5e-12 6.6e-12
  484    45    12 7.5e-12 3.5e-12 3.1e-12 3.1e-12
  485    46    12 4.9e-12 1.5e-12 1.1e-12 9.5e-13
  486    47    12 3.8e-11 1.0e-11 6.8e-12 5.7e-12
  487    14    13 1.0e-11 1.1e-11 1.1e-11 1.2e-11
  488    15    13 2.0e-12 2.3e-12 2.5e-12 2.5e-12
  489    16    13 2.2e-12 2.8e-12 3.1e-12 3.4e-12
  490    17    13 1.8e-11 1.7e-11 1.7e-11 1.7e-11
  491    18    13 2.8e-12 3.1e-12 3.4e-12 3.5e-12
  492    19    13 5.7e-12 5.9e-12 6.1e-12 6.2e-12
  493    20    13 1.2e-11 9.8e-12 9.2e-12 8.8e-12
  494    21    13 4.6e-12 4.4e-12 4.4e-12 4.4e-12
  495    22    13 1.9e-11 1.5e-11 1.4e-11 1.3e-11
  496    23    13 2.6e-12 2.2e-12 2.1e-12 2.1e-12
  497    24    13 3.4e-12 2.9e-12 2.8e-12 2.9e-12
  498    25    13 1.6e-12 1.6e-12 1.8e-12 1.9e-12
  499    26    13 1.3e-11 8.1e-12 7.0e-12 6.5e-12
  500    27    13 3.2e-11 2.1e-11 2.0e-11 2.0e-11
  501    28    13 1.2e-11 9.0e-12 8.5e-12 8.2e-12
  502    29    13 1.1e-11 7.0e-12 6.2e-12 5.9e-12
  503    30    13 1.4e-11 8.0e-12 6.8e-12 6.5e-12
  504    31    13 3.6e-12 2.5e-12 2.4e-12 2.5e-12
  505    32    13 2.6e-12 1.5e-12 1.3e-12 1.3e-12
  506    33    13 9.3e-12 5.1e-12 4.5e-12 4.3e-12
  507    34    13 4.0e-12 2.3e-12 2.1e-12 2.0e-12
  508    35    13 4.9e-12 2.7e-12 2.4e-12 2.2e-12
  509    36    13 2.0e-11 1.0e-11 8.4e-12 7.6e-12
  510    37    13 6.3e-12 4.1e-12 3.9e-12 3.9e-12
  511    38    13 1.0e-11 4.6e-12 3.7e-12 3.4e-12
  512    39    13 4.2e-12 2.5e-12 2.3e-12 2.3e-12
  513    40    13 1.1e-11 4.1e-12 3.1e-12 2.7e-12
  514    41    13 1.6e-11 6.5e-12 5.1e-12 4.5e-12
  515    42    13 9.5e-12 3.3e-12 2.4e-12 2.1e-12
  516    43    13 5.5e-12 2.4e-12 2.0e-12 1.9e-12
  517    44    13 3.1e-11 9.9e-12 6.9e-12 5.9e-12
  518    45    13 2.7e-12 1.5e-12 1.4e-12 1.4e-12
  519    46    13 4.3e-12 1.5e-12 1.2e-12 1.0e-12
  520    47    13 6.7e-11 1.9e-11 1.3e-11 1.1e-11
  521    15    14 2.1e-12 2.5e-12 2.8e-12 3.1e-12
  522    16    14 5.4e-12 6.0e-12 6.5e-12 6.7e-12
  523    17    14 3.8e-12 4.1e-12 4.4e-12 4.5e-12
  524    18    14 1.0e-11 9.5e-12 9.4e-12 9.5e-12
  525    19    14 9.5e-12 8.9e-12 8.9e-12 9.0e-12
  526    20    14 2.2e-12 2.4e-12 2.6e-12 2.7e-12
  527    21    14 1.9e-11 1.6e-11 1.5e-11 1.5e-11
  528    22    14 1.8e-11 1.6e-11 1.6e-11 1.7e-11
  529    23    14 4.8e-12 4.0e-12 3.9e-12 3.9e-12
  530    24    14 3.5e-12 3.1e-12 3.3e-12 3.5e-12
  531    25    14 3.2e-12 3.1e-12 3.1e-12 3.2e-12
  532    26    14 7.2e-12 5.5e-12 5.3e-12 5.2e-12
  533    27    14 1.3e-11 8.9e-12 7.9e-12 7.6e-12
  534    28    14 4.3e-12 3.3e-12 3.2e-12 3.2e-12
  535    29    14 5.4e-11 3.0e-11 2.5e-11 2.3e-11
  536    30    14 2.0e-11 1.3e-11 1.1e-11 1.1e-11
  537    31    14 5.1e-12 2.9e-12 2.5e-12 2.5e-12
  538    32    14 7.0e-12 4.7e-12 4.4e-12 4.4e-12
  539    33    14 6.7e-12 3.9e-12 3.4e-12 3.2e-12
  540    34    14 3.9e-12 2.2e-12 2.0e-12 1.9e-12
  541    35    14 1.2e-11 6.1e-12 4.9e-12 4.5e-12
  542    36    14 5.5e-12 2.9e-12 2.5e-12 2.4e-12
  543    37    14 7.5e-12 4.3e-12 3.8e-12 3.6e-12
  544    38    14 8.3e-12 4.2e-12 3.5e-12 3.3e-12
  545    39    14 2.3e-11 1.1e-11 9.2e-12 8.4e-12
  546    40    14 2.2e-11 9.5e-12 7.5e-12 6.8e-12
  547    41    14 1.6e-11 6.6e-12 5.1e-12 4.6e-12
  548    42    14 6.2e-12 2.9e-12 2.4e-12 2.3e-12
  549    43    14 1.5e-11 5.0e-12 3.6e-12 3.2e-12
  550    44    14 1.3e-11 4.4e-12 3.3e-12 2.9e-12
  551    45    14 8.0e-12 3.8e-12 3.2e-12 2.9e-12
  552    46    14 1.1e-11 3.2e-12 2.3e-12 2.0e-12
  553    47    14 4.0e-11 1.2e-11 8.4e-12 7.0e-12
  554    16    15 9.1e-12 1.0e-11 1.1e-11 1.1e-11
  555    17    15 1.9e-12 2.7e-12 3.3e-12 3.6e-12
  556    18    15 1.6e-12 1.7e-12 1.8e-12 1.9e-12
  557    19    15 5.1e-12 5.5e-12 5.9e-12 6.1e-12
  558    20    15 3.7e-12 4.0e-12 4.3e-12 4.5e-12
  559    21    15 1.3e-11 1.3e-11 1.2e-11 1.2e-11
  560    22    15 2.7e-12 2.5e-12 2.6e-12 2.7e-12
  561    23    15 9.7e-12 8.5e-12 8.5e-12 8.6e-12
  562    24    15 2.3e-11 2.0e-11 2.0e-11 2.1e-11
  563    25    15 5.5e-12 4.3e-12 4.3e-12 4.2e-12
  564    26    15 1.6e-12 1.7e-12 1.7e-12 1.8e-12
  565    27    15 4.9e-12 3.8e-12 3.6e-12 3.5e-12
  566    28    15 4.6e-12 3.8e-12 3.8e-12 3.8e-12
  567    29    15 6.7e-12 4.8e-12 4.6e-12 4.6e-12
  568    30    15 3.4e-12 2.2e-12 2.1e-12 2.2e-12
  569    31    15 8.9e-11 4.9e-11 4.0e-11 3.7e-11
  570    32    15 9.8e-12 5.9e-12 5.1e-12 4.9e-12
  571    33    15 3.0e-12 2.7e-12 2.8e-12 3.0e-12
  572    34    15 1.9e-11 1.2e-11 1.1e-11 1.0e-11
  573    35    15 5.9e-12 3.2e-12 2.7e-12 2.6e-12
  574    36    15 6.9e-12 3.6e-12 3.0e-12 2.7e-12
  575    37    15 7.7e-12 3.4e-12 2.7e-12 2.5e-12
  576    38    15 5.1e-12 2.9e-12 2.7e-12 2.7e-12
  577    39    15 1.4e-11 7.8e-12 6.6e-12 6.2e-12
  578    40    15 4.9e-12 2.2e-12 1.9e-12 1.8e-12
  579    41    15 7.9e-12 3.4e-12 2.9e-12 2.8e-12
  580    42    15 1.4e-11 6.6e-12 5.5e-12 5.2e-12
  581    43    15 4.8e-11 1.7e-11 1.3e-11 1.1e-11
  582    44    15 2.5e-12 1.3e-12 1.1e-12 1.1e-12
  583    45    15 2.1e-11 6.3e-12 4.3e-12 3.6e-12
  584    46    15 1.7e-11 7.4e-12 6.0e-12 5.6e-12
  585    47    15 1.5e-11 5.6e-12 4.2e-12 3.6e-12
  586    17    16 8.4e-12 8.5e-12 8.6e-12 8.6e-12
  587    18    16 3.0e-12 3.4e-12 3.6e-12 3.8e-12
  588    19    16 2.3e-12 2.6e-12 2.8e-12 2.9e-12
  589    20    16 1.6e-11 1.6e-11 1.6e-11 1.6e-11
  590    21    16 1.4e-12 2.0e-12 2.4e-12 2.6e-12
  591    22    16 8.3e-12 7.6e-12 7.5e-12 7.5e-12
  592    23    16 1.8e-11 1.6e-11 1.6e-11 1.6e-11
  593    24    16 2.3e-11 1.9e-11 1.8e-11 1.8e-11
  594    25    16 2.3e-12 1.8e-12 1.7e-12 1.7e-12
  595    26    16 6.2e-12 4.8e-12 4.6e-12 4.5e-12
  596    27    16 4.2e-12 3.2e-12 3.0e-12 3.1e-12
  597    28    16 4.0e-12 2.9e-12 2.8e-12 2.6e-12
  598    29    16 4.3e-12 3.7e-12 3.8e-12 4.0e-12
  599    30    16 3.5e-12 2.4e-12 2.3e-12 2.3e-12
  600    31    16 7.3e-12 5.3e-12 4.9e-12 4.9e-12
  601    32    16 2.6e-11 1.7e-11 1.6e-11 1.6e-11
  602    33    16 1.5e-11 8.9e-12 7.5e-12 7.0e-12
  603    34    16 4.4e-11 2.2e-11 1.8e-11 1.6e-11
  604    35    16 7.5e-12 4.3e-12 3.8e-12 3.6e-12
  605    36    16 2.2e-11 1.1e-11 8.9e-12 8.1e-12
  606    37    16 7.1e-12 3.5e-12 2.9e-12 2.6e-12
  607    38    16 3.1e-12 1.6e-12 1.4e-12 1.3e-12
  608    39    16 3.2e-12 2.4e-12 2.4e-12 2.5e-12
  609    40    16 8.9e-12 4.4e-12 3.7e-12 3.4e-12
  610    41    16 6.2e-12 3.3e-12 2.8e-12 2.6e-12
  611    42    16 2.3e-11 9.5e-12 7.3e-12 6.5e-12
  612    43    16 2.9e-11 1.2e-11 9.4e-12 8.4e-12
  613    44    16 1.5e-11 5.5e-12 4.1e-12 3.6e-12
  614    45    16 5.1e-12 2.0e-12 1.6e-12 1.4e-12
  615    46    16 7.7e-12 3.9e-12 3.4e-12 3.2e-12
  616    47    16 1.2e-11 4.3e-12 3.2e-12 2.8e-12
  617    18    17 1.5e-11 1.5e-11 1.5e-11 1.5e-11
  618    19    17 8.5e-12 9.3e-12 9.9e-12 1.0e-11
  619    20    17 2.7e-12 3.2e-12 3.7e-12 4.0e-12
  620    21    17 1.3e-12 1.6e-12 1.9e-12 2.1e-12
  621    22    17 4.9e-12 5.4e-12 5.8e-12 6.0e-12
  622    23    17 1.4e-11 1.2e-11 1.1e-11 1.1e-11
  623    24    17 3.0e-12 3.1e-12 3.2e-12 3.2e-12
  624    25    17 2.5e-12 2.5e-12 2.7e-12 2.8e-12
  625    26    17 1.3e-11 1.2e-11 1.2e-11 1.2e-11
  626    27    17 9.1e-12 6.8e-12 6.4e-12 6.4e-12
  627    28    17 2.7e-11 2.0e-11 1.8e-11 1.8e-11
  628    29    17 3.8e-12 2.8e-12 2.7e-12 2.7e-12
  629    30    17 7.2e-12 5.4e-12 5.1e-12 4.9e-12
  630    31    17 1.7e-12 1.8e-12 2.0e-12 2.2e-12
  631    32    17 6.6e-12 3.9e-12 3.3e-12 3.0e-12
  632    33    17 2.7e-11 1.6e-11 1.5e-11 1.5e-11
  633    34    17 6.8e-12 4.5e-12 4.0e-12 3.8e-12
  634    35    17 2.2e-11 1.3e-11 1.1e-11 1.0e-11
  635    36    17 7.9e-12 4.4e-12 3.8e-12 3.6e-12
  636    37    17 1.3e-11 8.2e-12 7.4e-12 7.2e-12
  637    38    17 3.2e-11 1.5e-11 1.2e-11 1.1e-11
  638    39    17 1.9e-12 1.2e-12 1.1e-12 1.2e-12
  639    40    17 4.9e-12 2.4e-12 1.9e-12 1.7e-12
  640    41    17 8.2e-12 4.1e-12 3.5e-12 3.2e-12
  641    42    17 2.3e-11 9.6e-12 7.3e-12 6.3e-12
  642    43    17 5.2e-12 2.9e-12 2.5e-12 2.4e-12
  643    44    17 2.2e-11 9.4e-12 7.5e-12 6.8e-12
  644    45    17 2.8e-12 1.8e-12 1.8e-12 1.8e-12
  645    46    17 7.5e-12 3.0e-12 2.4e-12 2.1e-12
  646    47    17 2.6e-11 8.4e-12 5.9e-12 5.0e-12
  647    19    18 3.0e-12 4.1e-12 4.7e-12 5.1e-12
  648    20    18 9.8e-12 1.1e-11 1.1e-11 1.1e-11
  649    21    18 1.4e-12 1.8e-12 2.1e-12 2.4e-12
  650    22    18 1.7e-11 1.6e-11 1.5e-11 1.5e-11
  651    23    18 4.4e-12 4.5e-12 4.6e-12 4.7e-12
  652    24    18 2.3e-12 2.2e-12 2.3e-12 2.4e-12
  653    25    18 1.4e-12 1.9e-12 2.3e-12 2.5e-12
  654    26    18 1.8e-11 1.5e-11 1.4e-11 1.3e-11
  655    27    18 6.7e-12 6.0e-12 6.2e-12 6.6e-12
  656    28    18 6.0e-12 5.4e-12 5.5e-12 5.5e-12
  657    29    18 7.5e-12 6.0e-12 5.7e-12 5.6e-12
  658    30    18 3.6e-11 2.4e-11 2.1e-11 1.9e-11
  659    31    18 1.1e-12 9.0e-13 9.1e-13 9.5e-13
  660    32    18 3.3e-12 2.6e-12 2.5e-12 2.4e-12
  661    33    18 8.5e-12 5.2e-12 4.5e-12 4.2e-12
  662    34    18 6.0e-12 4.0e-12 3.7e-12 3.6e-12
  663    35    18 3.6e-11 2.2e-11 1.9e-11 1.9e-11
  664    36    18 7.7e-12 4.8e-12 4.5e-12 4.4e-12
  665    37    18 3.5e-12 3.0e-12 3.1e-12 3.2e-12
  666    38    18 8.6e-12 4.9e-12 4.2e-12 3.9e-12
  667    39    18 1.4e-12 1.2e-12 1.4e-12 1.5e-12
  668    40    18 1.9e-11 8.2e-12 6.3e-12 5.7e-12
  669    41    18 2.2e-11 1.1e-11 8.8e-12 7.9e-12
  670    42    18 4.2e-12 1.9e-12 1.6e-12 1.4e-12
  671    43    18 5.9e-12 3.0e-12 2.7e-12 2.6e-12
  672    44    18 4.2e-11 1.7e-11 1.3e-11 1.1e-11
  673    45    18 2.5e-12 1.8e-12 1.8e-12 1.9e-12
  674    46    18 7.6e-12 3.4e-12 2.8e-12 2.6e-12
  675    47    18 2.0e-11 7.8e-12 6.0e-12 5.4e-12
  676    20    19 3.0e-12 3.4e-12 3.6e-12 3.7e-12
  677    21    19 2.0e-12 2.2e-12 2.5e-12 2.7e-12
  678    22    19 5.1e-12 5.5e-12 5.7e-12 5.9e-12
  679    23    19 1.9e-12 1.8e-12 1.8e-12 1.9e-12
  680    24    19 1.0e-11 8.7e-12 8.3e-12 8.2e-12
  681    25    19 2.0e-11 1.7e-11 1.6e-11 1.6e-11
  682    26    19 1.0e-11 8.8e-12 8.6e-12 8.7e-12
  683    27    19 3.2e-12 3.0e-12 3.0e-12 3.1e-12
  684    28    19 2.1e-11 1.8e-11 1.8e-11 1.9e-11
  685    29    19 3.4e-12 2.7e-12 2.7e-12 2.8e-12
  686    30    19 6.2e-12 5.2e-12 5.2e-12 5.3e-12
  687    31    19 3.6e-12 3.2e-12 3.3e-12 3.3e-12
  688    32    19 4.8e-12 3.3e-12 3.0e-12 2.9e-12
  689    33    19 7.9e-12 5.0e-12 4.4e-12 4.3e-12
  690    34    19 5.3e-12 3.7e-12 3.4e-12 3.3e-12
  691    35    19 6.9e-12 5.0e-12 4.7e-12 4.6e-12
  692    36    19 9.0e-12 5.1e-12 4.4e-12 4.1e-12
  693    37    19 7.0e-11 3.6e-11 2.9e-11 2.7e-11
  694    38    19 2.4e-11 1.4e-11 1.2e-11 1.2e-11
  695    39    19 6.1e-12 2.9e-12 2.3e-12 2.1e-12
  696    40    19 7.0e-12 4.0e-12 3.5e-12 3.4e-12
  697    41    19 5.3e-12 2.3e-12 1.9e-12 1.8e-12
  698    42    19 5.6e-12 2.3e-12 1.8e-12 1.6e-12
  699    43    19 1.0e-11 5.2e-12 4.3e-12 4.0e-12
  700    44    19 2.0e-11 8.4e-12 6.6e-12 5.9e-12
  701    45    19 2.9e-11 1.3e-11 1.0e-11 9.1e-12
  702    46    19 9.2e-12 3.9e-12 3.1e-12 2.8e-12
  703    47    19 8.0e-12 3.2e-12 2.5e-12 2.3e-12
  704    21    20 7.7e-13 1.2e-12 1.5e-12 1.7e-12
  705    22    20 2.7e-12 3.3e-12 3.6e-12 3.8e-12
  706    23    20 2.7e-11 2.4e-11 2.4e-11 2.4e-11
  707    24    20 5.4e-12 5.7e-12 6.0e-12 6.2e-12
  708    25    20 1.8e-12 1.8e-12 1.8e-12 1.9e-12
  709    26    20 2.2e-12 2.2e-12 2.2e-12 2.2e-12
  710    27    20 1.7e-11 1.3e-11 1.2e-11 1.2e-11
  711    28    20 3.8e-12 3.2e-12 3.1e-12 3.1e-12
  712    29    20 2.1e-12 2.2e-12 2.5e-12 2.6e-12
  713    30    20 5.2e-12 4.9e-12 5.0e-12 5.1e-12
  714    31    20 1.2e-12 1.3e-12 1.5e-12 1.6e-12
  715    32    20 2.9e-11 1.9e-11 1.7e-11 1.6e-11
  716    33    20 2.0e-12 1.5e-12 1.5e-12 1.4e-12
  717    34    20 1.5e-11 1.1e-11 1.0e-11 9.7e-12
  718    35    20 7.4e-12 4.1e-12 3.5e-12 3.3e-12
  719    36    20 4.2e-11 2.5e-11 2.3e-11 2.2e-11
  720    37    20 3.9e-12 2.5e-12 2.2e-12 2.1e-12
  721    38    20 5.5e-12 3.0e-12 2.5e-12 2.3e-12
  722    39    20 1.8e-12 1.5e-12 1.7e-12 1.8e-12
  723    40    20 5.4e-12 3.0e-12 2.5e-12 2.3e-12
  724    41    20 4.7e-12 3.5e-12 3.4e-12 3.4e-12
  725    42    20 2.0e-11 8.3e-12 6.3e-12 5.5e-12
  726    43    20 5.4e-12 3.4e-12 3.3e-12 3.3e-12
  727    44    20 9.4e-12 3.7e-12 2.8e-12 2.5e-12
  728    45    20 2.7e-12 1.5e-12 1.4e-12 1.4e-12
  729    46    20 2.4e-11 1.1e-11 8.7e-12 7.8e-12
  730    47    20 2.9e-11 1.2e-11 9.8e-12 8.8e-12
  731    22    21 8.7e-12 9.5e-12 1.0e-11 1.0e-11
  732    23    21 1.2e-12 1.9e-12 2.4e-12 2.7e-12
  733    24    21 5.1e-12 5.5e-12 5.9e-12 6.2e-12
  734    25    21 1.5e-11 1.3e-11 1.3e-11 1.2e-11
  735    26    21 2.5e-12 2.3e-12 2.3e-12 2.3e-12
  736    27    21 3.3e-12 3.2e-12 3.2e-12 3.2e-12
  737    28    21 2.7e-12 2.2e-12 2.2e-12 2.3e-12
  738    29    21 2.5e-11 2.1e-11 2.0e-11 2.1e-11
  739    30    21 9.7e-12 7.7e-12 7.3e-12 7.2e-12
  740    31    21 6.7e-12 5.0e-12 4.8e-12 4.8e-12
  741    32    21 1.4e-12 1.7e-12 1.9e-12 2.1e-12
  742    33    21 2.9e-12 2.4e-12 2.5e-12 2.6e-12
  743    34    21 4.9e-12 3.7e-12 3.7e-12 3.8e-12
  744    35    21 1.7e-12 1.4e-12 1.5e-12 1.5e-12
  745    36    21 2.7e-12 2.2e-12 2.1e-12 2.2e-12
  746    37    21 7.7e-12 5.0e-12 4.6e-12 4.4e-12
  747    38    21 3.8e-12 2.1e-12 1.9e-12 1.8e-12
  748    39    21 1.1e-10 5.6e-11 4.5e-11 4.1e-11
  749    40    21 1.2e-11 6.8e-12 5.9e-12 5.6e-12
  750    41    21 2.2e-11 1.2e-11 1.1e-11 1.0e-11
  751    42    21 2.0e-12 1.7e-12 1.9e-12 2.0e-12
  752    43    21 9.9e-12 4.0e-12 3.1e-12 2.9e-12
  753    44    21 8.3e-12 3.4e-12 2.6e-12 2.2e-12
  754    45    21 1.8e-11 8.9e-12 7.1e-12 6.3e-12
  755    46    21 5.7e-12 2.8e-12 2.6e-12 2.6e-12
  756    47    21 1.0e-11 4.1e-12 3.1e-12 2.7e-12
  757    23    22 5.5e-12 5.8e-12 5.9e-12 6.1e-12
  758    24    22 1.6e-12 2.1e-12 2.5e-12 2.7e-12
  759    25    22 1.2e-12 1.7e-12 2.0e-12 2.3e-12
  760    26    22 4.4e-12 4.9e-12 5.2e-12 5.5e-12
  761    27    22 9.4e-12 8.5e-12 8.4e-12 8.5e-12
  762    28    22 9.5e-12 8.4e-12 8.3e-12 8.3e-12
  763    29    22 2.3e-11 1.8e-11 1.7e-11 1.6e-11
  764    30    22 2.0e-11 1.7e-11 1.7e-11 1.7e-11
  765    31    22 2.5e-12 1.9e-12 1.9e-12 1.9e-12
  766    32    22 7.1e-12 5.8e-12 5.6e-12 5.6e-12
  767    33    22 4.8e-12 3.6e-12 3.4e-12 3.3e-12
  768    34    22 4.3e-12 3.2e-12 3.2e-12 3.2e-12
  769    35    22 1.4e-11 8.9e-12 7.8e-12 7.4e-12
  770    36    22 3.5e-12 2.6e-12 2.5e-12 2.5e-12
  771    37    22 3.9e-12 3.0e-12 2.9e-12 2.9e-12
  772    38    22 3.9e-12 2.9e-12 2.9e-12 2.9e-12
  773    39    22 7.8e-12 5.3e-12 4.9e-12 4.7e-12
  774    40    22 2.5e-11 1.4e-11 1.2e-11 1.2e-11
  775    41    22 5.9e-11 2.8e-11 2.2e-11 2.0e-11
  776    42    22 8.1e-12 4.4e-12 3.8e-12 3.5e-12
  777    43    22 7.9e-12 3.7e-12 3.1e-12 2.9e-12
  778    44    22 1.5e-11 6.9e-12 5.6e-12 5.1e-12
  779    45    22 3.3e-12 2.2e-12 2.1e-12 2.1e-12
  780    46    22 3.4e-12 1.9e-12 1.8e-12 1.8e-12
  781    47    22 2.3e-11 9.5e-12 7.2e-12 6.4e-12
  782    24    23 7.9e-12 8.5e-12 8.9e-12 9.2e-12
  783    25    23 1.2e-12 1.4e-12 1.4e-12 1.5e-12
  784    26    23 7.1e-12 7.1e-12 7.1e-12 7.0e-12
  785    27    23 2.4e-12 2.9e-12 3.2e-12 3.4e-12
  786    28    23 2.6e-12 2.8e-12 2.9e-12 3.0e-12
  787    29    23 1.7e-12 1.9e-12 2.1e-12 2.2e-12
  788    30    23 9.3e-12 8.3e-12 8.2e-12 8.2e-12
  789    31    23 2.5e-12 2.6e-12 2.7e-12 2.9e-12
  790    32    23 1.6e-11 1.3e-11 1.3e-11 1.4e-11
  791    33    23 1.2e-11 9.2e-12 8.4e-12 8.1e-12
  792    34    23 2.8e-11 2.1e-11 1.9e-11 1.8e-11
  793    35    23 4.7e-12 3.8e-12 3.7e-12 3.7e-12
  794    36    23 1.6e-11 1.1e-11 1.0e-11 9.8e-12
  795    37    23 3.1e-12 2.1e-12 1.9e-12 1.9e-12
  796    38    23 5.7e-12 3.8e-12 3.4e-12 3.3e-12
  797    39    23 1.4e-12 1.4e-12 1.6e-12 1.8e-12
  798    40    23 1.4e-12 1.2e-12 1.2e-12 1.2e-12
  799    41    23 5.9e-12 4.3e-12 4.2e-12 4.3e-12
  800    42    23 3.3e-11 1.8e-11 1.5e-11 1.5e-11
  801    43    23 1.4e-11 7.8e-12 6.7e-12 6.3e-12
  802    44    23 1.2e-11 6.4e-12 5.4e-12 5.0e-12
  803    45    23 2.5e-12 1.3e-12 1.1e-12 1.1e-12
  804    46    23 4.8e-11 2.2e-11 1.7e-11 1.6e-11
  805    47    23 9.0e-12 4.3e-12 3.6e-12 3.4e-12
  806    25    24 2.1e-12 2.3e-12 2.5e-12 2.6e-12
  807    26    24 1.5e-12 2.0e-12 2.3e-12 2.5e-12
  808    27    24 1.9e-12 2.2e-12 2.5e-12 2.6e-12
  809    28    24 5.1e-12 5.2e-12 5.4e-12 5.6e-12
  810    29    24 1.1e-11 9.3e-12 9.0e-12 8.9e-12
  811    30    24 2.4e-12 2.3e-12 2.3e-12 2.5e-12
  812    31    24 2.0e-11 1.7e-11 1.6e-11 1.6e-11
  813    32    24 9.0e-12 7.9e-12 8.0e-12 8.2e-12
  814    33    24 2.8e-12 2.8e-12 2.9e-12 2.9e-12
  815    34    24 2.3e-11 1.9e-11 1.9e-11 1.9e-11
  816    35    24 2.9e-12 2.4e-12 2.3e-12 2.4e-12
  817    36    24 4.7e-12 3.6e-12 3.5e-12 3.4e-12
  818    37    24 4.0e-12 3.0e-12 2.9e-12 2.9e-12
  819    38    24 6.0e-12 4.4e-12 4.2e-12 4.1e-12
  820    39    24 4.0e-12 3.5e-12 3.5e-12 3.6e-12
  821    40    24 4.4e-12 2.7e-12 2.5e-12 2.5e-12
  822    41    24 6.5e-12 4.2e-12 3.9e-12 3.8e-12
  823    42    24 1.3e-11 7.2e-12 5.9e-12 5.4e-12
  824    43    24 8.7e-11 4.1e-11 3.2e-11 2.9e-11
  825    44    24 4.6e-12 2.8e-12 2.5e-12 2.4e-12
  826    45    24 7.8e-12 3.5e-12 2.7e-12 2.4e-12
  827    46    24 2.8e-11 1.5e-11 1.2e-11 1.2e-11
  828    47    24 7.4e-12 3.7e-12 3.1e-12 2.8e-12
  829    26    25 1.5e-12 2.2e-12 2.7e-12 3.1e-12
  830    27    25 5.3e-13 8.6e-13 1.1e-12 1.3e-12
  831    28    25 8.5e-12 9.2e-12 9.6e-12 1.0e-11
  832    29    25 5.1e-12 5.2e-12 5.5e-12 5.7e-12
  833    30    25 1.0e-12 1.5e-12 1.9e-12 2.1e-12
  834    31    25 1.6e-11 1.4e-11 1.3e-11 1.3e-11
  835    32    25 2.0e-12 1.8e-12 1.9e-12 1.9e-12
  836    33    25 8.9e-13 9.2e-13 1.0e-12 1.1e-12
  837    34    25 2.9e-12 2.2e-12 2.2e-12 2.2e-12
  838    35    25 1.6e-12 1.7e-12 2.0e-12 2.2e-12
  839    36    25 2.8e-12 2.3e-12 2.3e-12 2.3e-12
  840    37    25 2.7e-11 2.1e-11 2.1e-11 2.1e-11
  841    38    25 1.0e-11 7.7e-12 7.3e-12 7.2e-12
  842    39    25 7.9e-12 5.4e-12 4.9e-12 4.7e-12
  843    40    25 1.5e-12 1.5e-12 1.7e-12 1.9e-12
  844    41    25 5.2e-12 3.6e-12 3.4e-12 3.4e-12
  845    42    25 4.4e-12 2.6e-12 2.2e-12 2.1e-12
  846    43    25 9.2e-12 5.5e-12 4.9e-12 4.7e-12
  847    44    25 2.6e-12 1.8e-12 1.8e-12 1.8e-12
  848    45    25 1.4e-10 6.4e-11 5.0e-11 4.5e-11
  849    46    25 4.4e-12 2.2e-12 1.9e-12 1.8e-12
  850    47    25 1.7e-12 1.2e-12 1.2e-12 1.3e-12
  851    27    26 1.9e-11 1.9e-11 2.0e-11 2.0e-11
  852    28    26 1.1e-11 1.1e-11 1.1e-11 1.1e-11
  853    29    26 1.7e-12 2.0e-12 2.3e-12 2.5e-12
  854    30    26 5.0e-12 5.1e-12 5.3e-12 5.4e-12
  855    31    26 6.5e-13 8.6e-13 1.0e-12 1.1e-12
  856    32    26 9.2e-12 7.9e-12 7.6e-12 7.5e-12
  857    33    26 6.5e-12 6.4e-12 6.7e-12 7.0e-12
  858    34    26 3.0e-12 2.8e-12 2.8e-12 2.9e-12
  859    35    26 1.6e-11 1.2e-11 1.0e-11 1.0e-11
  860    36    26 6.3e-12 5.1e-12 5.1e-12 5.2e-12
  861    37    26 5.7e-12 4.8e-12 4.7e-12 4.7e-12
  862    38    26 3.0e-11 2.0e-11 1.8e-11 1.7e-11
  863    39    26 1.3e-12 9.8e-13 9.4e-13 9.5e-13
  864    40    26 7.6e-12 5.2e-12 4.8e-12 4.6e-12
  865    41    26 4.3e-12 3.0e-12 2.8e-12 2.8e-12
  866    42    26 3.8e-12 2.1e-12 1.7e-12 1.6e-12
  867    43    26 2.6e-12 2.2e-12 2.3e-12 2.4e-12
  868    44    26 4.3e-11 2.3e-11 2.0e-11 1.9e-11
  869    45    26 1.3e-12 1.1e-12 1.2e-12 1.4e-12
  870    46    26 6.8e-12 4.1e-12 3.5e-12 3.3e-12
  871    47    26 1.9e-11 1.0e-11 8.5e-12 8.0e-12
  872    28    27 2.9e-12 3.7e-12 4.2e-12 4.5e-12
  873    29    27 2.6e-12 3.0e-12 3.2e-12 3.4e-12
  874    30    27 9.8e-12 9.4e-12 9.5e-12 9.6e-12
  875    31    27 1.0e-12 1.3e-12 1.5e-12 1.7e-12
  876    32    27 2.4e-12 2.9e-12 3.2e-12 3.4e-12
  877    33    27 1.6e-11 1.4e-11 1.4e-11 1.4e-11
  878    34    27 2.0e-12 2.1e-12 2.3e-12 2.4e-12
  879    35    27 2.1e-12 2.1e-12 2.2e-12 2.2e-12
  880    36    27 2.2e-11 1.6e-11 1.5e-11 1.4e-11
  881    37    27 1.3e-12 1.5e-12 1.7e-12 1.9e-12
  882    38    27 9.2e-12 8.2e-12 8.1e-12 8.1e-12
  883    39    27 9.2e-13 9.4e-13 1.1e-12 1.1e-12
  884    40    27 1.9e-11 1.3e-11 1.1e-11 1.0e-11
  885    41    27 7.7e-12 5.6e-12 5.2e-12 5.0e-12
  886    42    27 3.5e-12 2.4e-12 2.2e-12 2.0e-12
  887    43    27 2.5e-12 1.9e-12 1.9e-12 1.9e-12
  888    44    27 2.1e-11 1.1e-11 8.7e-12 7.9e-12
  889    45    27 6.2e-13 5.9e-13 6.8e-13 7.7e-13
  890    46    27 3.7e-12 2.5e-12 2.4e-12 2.5e-12
  891    47    27 5.5e-11 2.9e-11 2.5e-11 2.4e-11
  892    29    28 1.6e-12 1.8e-12 2.0e-12 2.1e-12
  893    30    28 5.2e-12 5.5e-12 5.8e-12 6.0e-12
  894    31    28 1.1e-12 1.6e-12 1.9e-12 2.1e-12
  895    32    28 2.2e-12 2.2e-12 2.3e-12 2.4e-12
  896    33    28 8.7e-12 7.7e-12 7.6e-12 7.7e-12
  897    34    28 9.9e-12 8.1e-12 7.6e-12 7.4e-12
  898    35    28 4.5e-12 4.5e-12 4.6e-12 4.7e-12
  899    36    28 4.4e-12 3.6e-12 3.5e-12 3.5e-12
  900    37    28 2.4e-11 1.8e-11 1.7e-11 1.7e-11
  901    38    28 2.1e-11 1.7e-11 1.7e-11 1.8e-11
  902    39    28 2.7e-12 1.9e-12 1.7e-12 1.6e-12
  903    40    28 7.0e-12 5.2e-12 4.8e-12 4.7e-12
  904    41    28 4.2e-12 2.9e-12 2.8e-12 2.7e-12
  905    42    28 4.5e-12 2.8e-12 2.5e-12 2.5e-12
  906    43    28 4.7e-12 3.3e-12 3.1e-12 3.0e-12
  907    44    28 1.5e-11 8.7e-12 7.4e-12 7.0e-12
  908    45    28 8.1e-12 5.3e-12 4.8e-12 4.7e-12
  909    46    28 5.0e-12 3.2e-12 2.9e-12 2.9e-12
  910    47    28 4.7e-12 2.9e-12 2.7e-12 2.6e-12
  911    30    29 8.0e-12 9.0e-12 9.6e-12 1.0e-11
  912    31    29 2.1e-12 2.3e-12 2.5e-12 2.7e-12
  913    32    29 1.5e-12 2.1e-12 2.6e-12 2.9e-12
  914    33    29 1.4e-12 1.5e-12 1.6e-12 1.7e-12
  915    34    29 5.2e-12 5.3e-12 5.5e-12 5.6e-12
  916    35    29 2.0e-12 2.3e-12 2.5e-12 2.7e-12
  917    36    29 1.2e-12 1.4e-12 1.6e-12 1.7e-12
  918    37    29 1.2e-11 9.6e-12 9.0e-12 8.6e-12
  919    38    29 2.6e-12 2.2e-12 2.2e-12 2.3e-12
  920    39    29 2.1e-11 1.7e-11 1.6e-11 1.6e-11
  921    40    29 1.0e-11 7.7e-12 7.1e-12 7.0e-12
  922    41    29 2.6e-11 2.0e-11 2.0e-11 2.0e-11
  923    42    29 1.9e-12 1.8e-12 1.8e-12 1.8e-12
  924    43    29 4.6e-12 3.3e-12 3.2e-12 3.2e-12
  925    44    29 3.6e-12 2.6e-12 2.5e-12 2.5e-12
  926    45    29 4.3e-12 3.5e-12 3.4e-12 3.4e-12
  927    46    29 6.6e-12 4.6e-12 4.4e-12 4.3e-12
  928    47    29 4.9e-12 3.2e-12 2.8e-12 2.7e-12
  929    31    30 1.1e-12 1.3e-12 1.4e-12 1.5e-12
  930    32    30 6.0e-12 6.3e-12 6.4e-12 6.6e-12
  931    33    30 3.7e-12 4.1e-12 4.4e-12 4.6e-12
  932    34    30 1.8e-12 2.2e-12 2.6e-12 2.9e-12
  933    35    30 1.3e-11 1.1e-11 1.1e-11 1.1e-11
  934    36    30 2.9e-12 2.9e-12 3.0e-12 3.1e-12
  935    37    30 1.7e-12 1.9e-12 2.1e-12 2.3e-12
  936    38    30 9.6e-12 7.9e-12 7.5e-12 7.3e-12
  937    39    30 2.2e-12 2.2e-12 2.4e-12 2.5e-12
  938    40    30 1.9e-11 1.5e-11 1.5e-11 1.5e-11
  939    41    30 3.0e-11 2.0e-11 1.8e-11 1.7e-11
  940    42    30 7.5e-12 5.4e-12 5.0e-12 4.8e-12
  941    43    30 2.9e-12 2.0e-12 1.9e-12 1.9e-12
  942    44    30 8.1e-12 5.7e-12 5.3e-12 5.2e-12
  943    45    30 1.2e-12 1.2e-12 1.4e-12 1.5e-12
  944    46    30 4.7e-12 3.2e-12 3.0e-12 3.0e-12
  945    47    30 1.3e-11 7.7e-12 6.6e-12 6.2e-12
  946    32    31 1.0e-12 1.4e-12 1.7e-12 1.9e-12
  947    33    31 6.2e-13 1.1e-12 1.5e-12 1.8e-12
  948    34    31 8.3e-12 8.7e-12 9.1e-12 9.4e-12
  949    35    31 6.1e-13 7.0e-13 7.9e-13 8.6e-13
  950    36    31 5.0e-13 6.7e-13 8.5e-13 9.8e-13
  951    37    31 5.2e-12 5.2e-12 5.5e-12 5.7e-12
  952    38    31 1.0e-12 1.4e-12 1.8e-12 2.0e-12
  953    39    31 1.7e-11 1.5e-11 1.4e-11 1.4e-11
  954    40    31 2.4e-12 1.9e-12 1.9e-12 1.9e-12
  955    41    31 3.0e-12 2.3e-12 2.2e-12 2.3e-12
  956    42    31 1.5e-12 1.4e-12 1.5e-12 1.6e-12
  957    43    31 2.9e-11 2.2e-11 2.1e-11 2.1e-11
  958    44    31 1.0e-12 9.7e-13 1.0e-12 1.1e-12
  959    45    31 9.4e-12 6.0e-12 5.4e-12 5.2e-12
  960    46    31 1.1e-11 7.5e-12 6.9e-12 6.8e-12
  961    47    31 2.4e-12 1.9e-12 1.8e-12 1.9e-12
  962    33    32 1.4e-11 1.4e-11 1.4e-11 1.5e-11
  963    34    32 9.3e-12 9.8e-12 1.0e-11 1.1e-11
  964    35    32 4.0e-12 4.4e-12 4.7e-12 4.8e-12
  965    36    32 1.2e-11 1.1e-11 1.1e-11 1.1e-11
  966    37    32 1.2e-12 1.3e-12 1.4e-12 1.5e-12
  967    38    32 2.9e-12 2.9e-12 3.0e-12 3.1e-12
  968    39    32 5.2e-13 8.3e-13 1.1e-12 1.3e-12
  969    40    32 1.2e-11 9.2e-12 8.6e-12 8.3e-12
  970    41    32 2.6e-12 2.6e-12 2.8e-12 2.9e-12
  971    42    32 2.0e-11 1.6e-11 1.6e-11 1.6e-11
  972    43    32 4.4e-12 3.7e-12 3.7e-12 3.8e-12
  973    44    32 7.2e-12 4.8e-12 4.3e-12 4.1e-12
  974    45    32 9.1e-13 7.0e-13 7.0e-13 7.2e-13
  975    46    32 3.4e-11 2.2e-11 1.8e-11 1.7e-11
  976    47    32 4.0e-12 2.7e-12 2.5e-12 2.5e-12
  977    34    33 2.0e-12 2.7e-12 3.0e-12 3.1e-12
  978    35    33 1.0e-11 1.1e-11 1.1e-11 1.1e-11
  979    36    33 1.9e-12 2.4e-12 2.7e-12 3.0e-12
  980    37    33 1.4e-12 1.7e-12 2.0e-12 2.1e-12
  981    38    33 1.4e-11 1.3e-11 1.3e-11 1.3e-11
  982    39    33 3.5e-13 4.5e-13 5.6e-13 6.6e-13
  983    40    33 5.8e-12 5.6e-12 5.7e-12 5.8e-12
  984    41    33 2.3e-12 2.1e-12 2.2e-12 2.3e-12
  985    42    33 2.2e-11 1.6e-11 1.4e-11 1.4e-11
  986    43    33 1.1e-12 1.3e-12 1.4e-12 1.6e-12
  987    44    33 1.2e-11 9.0e-12 8.6e-12 8.7e-12
  988    45    33 2.3e-13 3.1e-13 4.1e-13 5.0e-13
  989    46    33 6.4e-12 5.0e-12 4.8e-12 4.7e-12
  990    47    33 9.2e-12 5.9e-12 5.4e-12 5.2e-12
  991    35    34 1.8e-12 2.2e-12 2.4e-12 2.5e-12
  992    36    34 3.3e-12 4.0e-12 4.4e-12 4.7e-12
  993    37    34 1.7e-12 1.8e-12 2.0e-12 2.2e-12
  994    38    34 5.2e-12 5.2e-12 5.3e-12 5.4e-12
  995    39    34 1.0e-12 1.5e-12 1.9e-12 2.1e-12
  996    40    34 1.8e-12 1.7e-12 1.9e-12 2.0e-12
  997    41    34 1.1e-11 8.7e-12 8.2e-12 8.0e-12
  998    42    34 1.1e-11 8.6e-12 8.0e-12 7.9e-12
  999    43    34 2.5e-11 1.8e-11 1.7e-11 1.6e-11
 1000    44    34 2.4e-12 2.2e-12 2.3e-12 2.4e-12
 1001    45    34 3.0e-12 2.1e-12 1.9e-12 1.8e-12
 1002    46    34 2.4e-11 1.8e-11 1.8e-11 1.9e-11
 1003    47    34 3.2e-12 2.4e-12 2.3e-12 2.3e-12
 1004    36    35 1.3e-11 1.4e-11 1.4e-11 1.5e-11
 1005    37    35 8.0e-13 1.3e-12 1.7e-12 1.9e-12
 1006    38    35 3.1e-12 3.6e-12 3.9e-12 4.1e-12
 1007    39    35 1.6e-13 2.8e-13 4.0e-13 5.0e-13
 1008    40    35 2.5e-11 2.2e-11 2.1e-11 2.0e-11
 1009    41    35 4.4e-12 4.3e-12 4.4e-12 4.5e-12
 1010    42    35 5.0e-12 4.7e-12 4.8e-12 4.8e-12
 1011    43    35 1.2e-12 1.1e-12 1.2e-12 1.2e-12
 1012    44    35 1.7e-11 1.2e-11 1.1e-11 1.0e-11
 1013    45    35 6.2e-13 7.5e-13 9.3e-13 1.1e-12
 1014    46    35 4.8e-12 3.7e-12 3.5e-12 3.5e-12
 1015    47    35 6.7e-12 5.4e-12 5.4e-12 5.5e-12
 1016    37    36 1.0e-12 1.4e-12 1.6e-12 1.7e-12
 1017    38    36 2.3e-12 2.6e-12 2.8e-12 3.0e-12
 1018    39    36 3.7e-13 6.1e-13 8.3e-13 1.0e-12
 1019    40    36 3.5e-12 4.3e-12 4.7e-12 5.0e-12
 1020    41    36 1.2e-12 1.5e-12 1.8e-12 2.0e-12
 1021    42    36 2.5e-11 2.1e-11 2.0e-11 2.0e-11
 1022    43    36 8.0e-13 9.7e-13 1.2e-12 1.3e-12
 1023    44    36 2.6e-12 2.4e-12 2.4e-12 2.3e-12
 1024    45    36 5.9e-13 6.5e-13 7.6e-13 8.6e-13
 1025    46    36 7.9e-12 7.0e-12 7.0e-12 7.0e-12
 1026    47    36 2.8e-11 2.0e-11 1.7e-11 1.6e-11
 1027    38    37 7.9e-12 8.6e-12 9.1e-12 9.5e-12
 1028    39    37 2.1e-12 2.2e-12 2.4e-12 2.5e-12
 1029    40    37 1.2e-12 1.5e-12 1.8e-12 1.9e-12
 1030    41    37 5.3e-12 5.2e-12 5.2e-12 5.3e-12
 1031    42    37 1.4e-12 1.2e-12 1.2e-12 1.2e-12
 1032    43    37 1.3e-11 1.0e-11 9.6e-12 9.2e-12
 1033    44    37 2.3e-12 2.3e-12 2.5e-12 2.7e-12
 1034    45    37 2.2e-11 1.8e-11 1.7e-11 1.6e-11
 1035    46    37 2.8e-12 2.2e-12 2.1e-12 2.2e-12
 1036    47    37 8.7e-13 9.2e-13 1.0e-12 1.1e-12
 1037    39    38 1.1e-12 1.2e-12 1.3e-12 1.3e-12
 1038    40    38 5.5e-12 5.7e-12 6.0e-12 6.2e-12
 1039    41    38 1.3e-12 1.5e-12 1.6e-12 1.8e-12
 1040    42    38 2.6e-12 2.7e-12 2.9e-12 3.0e-12
 1041    43    38 1.6e-12 1.8e-12 1.9e-12 2.0e-12
 1042    44    38 1.1e-11 9.2e-12 8.7e-12 8.6e-12
 1043    45    38 2.0e-12 2.0e-12 2.2e-12 2.3e-12
 1044    46    38 1.0e-11 8.1e-12 7.5e-12 7.2e-12
 1045    47    38 3.7e-12 3.4e-12 3.4e-12 3.5e-12
 1046    40    39 1.1e-12 1.4e-12 1.6e-12 1.8e-12
 1047    41    39 8.2e-12 8.5e-12 8.9e-12 9.2e-12
 1048    42    39 4.9e-13 8.1e-13 1.1e-12 1.3e-12
 1049    43    39 5.4e-12 5.3e-12 5.5e-12 5.7e-12
 1050    44    39 8.9e-13 8.3e-13 8.4e-13 8.5e-13
 1051    45    39 1.9e-11 1.6e-11 1.5e-11 1.4e-11
 1052    46    39 1.0e-12 1.4e-12 1.7e-12 1.9e-12
 1053    47    39 6.7e-13 7.1e-13 8.1e-13 9.1e-13
 1054    41    40 8.4e-12 8.8e-12 9.1e-12 9.4e-12
 1055    42    40 6.3e-12 6.6e-12 6.9e-12 7.0e-12
 1056    43    40 1.0e-12 1.1e-12 1.2e-12 1.3e-12
 1057    44    40 3.8e-12 4.1e-12 4.3e-12 4.5e-12
 1058    45    40 4.0e-13 6.6e-13 8.7e-13 1.0e-12
 1059    46    40 2.2e-12 2.4e-12 2.7e-12 2.9e-12
 1060    47    40 7.8e-12 6.8e-12 6.7e-12 6.8e-12
 1061    42    41 1.2e-12 1.7e-12 2.0e-12 2.2e-12
 1062    43    41 1.8e-12 1.9e-12 2.1e-12 2.3e-12
 1063    44    41 1.6e-12 1.9e-12 2.2e-12 2.4e-12
 1064    45    41 9.7e-13 1.4e-12 1.7e-12 1.9e-12
 1065    46    41 5.2e-12 5.1e-12 5.2e-12 5.4e-12
 1066    47    41 2.5e-12 2.7e-12 2.9e-12 3.0e-12
 1067    43    42 1.3e-12 1.7e-12 1.9e-12 2.1e-12
 1068    44    42 8.2e-12 8.4e-12 8.4e-12 8.4e-12
 1069    45    42 4.0e-13 4.6e-13 5.1e-13 5.6e-13
 1070    46    42 1.1e-11 1.1e-11 1.2e-11 1.2e-11
 1071    47    42 2.6e-12 3.2e-12 3.6e-12 3.8e-12
 1072    44    43 5.1e-13 8.9e-13 1.2e-12 1.4e-12
 1073    45    43 2.1e-12 2.3e-12 2.4e-12 2.6e-12
 1074    46    43 7.8e-12 8.3e-12 8.6e-12 8.9e-12
 1075    47    43 8.8e-13 1.2e-12 1.4e-12 1.6e-12
 1076    45    44 1.0e-13 2.0e-13 3.1e-13 4.1e-13
 1077    46    44 1.2e-12 1.6e-12 1.8e-12 2.0e-12
 1078    47    44 2.0e-11 2.0e-11 2.1e-11 2.1e-11
 1079    46    45 1.3e-12 1.5e-12 1.6e-12 1.6e-12
 1080    47    45 1.7e-13 3.1e-13 4.6e-13 5.8e-13
 1081    47    46 1.3e-12 1.7e-12 2.0e-12 2.2e-12
! Notes
! E-levels from JPL database, and A-coeff re-scaled to mu=3.27 D
! Freq's are of spectroscopic accuracy
! COMMENTS:
! c038002.cat                                                             
! Q(300)=  13229.4775
! NOTE: new number of lines =  156
! Degrees of freedom in partition fn.=  3
! MOLTAG =   38007
! Quantum number code: 1404
! NOTE: A-values from database have been scaled by 9.089E-01 to 
! account for revised dipole moment-squared
