!MOLECULE
 O2 from the 2010 update of the combined JPL+CDMS databases             
!MOLECULAR WEIGHT
 32.
! NUMBER OF ENERGY LEVELS
 48
!LEVEL + ENERGIES(cm^-1) + WEIGHT + (N,J) 
    1     0.000000000   1.0   01_00
    2     2.084300000   5.0   01_02
    3     3.961090803   3.0   01_01
    4    16.252900000   5.0   03_02
    5    16.387600000   9.0   03_04
    6    18.337168224   7.0   03_03
    7    42.200100000   9.0   05_04
    8    42.224000000  13.0   05_06
    9    44.211741233  11.0   05_05
   10    79.564600000  17.0   07_08
   11    79.607000000  13.0   07_06
   12    81.580505418  15.0   07_07
   13   128.397700000  21.0   09_10
   14   128.492000000  17.0   09_08
   15   130.437475093  19.0   09_09
   16   188.713400000  25.0   11_12
   17   188.853100000  21.0   11_10
   18   190.774845710  23.0   11_11
   19   260.500900000  29.0   13_14
   20   260.682400000  25.0   13_12
   21   262.582655009  27.0   13_13
   22   343.748100000  33.0   15_16
   23   343.969400000  29.0   15_14
   24   345.849480552  31.0   15_15
   25   438.441400000  37.0   17_18
   26   438.701000000  33.0   17_16
   27   440.561747711  35.0   17_17
   28   544.565100000  41.0   19_20
   29   544.862200000  37.0   19_18
   30   546.704187166  39.0   19_19
   31   662.102100000  45.0   21_22
   32   662.435900000  41.0   21_20
   33   664.259534402  43.0   21_21
   34   791.033200000  49.0   23_24
   35   791.403300000  45.0   23_22
   36   793.208883448  47.0   23_23
   37   931.337500000  53.0   25_26
   38   931.743400000  49.0   25_24
   39   933.531162686  51.0   25_25
   40  1082.992200000  57.0   27_28
   41  1083.433600000  53.0   27_26
   42  1085.203722366  55.0   27_27
   43  1245.972600000  61.0   29_30
   44  1246.449400000  57.0   29_28
   45  1248.202026415  59.0   29_29
   46  1420.252300000  65.0   31_32
   47  1420.764200000  61.0   31_30
   48  1422.499447889  63.0   31_31
! NUMBER OF RADIATIVE TRANSITIONS
 77
!TRANS + U + L + A(s^-1) + FREQ(GHz) + E_u/k(K) [Quote Drouin et al. 2010]
     1    48    47  1.628E-09          52.02142300  2046.66          1.73525  1.0
     2    45    44  1.512E-09          52.54241810  1795.88          1.75263  1.0
     3    42    41  1.407E-09          53.06693350  1561.36          1.77012  1.0
     4    39    38  1.312E-09          53.59577700  1343.14          1.78776  1.0
     5    36    35  1.227E-09          54.13003000  1141.25          1.80558  1.0
     6    33    32  1.151E-09          54.67118400   955.72          1.82363  1.0
     7    30    29  1.085E-09          55.22138600   786.58          1.84199  1.0
     8    27    26  1.028E-09          55.78381300   633.87          1.86075  1.0
     9     3     2  5.874E-10          56.26477280     5.70          1.87679  1.0
    10    24    23  9.808E-10          56.36339700   497.60          1.88008  1.0
    11    21    20  9.425E-10          56.96821200   377.80          1.90026  1.0
    12    18    17  9.139E-10          57.61248700   274.48          1.92175  1.0
    13    15    14  8.956E-10          58.32387600   187.67          1.94548  1.0
    14     6     5  7.830E-10          58.44658500    26.38          1.94957  1.0
    15    12    11  8.890E-10          59.16420400   117.38          1.97351  1.0
    16     9     8  8.717E-10          59.59098300    63.61          1.98774  1.0
    17     9     7  8.979E-10          60.30605300    63.61          2.01159  1.0
    18    12    10  9.497E-10          60.43477700   117.38          2.01589  1.0
    19    15    13  1.033E-09          61.15056300   187.67          2.03976  1.0
    20    18    16  1.129E-09          61.80015700   274.48          2.06143  1.0
    21    21    19  1.240E-09          62.41122100   377.80          2.08181  1.0
    22     6     4  9.325E-10          62.48625570    26.38          2.08432  1.0
    23    24    22  1.370E-09          62.99798400   497.60          2.10139  1.0
    24    27    25  1.522E-09          63.56852400   633.87          2.12042  1.0
    25    30    28  1.699E-09          64.12777700   786.58          2.13907  1.0
    26    33    31  1.906E-09          64.67891200   955.72          2.15746  1.0
    27    36    34  2.146E-09          65.22407700  1141.25          2.17564  1.0
    28    39    37  2.424E-09          65.76477400  1343.14          2.19368  1.0
    29    42    40  2.744E-09          66.30209800  1561.36          2.21160  1.0
    30    45    43  3.113E-09          66.83683380  1795.88          2.22944  1.0
    31    48    46  3.537E-09          67.36960050  2046.66          2.24721  1.0
    32     3     1  4.504E-09         118.75034100     5.70          3.96109  1.0
    33     4     3  1.939E-09         368.49824500    23.38         12.29178  1.0
    34     4     2  2.441E-08         424.76303000    23.38         14.16857  1.0
    35     6     2  8.657E-09         487.24926400    26.38         16.25289  1.0
    36     7     6  6.599E-09         715.39298000    60.72         23.86294  1.0
    37     7     5  4.534E-08         773.83951200    60.72         25.81251  1.0
    38     9     5  1.404E-08         834.14556000    63.61         27.82410  1.0
    39    11     9  1.174E-08        1061.12383000   114.54         35.39528  1.0
    40    11     8  6.769E-08        1120.71482100   114.54         37.38302  1.0
    41    12     8  1.987E-08        1179.87901900   117.38         39.35653  1.0
    42    14    12  1.738E-08        1406.37212560   184.87         46.91152  1.0
    43    14    10  9.225E-08        1466.80713300   184.87         48.92742  1.0
    44    15    10  2.635E-08        1525.13064800   187.67         50.87288  1.0
    45    17    15  2.367E-08        1751.25461600   271.72         58.41557  1.0
    46    17    13  1.199E-07        1812.40525800   271.72         60.45533  1.0
    47    18    13  3.369E-08        1870.01770900   274.48         62.37708  1.0
    48    20    18  3.081E-08        2095.77757570   375.06         69.90762  1.0
    49    20    16  1.514E-07        2157.57777300   375.06         71.96905  1.0
    50    21    16  4.212E-08        2214.54594550   377.80         73.86930  1.0
    51    23    21  3.901E-08        2439.91281060   494.89         81.38673  1.0
    52    23    19  1.878E-07        2502.32402100   494.89         83.46854  1.0
    53    24    19  5.190E-08        2558.68742990   497.60         85.34863  1.0
    54    26    24  4.853E-08        2783.61892910   631.19         92.85153  1.0
    55    26    22  2.301E-07        2846.61691290   631.19         94.95292  1.0
    56    27    22  6.331E-08        2902.40072790   633.87         96.81367  1.0
    57    29    27  5.963E-08        3126.84834750   783.93        104.30043  1.0
    58    29    25  2.797E-07        3190.41687330   783.93        106.42085  1.0
    59    30    25  7.668E-08        3245.63825740   786.58        108.26284  1.0
    60    32    30  7.265E-08        3469.55035060   953.10        115.73174  1.0
    61    32    28  3.378E-07        3533.67812540   953.10        117.87081  1.0
    62    33    28  9.237E-08        3588.34930510   955.72        119.69445  1.0
    63    35    33  8.792E-08        3811.67249530  1138.65        127.14371  1.0
    64    35    31  4.059E-07        3876.35140570  1138.65        129.30116  1.0
    65    36    31  1.108E-07        3930.48143010  1141.25        131.10675  1.0
    66    38    36  1.059E-07        4153.16132720  1340.57        138.53455  1.0
    67    38    34  4.859E-07        4218.38540500  1340.57        140.71019  1.0
    68    39    34  1.323E-07        4271.98118020  1343.14        142.49795  1.0
    69    41    39  1.269E-07        4493.96277340  1558.82        149.90246  1.0
    70    41    37  5.795E-07        4559.72755180  1558.82        152.09614  1.0
    71    42    37  1.576E-07        4612.79448530  1561.36        153.86626  1.0
    72    44    42  1.515E-07        4834.02237090  1793.36        161.24563  1.0
    73    44    40  6.891E-07        4900.32446700  1793.36        163.45723  1.0
    74    45    40  1.871E-07        4952.86688510  1795.88        165.20986  1.0
    75    47    45  1.803E-07        5173.28540620  2044.16        172.56223  1.0
    76    47    43  8.168E-07        5240.12224000  2044.16        174.79166  1.0
    77    48    43  2.214E-07        5292.14366900  2046.66        176.52691  1.0
! NUMBER OF COLLISION PARTNERS
 1
! Partner 1, collisions between:
1  'He-O2 rates of Lique 2010, J. Chem. Phys., 132, 044311, scaled by 1.37'
! Number of collisional transitions
 630
! Number of collisional temperatures
 13
! TEMPERATURES
    5.0   10.0   15.0   20.0   30.0   50.0   75.0  100.0  150.0  200.0  250.0  300.0  350.0
! TRANS Upper  Lower  Rates [cm3 s-1]
   1    2    1 7.55e-12 9.02e-12 9.54e-12 9.99e-12 1.10e-11 1.30e-11 1.48e-11 1.62e-11 1.77e-11 1.87e-11 1.94e-11 1.99e-11 2.03e-11 
   2    3    2 2.78e-11 3.09e-11 3.11e-11 3.16e-11 3.35e-11 3.85e-11 4.36e-11 4.73e-11 5.17e-11 5.44e-11 5.63e-11 5.79e-11 5.91e-11 
   3    3    1 2.02e-12 2.03e-12 1.64e-12 1.32e-12 9.02e-13 5.15e-13 3.16e-13 2.20e-13 1.31e-13 9.18e-14 7.05e-14 5.76e-14 4.92e-14 
   4    5    2 3.34e-11 3.52e-11 3.68e-11 3.83e-11 4.12e-11 4.63e-11 5.11e-11 5.46e-11 5.88e-11 6.14e-11 6.34e-11 6.50e-11 6.62e-11 
   5    5    3 4.78e-12 4.34e-12 4.16e-12 4.10e-12 4.16e-12 4.70e-12 5.62e-12 6.54e-12 8.11e-12 9.26e-12 1.01e-11 1.08e-11 1.14e-11 
   6    5    1 2.63e-12 2.50e-12 2.45e-12 2.43e-12 2.52e-12 2.89e-12 3.48e-12 4.05e-12 5.03e-12 5.74e-12 6.28e-12 6.69e-12 7.02e-12 
   7    5    4 1.51e-12 1.79e-12 1.94e-12 2.08e-12 2.36e-12 3.09e-12 4.19e-12 5.36e-12 7.63e-12 9.57e-12 1.12e-11 1.25e-11 1.36e-11 
   8    6    2 1.40e-11 1.48e-11 1.53e-11 1.58e-11 1.68e-11 1.90e-11 2.13e-11 2.32e-11 2.61e-11 2.80e-11 2.95e-11 3.06e-11 3.16e-11 
   9    6    3 2.21e-11 2.41e-11 2.53e-11 2.65e-11 2.86e-11 3.23e-11 3.59e-11 3.85e-11 4.21e-11 4.43e-11 4.59e-11 4.71e-11 4.84e-11 
  10    6    1 9.15e-14 9.00e-14 9.19e-14 8.74e-14 7.27e-14 4.92e-14 3.30e-14 2.39e-14 1.48e-14 1.04e-14 7.93e-15 6.38e-15 5.35e-15 
  11    6    5 6.79e-12 8.47e-12 9.54e-12 1.03e-11 1.16e-11 1.39e-11 1.66e-11 1.91e-11 2.31e-11 2.61e-11 2.84e-11 3.04e-11 3.20e-11 
  12    6    4 6.64e-12 8.47e-12 9.63e-12 1.04e-11 1.17e-11 1.39e-11 1.62e-11 1.81e-11 2.10e-11 2.30e-11 2.43e-11 2.54e-11 2.64e-11 
  13    4    2 1.32e-11 1.22e-11 1.19e-11 1.18e-11 1.21e-11 1.37e-11 1.61e-11 1.84e-11 2.21e-11 2.50e-11 2.71e-11 2.86e-11 3.00e-11 
  14    4    3 1.58e-11 1.68e-11 1.77e-11 1.86e-11 1.99e-11 2.25e-11 2.49e-11 2.64e-11 2.82e-11 2.93e-11 3.01e-11 3.06e-11 3.12e-11 
  15    4    1 1.26e-11 1.39e-11 1.46e-11 1.53e-11 1.65e-11 1.84e-11 2.01e-11 2.12e-11 2.24e-11 2.32e-11 2.38e-11 2.42e-11 2.46e-11 
  16    8    2 7.85e-12 8.01e-12 8.12e-12 8.30e-12 8.84e-12 1.03e-11 1.23e-11 1.43e-11 1.75e-11 1.98e-11 2.16e-11 2.30e-11 2.41e-11 
  17    8    3 7.68e-13 7.79e-13 8.08e-13 8.51e-13 9.62e-13 1.25e-12 1.66e-12 2.12e-12 2.97e-12 3.71e-12 4.32e-12 4.82e-12 5.24e-12 
  18    8    1 4.69e-13 4.89e-13 5.13e-13 5.43e-13 6.14e-13 7.97e-13 1.06e-12 1.35e-12 1.90e-12 2.36e-12 2.73e-12 3.05e-12 3.31e-12 
  19    8    5 5.28e-11 5.42e-11 5.51e-11 5.63e-11 5.91e-11 6.43e-11 6.97e-11 7.35e-11 7.89e-11 8.25e-11 8.52e-11 8.74e-11 8.93e-11 
  20    8    6 2.57e-12 2.39e-12 2.36e-12 2.42e-12 2.60e-12 3.17e-12 4.05e-12 4.99e-12 6.75e-12 8.27e-12 9.55e-12 1.06e-11 1.15e-11 
  21    8    4 4.47e-13 4.47e-13 4.67e-13 4.98e-13 5.83e-13 8.23e-13 1.23e-12 1.70e-12 2.79e-12 3.89e-12 4.91e-12 5.83e-12 6.64e-12 
  22    8    7 1.79e-13 2.24e-13 2.58e-13 2.90e-13 3.59e-13 5.26e-13 8.11e-13 1.17e-12 2.08e-12 3.11e-12 4.18e-12 5.24e-12 6.24e-12 
  23    9    2 3.38e-12 3.52e-12 3.61e-12 3.72e-12 4.04e-12 4.82e-12 5.95e-12 7.05e-12 8.96e-12 1.05e-11 1.16e-11 1.26e-11 1.34e-11 
  24    9    3 4.96e-12 5.13e-12 5.22e-12 5.36e-12 5.76e-12 6.79e-12 8.25e-12 9.65e-12 1.20e-11 1.39e-11 1.53e-11 1.64e-11 1.72e-11 
  25    9    1 7.83e-15 5.99e-15 5.84e-15 5.85e-15 5.47e-15 4.27e-15 3.13e-15 2.42e-15 1.62e-15 1.22e-15 9.88e-16 8.45e-16 7.53e-16 
  26    9    5 7.30e-12 7.59e-12 7.79e-12 8.03e-12 8.55e-12 9.72e-12 1.12e-11 1.26e-11 1.51e-11 1.72e-11 1.88e-11 2.03e-11 2.14e-11 
  27    9    6 4.44e-11 4.59e-11 4.69e-11 4.80e-11 5.03e-11 5.46e-11 5.88e-11 6.18e-11 6.60e-11 6.89e-11 7.12e-11 7.31e-11 7.49e-11 
  28    9    4 2.69e-12 2.76e-12 2.83e-12 2.93e-12 3.17e-12 3.83e-12 4.77e-12 5.70e-12 7.35e-12 8.67e-12 9.70e-12 1.05e-11 1.12e-11 
  29    9    8 2.97e-12 3.59e-12 4.08e-12 4.49e-12 5.22e-12 6.50e-12 8.03e-12 9.47e-12 1.21e-11 1.43e-11 1.62e-11 1.80e-11 1.95e-11 
  30    9    7 3.23e-12 3.88e-12 4.41e-12 4.88e-12 5.66e-12 7.04e-12 8.60e-12 1.00e-11 1.25e-11 1.46e-11 1.62e-11 1.77e-11 1.88e-11 
  31    7    2 2.57e-12 2.63e-12 2.71e-12 2.82e-12 3.12e-12 3.90e-12 5.03e-12 6.21e-12 8.41e-12 1.03e-11 1.18e-11 1.30e-11 1.40e-11 
  32    7    3 3.90e-12 3.94e-12 3.99e-12 4.05e-12 4.29e-12 4.95e-12 5.88e-12 6.76e-12 8.18e-12 9.18e-12 9.92e-12 1.05e-11 1.10e-11 
  33    7    1 2.78e-12 2.86e-12 2.90e-12 2.95e-12 3.15e-12 3.64e-12 4.33e-12 4.98e-12 5.99e-12 6.72e-12 7.26e-12 7.67e-12 8.00e-12 
  34    7    5 1.69e-12 1.58e-12 1.58e-12 1.64e-12 1.80e-12 2.32e-12 3.16e-12 4.14e-12 6.23e-12 8.29e-12 1.02e-11 1.19e-11 1.33e-11 
  35    7    6 1.06e-11 1.04e-11 1.04e-11 1.06e-11 1.12e-11 1.25e-11 1.43e-11 1.58e-11 1.83e-11 2.02e-11 2.17e-11 2.30e-11 2.39e-11 
  36    7    4 4.36e-11 4.49e-11 4.59e-11 4.70e-11 4.92e-11 5.35e-11 5.74e-11 6.02e-11 6.38e-11 6.60e-11 6.76e-11 6.90e-11 7.02e-11 
  37   10    2 1.86e-12 1.92e-12 1.99e-12 2.09e-12 2.34e-12 2.97e-12 3.88e-12 4.82e-12 6.65e-12 8.23e-12 9.54e-12 1.06e-11 1.15e-11 
  38   10    3 1.50e-13 1.55e-13 1.64e-13 1.75e-13 2.05e-13 2.91e-13 4.37e-13 6.14e-13 1.02e-12 1.44e-12 1.83e-12 2.19e-12 2.50e-12 
  39   10    1 9.51e-14 1.00e-13 1.06e-13 1.14e-13 1.34e-13 1.90e-13 2.83e-13 3.97e-13 6.58e-13 9.26e-13 1.18e-12 1.40e-12 1.61e-12 
  40   10    5 1.02e-11 1.06e-11 1.10e-11 1.14e-11 1.25e-11 1.48e-11 1.80e-11 2.08e-11 2.54e-11 2.89e-11 3.16e-11 3.37e-11 3.55e-11 
  41   10    6 5.57e-13 5.62e-13 5.84e-13 6.18e-13 7.08e-13 9.44e-13 1.31e-12 1.73e-12 2.64e-12 3.52e-12 4.36e-12 5.10e-12 5.76e-12 
  42   10    4 9.30e-14 9.80e-14 1.05e-13 1.14e-13 1.39e-13 2.09e-13 3.37e-13 5.09e-13 9.59e-13 1.50e-12 2.08e-12 2.64e-12 3.17e-12 
  43   10    8 6.25e-11 6.47e-11 6.56e-11 6.67e-11 6.94e-11 7.46e-11 8.01e-11 8.42e-11 8.99e-11 9.40e-11 9.72e-11 9.98e-11 1.02e-10 
  44   10    9 1.48e-12 1.39e-12 1.39e-12 1.43e-12 1.58e-12 1.98e-12 2.57e-12 3.20e-12 4.47e-12 5.68e-12 6.78e-12 7.77e-12 8.67e-12 
  45   10    7 8.63e-14 8.60e-14 9.08e-14 9.84e-14 1.18e-13 1.76e-13 2.79e-13 4.18e-13 7.99e-13 1.29e-12 1.86e-12 2.47e-12 3.08e-12 
  46   12    2 8.23e-13 8.62e-13 8.99e-13 9.48e-13 1.07e-12 1.39e-12 1.86e-12 2.38e-12 3.42e-12 4.37e-12 5.21e-12 5.92e-12 6.53e-12 
  47   12    3 1.12e-12 1.17e-12 1.22e-12 1.29e-12 1.44e-12 1.86e-12 2.46e-12 3.11e-12 4.40e-12 5.54e-12 6.53e-12 7.35e-12 8.05e-12 
  48   12    1 1.02e-15 7.45e-16 6.60e-16 6.38e-16 6.17e-16 5.37e-16 4.40e-16 3.70e-16 2.89e-16 2.50e-16 2.32e-16 2.24e-16 2.24e-16 
  49   12    5 1.88e-12 1.99e-12 2.08e-12 2.19e-12 2.43e-12 3.01e-12 3.82e-12 4.65e-12 6.23e-12 7.64e-12 8.88e-12 9.95e-12 1.09e-11 
  50   12    6 8.11e-12 8.52e-12 8.82e-12 9.17e-12 9.99e-12 1.18e-11 1.42e-11 1.64e-11 1.99e-11 2.27e-11 2.47e-11 2.65e-11 2.80e-11 
  51   12    4 6.29e-13 6.61e-13 6.94e-13 7.37e-13 8.42e-13 1.11e-12 1.50e-12 1.94e-12 2.82e-12 3.64e-12 4.36e-12 4.98e-12 5.50e-12 
  52   12    8 4.07e-12 4.29e-12 4.41e-12 4.56e-12 4.89e-12 5.61e-12 6.54e-12 7.44e-12 9.11e-12 1.06e-11 1.20e-11 1.32e-11 1.43e-11 
  53   12    9 5.76e-11 5.98e-11 6.06e-11 6.17e-11 6.40e-11 6.86e-11 7.31e-11 7.64e-11 8.07e-11 8.37e-11 8.60e-11 8.81e-11 8.99e-11 
  54   12    7 1.48e-12 1.57e-12 1.64e-12 1.73e-12 1.94e-12 2.43e-12 3.15e-12 3.88e-12 5.32e-12 6.62e-12 7.77e-12 8.77e-12 9.65e-12 
  55   12   10 1.75e-12 2.08e-12 2.32e-12 2.56e-12 3.00e-12 3.75e-12 4.65e-12 5.51e-12 7.12e-12 8.60e-12 9.98e-12 1.12e-11 1.24e-11 
  56   12   11 1.86e-12 2.20e-12 2.47e-12 2.73e-12 3.20e-12 4.03e-12 4.98e-12 5.88e-12 7.55e-12 9.06e-12 1.04e-11 1.16e-11 1.27e-11 
  57   11    2 5.77e-13 5.99e-13 6.27e-13 6.65e-13 7.64e-13 1.03e-12 1.46e-12 1.97e-12 3.06e-12 4.15e-12 5.15e-12 6.03e-12 6.80e-12 
  58   11    3 9.07e-13 9.39e-13 9.73e-13 1.02e-12 1.14e-12 1.43e-12 1.86e-12 2.30e-12 3.12e-12 3.82e-12 4.38e-12 4.85e-12 5.22e-12 
  59   11    1 6.45e-13 6.69e-13 6.95e-13 7.30e-13 8.14e-13 1.02e-12 1.33e-12 1.64e-12 2.23e-12 2.72e-12 3.12e-12 3.44e-12 3.71e-12 
  60   11    5 4.44e-13 4.59e-13 4.80e-13 5.09e-13 5.83e-13 7.86e-13 1.12e-12 1.54e-12 2.52e-12 3.61e-12 4.73e-12 5.81e-12 6.82e-12 
  61   11    6 2.45e-12 2.53e-12 2.60e-12 2.71e-12 3.00e-12 3.66e-12 4.58e-12 5.51e-12 7.20e-12 8.62e-12 9.79e-12 1.08e-11 1.16e-11 
  62   11    4 7.93e-12 8.31e-12 8.60e-12 8.95e-12 9.74e-12 1.16e-11 1.39e-11 1.59e-11 1.92e-11 2.17e-11 2.35e-11 2.49e-11 2.60e-11 
  63   11    8 3.53e-13 3.27e-13 3.27e-13 3.39e-13 3.79e-13 4.95e-13 6.91e-13 9.40e-13 1.58e-12 2.36e-12 3.23e-12 4.15e-12 5.07e-12 
  64   11    9 5.85e-12 5.76e-12 5.76e-12 5.85e-12 6.18e-12 7.00e-12 8.08e-12 9.14e-12 1.11e-11 1.28e-11 1.42e-11 1.55e-11 1.66e-11 
  65   11    7 5.80e-11 6.02e-11 6.10e-11 6.21e-11 6.45e-11 6.94e-11 7.42e-11 7.78e-11 8.26e-11 8.58e-11 8.82e-11 9.04e-11 9.22e-11 
  66   11   10 6.05e-14 7.52e-14 8.66e-14 9.85e-14 1.23e-13 1.80e-13 2.73e-13 3.99e-13 7.38e-13 1.19e-12 1.75e-12 2.38e-12 3.06e-12 
  67   13    2 3.78e-13 3.99e-13 4.21e-13 4.51e-13 5.26e-13 7.33e-13 1.07e-12 1.47e-12 2.36e-12 3.28e-12 4.15e-12 4.92e-12 5.61e-12 
  68   13    3 2.98e-14 3.16e-14 3.38e-14 3.67e-14 4.45e-14 6.78e-14 1.11e-13 1.70e-13 3.33e-13 5.32e-13 7.46e-13 9.62e-13 1.17e-12 
  69   13    1 1.94e-14 2.08e-14 2.23e-14 2.42e-14 2.93e-14 4.45e-14 7.27e-14 1.12e-13 2.16e-13 3.45e-13 4.84e-13 6.23e-13 7.56e-13 
  70   13    5 2.63e-12 2.76e-12 2.89e-12 3.05e-12 3.44e-12 4.38e-12 5.73e-12 7.15e-12 9.87e-12 1.23e-11 1.43e-11 1.59e-11 1.73e-11 
  71   13    6 1.18e-13 1.22e-13 1.29e-13 1.39e-13 1.66e-13 2.41e-13 3.70e-13 5.35e-13 9.40e-13 1.40e-12 1.88e-12 2.36e-12 2.80e-12 
  72   13    4 1.92e-14 2.08e-14 2.25e-14 2.49e-14 3.11e-14 4.98e-14 8.70e-14 1.42e-13 3.09e-13 5.44e-13 8.30e-13 1.14e-12 1.47e-12 
  73   13    8 1.13e-11 1.20e-11 1.25e-11 1.32e-11 1.46e-11 1.77e-11 2.14e-11 2.49e-11 3.04e-11 3.46e-11 3.78e-11 4.04e-11 4.26e-11 
  74   13    9 3.67e-13 3.74e-13 3.90e-13 4.15e-13 4.81e-13 6.49e-13 9.08e-13 1.21e-12 1.88e-12 2.58e-12 3.27e-12 3.93e-12 4.56e-12 
  75   13    7 2.13e-14 2.24e-14 2.42e-14 2.65e-14 3.28e-14 5.10e-14 8.55e-14 1.35e-13 2.84e-13 5.03e-13 7.79e-13 1.10e-12 1.46e-12 
  76   13   10 6.40e-11 6.75e-11 6.89e-11 7.02e-11 7.35e-11 7.97e-11 8.58e-11 9.02e-11 9.65e-11 1.01e-10 1.04e-10 1.07e-10 1.10e-10 
  77   13   12 9.10e-13 8.62e-13 8.75e-13 9.15e-13 1.03e-12 1.32e-12 1.73e-12 2.17e-12 3.05e-12 3.92e-12 4.73e-12 5.51e-12 6.23e-12 
  78   13   11 2.80e-14 2.79e-14 2.94e-14 3.17e-14 3.83e-14 5.63e-14 8.78e-14 1.30e-13 2.50e-13 4.18e-13 6.35e-13 8.95e-13 1.19e-12 
  79   15    2 1.75e-13 1.84e-13 1.95e-13 2.09e-13 2.46e-13 3.46e-13 5.14e-13 7.22e-13 1.21e-12 1.73e-12 2.25e-12 2.73e-12 3.17e-12 
  80   15    3 2.25e-13 2.39e-13 2.53e-13 2.71e-13 3.17e-13 4.47e-13 6.58e-13 9.17e-13 1.51e-12 2.16e-12 2.76e-12 3.34e-12 3.85e-12 
  81   15    1 1.28e-16 9.81e-17 8.45e-17 7.89e-17 7.49e-17 7.05e-17 6.56e-17 6.25e-17 6.20e-17 6.60e-17 7.27e-17 8.10e-17 9.00e-17 
  82   15    5 5.25e-13 5.55e-13 5.83e-13 6.18e-13 7.08e-13 9.35e-13 1.28e-12 1.68e-12 2.52e-12 3.37e-12 4.18e-12 4.92e-12 5.61e-12 
  83   15    6 2.08e-12 2.19e-12 2.28e-12 2.41e-12 2.71e-12 3.44e-12 4.47e-12 5.54e-12 7.57e-12 9.36e-12 1.09e-11 1.22e-11 1.33e-11 
  84   15    4 1.33e-13 1.42e-13 1.51e-13 1.62e-13 1.92e-13 2.76e-13 4.16e-13 5.90e-13 1.00e-12 1.44e-12 1.88e-12 2.30e-12 2.68e-12 
  85   15    8 1.16e-12 1.24e-12 1.30e-12 1.37e-12 1.55e-12 1.95e-12 2.50e-12 3.06e-12 4.18e-12 5.24e-12 6.21e-12 7.11e-12 7.93e-12 
  86   15    9 1.01e-11 1.07e-11 1.12e-11 1.17e-11 1.29e-11 1.55e-11 1.88e-11 2.17e-11 2.63e-11 2.95e-11 3.20e-11 3.39e-11 3.57e-11 
  87   15    7 4.19e-13 4.44e-13 4.69e-13 5.00e-13 5.79e-13 7.77e-13 1.08e-12 1.43e-12 2.19e-12 2.94e-12 3.68e-12 4.37e-12 4.99e-12 
  88   15   10 2.45e-12 2.61e-12 2.72e-12 2.83e-12 3.06e-12 3.57e-12 4.21e-12 4.81e-12 5.95e-12 7.01e-12 8.01e-12 8.93e-12 9.80e-12 
  89   15   12 6.16e-11 6.46e-11 6.58e-11 6.72e-11 7.02e-11 7.59e-11 8.12e-11 8.51e-11 9.02e-11 9.36e-11 9.62e-11 9.84e-11 1.00e-10 
  90   15   11 8.97e-13 9.59e-13 1.01e-12 1.08e-12 1.23e-12 1.58e-12 2.08e-12 2.58e-12 3.60e-12 4.58e-12 5.50e-12 6.34e-12 7.12e-12 
  91   15   13 1.13e-12 1.36e-12 1.53e-12 1.68e-12 1.97e-12 2.47e-12 3.05e-12 3.61e-12 4.67e-12 5.68e-12 6.62e-12 7.52e-12 8.36e-12 
  92   15   14 1.21e-12 1.44e-12 1.61e-12 1.76e-12 2.06e-12 2.60e-12 3.22e-12 3.82e-12 4.93e-12 5.98e-12 6.95e-12 7.86e-12 8.71e-12 
  93   14    2 1.23e-13 1.29e-13 1.37e-13 1.47e-13 1.76e-13 2.56e-13 3.96e-13 5.80e-13 1.05e-12 1.59e-12 2.17e-12 2.73e-12 3.26e-12 
  94   14    3 1.86e-13 1.95e-13 2.05e-13 2.19e-13 2.54e-13 3.53e-13 5.11e-13 6.98e-13 1.11e-12 1.53e-12 1.91e-12 2.25e-12 2.56e-12 
  95   14    1 1.30e-13 1.37e-13 1.44e-13 1.54e-13 1.80e-13 2.49e-13 3.60e-13 4.91e-13 7.82e-13 1.07e-12 1.34e-12 1.58e-12 1.79e-12 
  96   14    5 1.22e-13 1.26e-13 1.33e-13 1.42e-13 1.66e-13 2.35e-13 3.57e-13 5.15e-13 9.39e-13 1.47e-12 2.08e-12 2.69e-12 3.33e-12 
  97   14    6 6.53e-13 6.76e-13 7.04e-13 7.44e-13 8.45e-13 1.10e-12 1.50e-12 1.94e-12 2.86e-12 3.74e-12 4.55e-12 5.26e-12 5.88e-12 
  98   14    4 2.03e-12 2.13e-12 2.21e-12 2.34e-12 2.63e-12 3.34e-12 4.34e-12 5.37e-12 7.34e-12 9.00e-12 1.04e-11 1.15e-11 1.24e-11 
  99   14    8 1.21e-13 1.24e-13 1.29e-13 1.37e-13 1.58e-13 2.14e-13 3.06e-13 4.22e-13 7.27e-13 1.12e-12 1.59e-12 2.10e-12 2.67e-12 
 100   14    9 1.51e-12 1.55e-12 1.61e-12 1.68e-12 1.87e-12 2.34e-12 2.98e-12 3.64e-12 4.92e-12 6.09e-12 7.15e-12 8.10e-12 8.95e-12 
 101   14    7 1.03e-11 1.09e-11 1.13e-11 1.18e-11 1.31e-11 1.58e-11 1.92e-11 2.21e-11 2.69e-11 3.05e-11 3.31e-11 3.53e-11 3.70e-11 
 102   14   10 1.19e-13 1.08e-13 1.08e-13 1.12e-13 1.25e-13 1.62e-13 2.23e-13 2.98e-13 4.93e-13 7.49e-13 1.06e-12 1.43e-12 1.84e-12 
 103   14   12 3.55e-12 3.48e-12 3.49e-12 3.56e-12 3.78e-12 4.33e-12 5.04e-12 5.73e-12 7.05e-12 8.26e-12 9.37e-12 1.04e-11 1.13e-11 
 104   14   11 6.27e-11 6.54e-11 6.65e-11 6.79e-11 7.09e-11 7.67e-11 8.23e-11 8.66e-11 9.22e-11 9.62e-11 9.94e-11 1.02e-10 1.04e-10 
 105   14   13 2.17e-14 2.72e-14 3.09e-14 3.48e-14 4.32e-14 6.29e-14 9.51e-14 1.36e-13 2.46e-13 3.96e-13 5.87e-13 8.16e-13 1.08e-12 
 106   16    2 8.44e-14 8.74e-14 9.21e-14 9.91e-14 1.18e-13 1.76e-13 2.80e-13 4.21e-13 7.90e-13 1.24e-12 1.72e-12 2.20e-12 2.67e-12 
 107   16    3 6.01e-15 6.29e-15 6.73e-15 7.38e-15 9.19e-15 1.50e-14 2.68e-14 4.49e-14 1.02e-13 1.86e-13 2.90e-13 4.05e-13 5.26e-13 
 108   16    1 3.94e-15 4.15e-15 4.45e-15 4.88e-15 6.09e-15 9.87e-15 1.76e-14 2.95e-14 6.68e-14 1.21e-13 1.88e-13 2.64e-13 3.42e-13 
 109   16    5 6.14e-13 6.32e-13 6.61e-13 7.04e-13 8.19e-13 1.14e-12 1.65e-12 2.25e-12 3.60e-12 5.00e-12 6.32e-12 7.52e-12 8.59e-12 
 110   16    6 2.67e-14 2.75e-14 2.90e-14 3.15e-14 3.82e-14 5.90e-14 9.84e-14 1.54e-13 3.13e-13 5.26e-13 7.77e-13 1.05e-12 1.32e-12 
 111   16    4 4.14e-15 4.38e-15 4.74e-15 5.25e-15 6.67e-15 1.13e-14 2.13e-14 3.75e-14 9.41e-14 1.87e-13 3.15e-13 4.70e-13 6.46e-13 
 112   16    8 3.16e-12 3.26e-12 3.38e-12 3.56e-12 4.03e-12 5.21e-12 6.90e-12 8.63e-12 1.20e-11 1.48e-11 1.73e-11 1.95e-11 2.13e-11 
 113   16    9 9.22e-14 9.28e-14 9.68e-14 1.04e-13 1.23e-13 1.79e-13 2.76e-13 3.99e-13 7.08e-13 1.08e-12 1.47e-12 1.88e-12 2.30e-12 
 114   16    7 5.61e-15 5.72e-15 6.09e-15 6.68e-15 8.33e-15 1.35e-14 2.41e-14 4.03e-14 9.48e-14 1.84e-13 3.09e-13 4.67e-13 6.54e-13 
 115   16   10 1.28e-11 1.32e-11 1.36e-11 1.42e-11 1.58e-11 1.92e-11 2.36e-11 2.75e-11 3.38e-11 3.85e-11 4.21e-11 4.49e-11 4.74e-11 
 116   16   12 2.79e-13 2.75e-13 2.82e-13 2.97e-13 3.44e-13 4.66e-13 6.56e-13 8.75e-13 1.36e-12 1.88e-12 2.41e-12 2.93e-12 3.44e-12 
 117   16   11 9.43e-15 9.04e-15 9.40e-15 1.01e-14 1.23e-14 1.88e-14 3.09e-14 4.80e-14 9.94e-14 1.77e-13 2.82e-13 4.15e-13 5.73e-13 
 118   16   13 6.72e-11 6.87e-11 6.95e-11 7.08e-11 7.42e-11 8.11e-11 8.80e-11 9.30e-11 1.00e-10 1.05e-10 1.09e-10 1.12e-10 1.15e-10 
 119   16   15 7.56e-13 6.69e-13 6.53e-13 6.69e-13 7.45e-13 9.55e-13 1.26e-12 1.57e-12 2.21e-12 2.84e-12 3.44e-12 4.03e-12 4.58e-12 
 120   16   14 1.79e-14 1.48e-14 1.44e-14 1.50e-14 1.75e-14 2.49e-14 3.81e-14 5.52e-14 1.03e-13 1.68e-13 2.52e-13 3.56e-13 4.78e-13 
 121   18    2 3.90e-14 4.05e-14 4.27e-14 4.60e-14 5.54e-14 8.31e-14 1.35e-13 2.06e-13 4.01e-13 6.50e-13 9.28e-13 1.22e-12 1.50e-12 
 122   18    3 4.92e-14 5.11e-14 5.40e-14 5.83e-14 7.00e-14 1.05e-13 1.69e-13 2.57e-13 4.95e-13 7.94e-13 1.13e-12 1.47e-12 1.80e-12 
 123   18    1 2.23e-17 1.68e-17 1.43e-17 1.31e-17 1.24e-17 1.24e-17 1.29e-17 1.39e-17 1.69e-17 2.14e-17 2.69e-17 3.34e-17 4.03e-17 
 124   18    5 1.31e-13 1.35e-13 1.42e-13 1.51e-13 1.79e-13 2.53e-13 3.81e-13 5.39e-13 9.30e-13 1.39e-12 1.86e-12 2.34e-12 2.79e-12 
 125   18    6 4.77e-13 4.91e-13 5.14e-13 5.46e-13 6.35e-13 8.77e-13 1.26e-12 1.72e-12 2.73e-12 3.77e-12 4.76e-12 5.66e-12 6.49e-12 
 126   18    4 3.02e-14 3.15e-14 3.33e-14 3.60e-14 4.37e-14 6.65e-14 1.09e-13 1.69e-13 3.33e-13 5.43e-13 7.78e-13 1.02e-12 1.26e-12 
 127   18    8 3.63e-13 3.75e-13 3.92e-13 4.15e-13 4.78e-13 6.42e-13 8.89e-13 1.17e-12 1.79e-12 2.43e-12 3.06e-12 3.67e-12 4.26e-12 
 128   18    9 2.78e-12 2.86e-12 2.95e-12 3.12e-12 3.52e-12 4.54e-12 5.96e-12 7.42e-12 1.02e-11 1.25e-11 1.44e-11 1.61e-11 1.75e-11 
 129   18    7 1.04e-13 1.07e-13 1.13e-13 1.22e-13 1.46e-13 2.10e-13 3.22e-13 4.62e-13 8.10e-13 1.21e-12 1.65e-12 2.08e-12 2.49e-12 
 130   18   10 8.22e-13 8.49e-13 8.82e-13 9.30e-13 1.05e-12 1.34e-12 1.75e-12 2.14e-12 2.94e-12 3.71e-12 4.43e-12 5.11e-12 5.76e-12 
 131   18   12 1.19e-11 1.22e-11 1.26e-11 1.32e-11 1.46e-11 1.79e-11 2.17e-11 2.52e-11 3.06e-11 3.46e-11 3.75e-11 3.99e-11 4.18e-11 
 132   18   11 2.98e-13 3.09e-13 3.23e-13 3.45e-13 4.00e-13 5.44e-13 7.64e-13 1.02e-12 1.57e-12 2.16e-12 2.75e-12 3.31e-12 3.86e-12 
 133   18   13 1.76e-12 1.79e-12 1.84e-12 1.91e-12 2.08e-12 2.45e-12 2.90e-12 3.34e-12 4.16e-12 4.93e-12 5.66e-12 6.34e-12 7.00e-12 
 134   18   15 6.53e-11 6.67e-11 6.75e-11 6.87e-11 7.19e-11 7.85e-11 8.48e-11 8.95e-11 9.58e-11 9.99e-11 1.03e-10 1.06e-10 1.08e-10 
 135   18   14 6.39e-13 6.61e-13 6.93e-13 7.35e-13 8.45e-13 1.10e-12 1.46e-12 1.83e-12 2.56e-12 3.27e-12 3.94e-12 4.59e-12 5.21e-12 
 136   18   16 8.91e-13 1.02e-12 1.12e-12 1.22e-12 1.43e-12 1.79e-12 2.20e-12 2.60e-12 3.34e-12 4.04e-12 4.71e-12 5.36e-12 5.98e-12 
 137   18   17 9.62e-13 1.07e-12 1.17e-12 1.28e-12 1.48e-12 1.87e-12 2.31e-12 2.72e-12 3.49e-12 4.23e-12 4.93e-12 5.59e-12 6.24e-12 
 138   17    2 2.67e-14 2.76e-14 2.93e-14 3.17e-14 3.86e-14 5.99e-14 1.01e-13 1.61e-13 3.38e-13 5.80e-13 8.69e-13 1.18e-12 1.50e-12 
 139   17    3 4.14e-14 4.26e-14 4.48e-14 4.81e-14 5.73e-14 8.47e-14 1.34e-13 2.01e-13 3.72e-13 5.80e-13 7.97e-13 1.01e-12 1.22e-12 
 140   17    1 2.86e-14 2.95e-14 3.12e-14 3.35e-14 4.00e-14 5.91e-14 9.37e-14 1.40e-13 2.60e-13 4.03e-13 5.54e-13 7.02e-13 8.44e-13 
 141   17    5 3.05e-14 3.12e-14 3.28e-14 3.53e-14 4.25e-14 6.35e-14 1.03e-13 1.59e-13 3.26e-13 5.61e-13 8.56e-13 1.19e-12 1.55e-12 
 142   17    6 1.57e-13 1.59e-13 1.66e-13 1.77e-13 2.08e-13 2.93e-13 4.37e-13 6.16e-13 1.04e-12 1.53e-12 2.01e-12 2.49e-12 2.93e-12 
 143   17    4 4.63e-13 4.77e-13 4.98e-13 5.29e-13 6.16e-13 8.51e-13 1.23e-12 1.66e-12 2.64e-12 3.63e-12 4.55e-12 5.36e-12 6.07e-12 
 144   17    8 4.00e-14 4.05e-14 4.22e-14 4.49e-14 5.28e-14 7.46e-14 1.13e-13 1.62e-13 3.00e-13 4.89e-13 7.27e-13 1.01e-12 1.32e-12 
 145   17    9 4.47e-13 4.52e-13 4.67e-13 4.93e-13 5.63e-13 7.50e-13 1.04e-12 1.36e-12 2.06e-12 2.78e-12 3.46e-12 4.12e-12 4.74e-12 
 146   17    7 2.79e-12 2.87e-12 2.98e-12 3.13e-12 3.55e-12 4.59e-12 6.05e-12 7.56e-12 1.04e-11 1.29e-11 1.50e-11 1.66e-11 1.81e-11 
 147   17   10 4.92e-14 4.87e-14 5.00e-14 5.29e-14 6.09e-14 8.25e-14 1.17e-13 1.59e-13 2.68e-13 4.08e-13 5.83e-13 7.92e-13 1.03e-12 
 148   17   12 1.04e-12 1.04e-12 1.07e-12 1.11e-12 1.25e-12 1.57e-12 2.02e-12 2.49e-12 3.41e-12 4.27e-12 5.07e-12 5.84e-12 6.54e-12 
 149   17   11 1.20e-11 1.24e-11 1.28e-11 1.34e-11 1.48e-11 1.81e-11 2.21e-11 2.57e-11 3.16e-11 3.59e-11 3.92e-11 4.18e-11 4.38e-11 
 150   17   13 5.58e-14 4.88e-14 4.76e-14 4.87e-14 5.40e-14 7.00e-14 9.55e-14 1.26e-13 2.03e-13 3.01e-13 4.22e-13 5.65e-13 7.28e-13 
 151   17   15 2.46e-12 2.34e-12 2.31e-12 2.35e-12 2.50e-12 2.89e-12 3.39e-12 3.89e-12 4.82e-12 5.69e-12 6.50e-12 7.27e-12 7.99e-12 
 152   17   14 6.57e-11 6.71e-11 6.79e-11 6.91e-11 7.24e-11 7.92e-11 8.58e-11 9.07e-11 9.74e-11 1.02e-10 1.06e-10 1.09e-10 1.11e-10 
 153   17   16 1.30e-14 1.43e-14 1.54e-14 1.69e-14 2.06e-14 2.94e-14 4.34e-14 6.10e-14 1.07e-13 1.69e-13 2.45e-13 3.38e-13 4.45e-13 
 154   19    2 1.68e-14 1.77e-14 1.88e-14 2.06e-14 2.53e-14 4.01e-14 6.97e-14 1.14e-13 2.49e-13 4.41e-13 6.79e-13 9.41e-13 1.22e-12 
 155   19    3 1.12e-15 1.19e-15 1.29e-15 1.43e-15 1.83e-15 3.17e-15 6.17e-15 1.12e-14 2.97e-14 6.14e-14 1.07e-13 1.62e-13 2.27e-13 
 156   19    1 7.35e-16 7.92e-16 8.59e-16 9.52e-16 1.22e-15 2.10e-15 4.08e-15 7.41e-15 1.95e-14 4.03e-14 6.97e-14 1.06e-13 1.48e-13 
 157   19    5 1.34e-13 1.39e-13 1.47e-13 1.58e-13 1.90e-13 2.82e-13 4.45e-13 6.64e-13 1.23e-12 1.92e-12 2.67e-12 3.42e-12 4.14e-12 
 158   19    6 5.42e-15 5.66e-15 6.06e-15 6.64e-15 8.29e-15 1.36e-14 2.46e-14 4.18e-14 9.81e-14 1.86e-13 3.02e-13 4.40e-13 5.94e-13 
 159   19    4 7.97e-16 8.62e-16 9.43e-16 1.05e-15 1.37e-15 2.45e-15 4.96e-15 9.41e-15 2.71e-14 6.07e-14 1.13e-13 1.84e-13 2.72e-13 
 160   19    8 7.33e-13 7.63e-13 8.01e-13 8.55e-13 1.00e-12 1.40e-12 2.05e-12 2.79e-12 4.47e-12 6.20e-12 7.83e-12 9.33e-12 1.07e-11 
 161   19    9 2.09e-14 2.13e-14 2.25e-14 2.45e-14 2.98e-14 4.62e-14 7.71e-14 1.21e-13 2.46e-13 4.18e-13 6.24e-13 8.55e-13 1.10e-12 
 162   19    7 1.22e-15 1.28e-15 1.39e-15 1.53e-15 1.95e-15 3.31e-15 6.31e-15 1.13e-14 2.97e-14 6.36e-14 1.16e-13 1.88e-13 2.80e-13 
 163   19   10 3.22e-12 3.37e-12 3.52e-12 3.72e-12 4.26e-12 5.62e-12 7.55e-12 9.54e-12 1.33e-11 1.66e-11 1.95e-11 2.19e-11 2.39e-11 
 164   19   12 6.91e-14 6.91e-14 7.22e-14 7.74e-14 9.25e-14 1.36e-13 2.10e-13 3.04e-13 5.39e-13 8.20e-13 1.13e-12 1.46e-12 1.79e-12 
 165   19   11 2.34e-15 2.35e-15 2.49e-15 2.72e-15 3.39e-15 5.47e-15 9.59e-15 1.58e-14 3.61e-14 6.94e-14 1.18e-13 1.83e-13 2.63e-13 
 166   19   13 1.27e-11 1.32e-11 1.37e-11 1.44e-11 1.61e-11 1.99e-11 2.47e-11 2.90e-11 3.59e-11 4.10e-11 4.49e-11 4.81e-11 5.09e-11 
 167   19   15 2.02e-13 1.97e-13 2.02e-13 2.14e-13 2.49e-13 3.45e-13 4.91e-13 6.58e-13 1.03e-12 1.43e-12 1.83e-12 2.23e-12 2.61e-12 
 168   19   14 4.45e-15 4.25e-15 4.41e-15 4.77e-15 5.81e-15 8.92e-15 1.46e-14 2.24e-14 4.49e-14 7.79e-14 1.22e-13 1.77e-13 2.45e-13 
 169   19   16 6.23e-11 6.46e-11 6.58e-11 6.75e-11 7.15e-11 7.96e-11 8.75e-11 9.36e-11 1.02e-10 1.07e-10 1.12e-10 1.15e-10 1.18e-10 
 170   19   18 5.37e-13 4.69e-13 4.62e-13 4.78e-13 5.40e-13 7.08e-13 9.44e-13 1.19e-12 1.68e-12 2.14e-12 2.61e-12 3.05e-12 3.48e-12 
 171   19   17 8.74e-15 7.37e-15 7.23e-15 7.55e-15 8.82e-15 1.27e-14 1.94e-14 2.80e-14 5.11e-14 8.20e-14 1.21e-13 1.68e-13 2.23e-13 
 172   21    2 7.88e-15 8.26e-15 8.81e-15 9.61e-15 1.19e-14 1.90e-14 3.35e-14 5.55e-14 1.25e-13 2.30e-13 3.63e-13 5.15e-13 6.78e-13 
 173   21    3 9.79e-15 1.03e-14 1.09e-14 1.19e-14 1.47e-14 2.35e-14 4.14e-14 6.83e-14 1.53e-13 2.78e-13 4.36e-13 6.14e-13 8.05e-13 
 174   21    1 3.22e-18 2.57e-18 2.27e-18 2.12e-18 2.06e-18 2.24e-18 2.63e-18 3.16e-18 4.71e-18 6.97e-18 9.91e-18 1.35e-17 1.75e-17 
 175   21    5 2.97e-14 3.09e-14 3.26e-14 3.52e-14 4.25e-14 6.42e-14 1.05e-13 1.61e-13 3.20e-13 5.31e-13 7.79e-13 1.05e-12 1.33e-12 
 176   21    6 1.04e-13 1.08e-13 1.14e-13 1.22e-13 1.46e-13 2.16e-13 3.39e-13 5.03e-13 9.26e-13 1.44e-12 1.99e-12 2.54e-12 3.08e-12 
 177   21    4 6.12e-15 6.43e-15 6.89e-15 7.53e-15 9.37e-15 1.53e-14 2.72e-14 4.55e-14 1.04e-13 1.91e-13 3.04e-13 4.33e-13 5.72e-13 
 178   21    8 9.32e-14 9.68e-14 1.02e-13 1.09e-13 1.29e-13 1.86e-13 2.80e-13 3.99e-13 6.93e-13 1.04e-12 1.42e-12 1.80e-12 2.19e-12 
 179   21    9 6.40e-13 6.64e-13 6.95e-13 7.41e-13 8.66e-13 1.21e-12 1.75e-12 2.38e-12 3.77e-12 5.15e-12 6.45e-12 7.63e-12 8.67e-12 
 180   21    7 2.35e-14 2.46e-14 2.61e-14 2.84e-14 3.46e-14 5.33e-14 8.86e-14 1.37e-13 2.78e-13 4.66e-13 6.90e-13 9.35e-13 1.19e-12 
 181   21   10 2.49e-13 2.57e-13 2.69e-13 2.87e-13 3.34e-13 4.55e-13 6.42e-13 8.52e-13 1.31e-12 1.80e-12 2.28e-12 2.75e-12 3.22e-12 
 182   21   12 3.00e-12 3.11e-12 3.23e-12 3.42e-12 3.92e-12 5.14e-12 6.87e-12 8.64e-12 1.20e-11 1.48e-11 1.72e-11 1.91e-11 2.08e-11 
 183   21   11 7.52e-14 7.82e-14 8.27e-14 8.92e-14 1.07e-13 1.57e-13 2.41e-13 3.48e-13 6.13e-13 9.29e-13 1.27e-12 1.62e-12 1.98e-12 
 184   21   13 5.69e-13 5.88e-13 6.14e-13 6.49e-13 7.39e-13 9.58e-13 1.26e-12 1.57e-12 2.17e-12 2.75e-12 3.28e-12 3.81e-12 4.30e-12 
 185   21   15 1.22e-11 1.26e-11 1.31e-11 1.37e-11 1.53e-11 1.90e-11 2.34e-11 2.72e-11 3.35e-11 3.81e-11 4.15e-11 4.43e-11 4.65e-11 
 186   21   14 2.09e-13 2.16e-13 2.28e-13 2.43e-13 2.86e-13 3.94e-13 5.61e-13 7.50e-13 1.17e-12 1.61e-12 2.06e-12 2.50e-12 2.94e-12 
 187   21   16 1.16e-12 1.21e-12 1.25e-12 1.30e-12 1.44e-12 1.73e-12 2.10e-12 2.43e-12 3.06e-12 3.66e-12 4.19e-12 4.71e-12 5.21e-12 
 188   21   18 6.20e-11 6.38e-11 6.49e-11 6.62e-11 7.01e-11 7.77e-11 8.53e-11 9.10e-11 9.85e-11 1.03e-10 1.07e-10 1.10e-10 1.13e-10 
 189   21   17 4.45e-13 4.63e-13 4.88e-13 5.21e-13 6.06e-13 8.04e-13 1.07e-12 1.35e-12 1.90e-12 2.43e-12 2.94e-12 3.44e-12 3.90e-12 
 190   21   19 6.49e-13 7.60e-13 8.44e-13 9.24e-13 1.08e-12 1.36e-12 1.68e-12 1.98e-12 2.53e-12 3.05e-12 3.55e-12 4.03e-12 4.49e-12 
 191   21   20 7.02e-13 8.00e-13 8.80e-13 9.59e-13 1.12e-12 1.42e-12 1.75e-12 2.05e-12 2.63e-12 3.17e-12 3.70e-12 4.19e-12 4.67e-12 
 192   20    2 5.35e-15 5.59e-15 5.98e-15 6.54e-15 8.16e-15 1.34e-14 2.46e-14 4.23e-14 1.03e-13 1.99e-13 3.30e-13 4.88e-13 6.62e-13 
 193   20    3 8.36e-15 8.67e-15 9.21e-15 9.99e-15 1.22e-14 1.94e-14 3.35e-14 5.43e-14 1.18e-13 2.08e-13 3.16e-13 4.34e-13 5.58e-13 
 194   20    1 5.79e-15 6.01e-15 6.38e-15 6.93e-15 8.49e-15 1.34e-14 2.32e-14 3.77e-14 8.14e-14 1.43e-13 2.19e-13 3.00e-13 3.85e-13 
 195   20    5 6.94e-15 7.17e-15 7.60e-15 8.25e-15 1.01e-14 1.59e-14 2.79e-14 4.60e-14 1.06e-13 2.02e-13 3.35e-13 5.03e-13 6.97e-13 
 196   20    6 3.48e-14 3.59e-14 3.77e-14 4.05e-14 4.87e-14 7.33e-14 1.19e-13 1.81e-13 3.56e-13 5.81e-13 8.41e-13 1.12e-12 1.39e-12 
 197   20    4 1.01e-13 1.05e-13 1.10e-13 1.18e-13 1.42e-13 2.09e-13 3.30e-13 4.88e-13 8.99e-13 1.39e-12 1.91e-12 2.42e-12 2.91e-12 
 198   20    8 1.10e-14 1.12e-14 1.17e-14 1.26e-14 1.51e-14 2.25e-14 3.64e-14 5.57e-14 1.13e-13 1.98e-13 3.13e-13 4.58e-13 6.25e-13 
 199   20    9 1.11e-13 1.14e-13 1.19e-13 1.27e-13 1.48e-13 2.13e-13 3.20e-13 4.55e-13 7.86e-13 1.17e-12 1.58e-12 2.01e-12 2.41e-12 
 200   20    7 6.49e-13 6.69e-13 7.01e-13 7.46e-13 8.73e-13 1.22e-12 1.77e-12 2.42e-12 3.85e-12 5.31e-12 6.68e-12 7.92e-12 9.03e-12 
 201   20   10 1.69e-14 1.70e-14 1.77e-14 1.88e-14 2.21e-14 3.16e-14 4.78e-14 6.84e-14 1.23e-13 1.98e-13 2.93e-13 4.07e-13 5.40e-13 
 202   20   12 3.02e-13 3.06e-13 3.17e-13 3.35e-13 3.86e-13 5.24e-13 7.34e-13 9.72e-13 1.50e-12 2.03e-12 2.57e-12 3.09e-12 3.60e-12 
 203   20   11 3.05e-12 3.15e-12 3.28e-12 3.46e-12 3.96e-12 5.21e-12 7.00e-12 8.82e-12 1.23e-11 1.54e-11 1.79e-11 2.01e-11 2.19e-11 
 204   20   13 2.28e-14 2.24e-14 2.31e-14 2.43e-14 2.82e-14 3.85e-14 5.50e-14 7.48e-14 1.24e-13 1.86e-13 2.60e-13 3.48e-13 4.48e-13 
 205   20   15 7.19e-13 7.16e-13 7.33e-13 7.67e-13 8.62e-13 1.10e-12 1.44e-12 1.79e-12 2.46e-12 3.11e-12 3.72e-12 4.30e-12 4.85e-12 
 206   20   14 1.25e-11 1.28e-11 1.33e-11 1.39e-11 1.55e-11 1.91e-11 2.36e-11 2.78e-11 3.44e-11 3.92e-11 4.29e-11 4.59e-11 4.84e-11 
 207   20   16 2.65e-14 2.35e-14 2.31e-14 2.36e-14 2.65e-14 3.48e-14 4.78e-14 6.32e-14 1.00e-13 1.47e-13 2.02e-13 2.67e-13 3.39e-13 
 208   20   18 1.66e-12 1.58e-12 1.57e-12 1.59e-12 1.72e-12 2.02e-12 2.41e-12 2.79e-12 3.49e-12 4.14e-12 4.74e-12 5.32e-12 5.87e-12 
 209   20   17 6.29e-11 6.43e-11 6.53e-11 6.68e-11 7.05e-11 7.83e-11 8.62e-11 9.19e-11 9.99e-11 1.05e-10 1.10e-10 1.13e-10 1.16e-10 
 210   20   19 6.39e-15 7.30e-15 7.99e-15 8.75e-15 1.06e-14 1.51e-14 2.23e-14 3.12e-14 5.44e-14 8.45e-14 1.22e-13 1.65e-13 2.16e-13 
 211   22    2 3.48e-15 3.63e-15 3.86e-15 4.21e-15 5.25e-15 8.78e-15 1.65e-14 2.93e-14 7.39e-14 1.48e-13 2.54e-13 3.83e-13 5.31e-13 
 212   22    3 2.16e-16 2.30e-16 2.49e-16 2.76e-16 3.59e-16 6.51e-16 1.37e-15 2.69e-15 8.22e-15 1.92e-14 3.72e-14 6.21e-14 9.32e-14 
 213   22    1 1.43e-16 1.53e-16 1.65e-16 1.84e-16 2.39e-16 4.33e-16 9.06e-16 1.77e-15 5.42e-15 1.27e-14 2.45e-14 4.07e-14 6.10e-14 
 214   22    5 3.00e-14 3.09e-14 3.24e-14 3.49e-14 4.25e-14 6.65e-14 1.14e-13 1.84e-13 3.97e-13 7.00e-13 1.07e-12 1.48e-12 1.91e-12 
 215   22    6 1.11e-15 1.16e-15 1.25e-15 1.37e-15 1.73e-15 3.00e-15 5.85e-15 1.07e-14 2.90e-14 6.20e-14 1.11e-13 1.76e-13 2.54e-13 
 216   22    4 1.58e-16 1.70e-16 1.87e-16 2.09e-16 2.75e-16 5.13e-16 1.11e-15 2.27e-15 7.45e-15 1.88e-14 3.88e-14 6.86e-14 1.08e-13 
 217   22    8 1.77e-13 1.83e-13 1.90e-13 2.03e-13 2.42e-13 3.59e-13 5.69e-13 8.45e-13 1.57e-12 2.43e-12 3.37e-12 4.30e-12 5.21e-12 
 218   22    9 4.58e-15 4.78e-15 5.07e-15 5.52e-15 6.86e-15 1.12e-14 2.02e-14 3.41e-14 7.99e-14 1.51e-13 2.49e-13 3.67e-13 5.00e-13 
 219   22    7 2.64e-16 2.80e-16 3.04e-16 3.37e-16 4.34e-16 7.72e-16 1.57e-15 2.98e-15 8.82e-15 2.09e-14 4.16e-14 7.26e-14 1.14e-13 
 220   22   10 8.33e-13 8.58e-13 8.91e-13 9.46e-13 1.10e-12 1.55e-12 2.28e-12 3.15e-12 5.07e-12 7.04e-12 8.91e-12 1.06e-11 1.22e-11 
 221   22   12 1.62e-14 1.69e-14 1.77e-14 1.92e-14 2.35e-14 3.66e-14 6.13e-14 9.58e-14 1.95e-13 3.30e-13 4.93e-13 6.79e-13 8.77e-13 
 222   22   11 5.42e-16 5.74e-16 6.17e-16 6.80e-16 8.62e-16 1.46e-15 2.72e-15 4.77e-15 1.22e-14 2.56e-14 4.65e-14 7.61e-14 1.14e-13 
 223   22   13 3.35e-12 3.45e-12 3.57e-12 3.77e-12 4.32e-12 5.74e-12 7.83e-12 1.00e-11 1.42e-11 1.79e-11 2.09e-11 2.36e-11 2.58e-11 
 224   22   15 4.99e-14 5.18e-14 5.46e-14 5.87e-14 7.06e-14 1.05e-13 1.64e-13 2.36e-13 4.22e-13 6.43e-13 8.86e-13 1.14e-12 1.40e-12 
 225   22   14 1.10e-15 1.16e-15 1.25e-15 1.37e-15 1.70e-15 2.76e-15 4.84e-15 7.89e-15 1.76e-14 3.30e-14 5.47e-14 8.33e-14 1.18e-13 
 226   22   16 1.30e-11 1.34e-11 1.37e-11 1.43e-11 1.59e-11 1.99e-11 2.49e-11 2.95e-11 3.70e-11 4.25e-11 4.69e-11 5.03e-11 5.31e-11 
 227   22   18 1.35e-13 1.39e-13 1.46e-13 1.57e-13 1.84e-13 2.60e-13 3.77e-13 5.09e-13 8.03e-13 1.11e-12 1.43e-12 1.75e-12 2.05e-12 
 228   22   17 2.05e-15 2.16e-15 2.30e-15 2.52e-15 3.11e-15 4.82e-15 7.90e-15 1.21e-14 2.41e-14 4.10e-14 6.31e-14 9.04e-14 1.22e-13 
 229   22   19 6.09e-11 6.25e-11 6.34e-11 6.46e-11 6.84e-11 7.68e-11 8.58e-11 9.25e-11 1.02e-10 1.08e-10 1.13e-10 1.17e-10 1.20e-10 
 230   22   21 3.22e-13 3.15e-13 3.24e-13 3.44e-13 3.99e-13 5.37e-13 7.30e-13 9.26e-13 1.31e-12 1.69e-12 2.05e-12 2.39e-12 2.73e-12 
 231   22   20 3.52e-15 3.57e-15 3.74e-15 4.03e-15 4.85e-15 7.16e-15 1.10e-14 1.59e-14 2.87e-14 4.56e-14 6.65e-14 9.14e-14 1.20e-13 
 232   24    2 1.65e-15 1.70e-15 1.80e-15 1.97e-15 2.46e-15 4.15e-15 7.93e-15 1.42e-14 3.71e-14 7.67e-14 1.34e-13 2.08e-13 2.93e-13 
 233   24    3 2.02e-15 2.08e-15 2.21e-15 2.41e-15 3.02e-15 5.07e-15 9.66e-15 1.73e-14 4.48e-14 9.21e-14 1.59e-13 2.46e-13 3.45e-13 
 234   24    1 6.02e-19 4.65e-19 4.03e-19 3.74e-19 3.63e-19 4.12e-19 5.35e-19 7.17e-19 1.29e-18 2.20e-18 3.50e-18 5.20e-18 7.23e-18 
 235   24    5 6.82e-15 6.97e-15 7.33e-15 7.92e-15 9.69e-15 1.54e-14 2.72e-14 4.52e-14 1.03e-13 1.91e-13 3.09e-13 4.49e-13 6.05e-13 
 236   24    6 2.32e-14 2.38e-14 2.49e-14 2.67e-14 3.24e-14 5.06e-14 8.66e-14 1.39e-13 2.97e-13 5.20e-13 7.90e-13 1.09e-12 1.42e-12 
 237   24    4 1.28e-15 1.33e-15 1.42e-15 1.55e-15 1.95e-15 3.34e-15 6.43e-15 1.16e-14 3.08e-14 6.40e-14 1.12e-13 1.75e-13 2.46e-13 
 238   24    8 2.38e-14 2.43e-14 2.54e-14 2.72e-14 3.27e-14 4.95e-14 8.11e-14 1.25e-13 2.47e-13 4.14e-13 6.12e-13 8.31e-13 1.06e-12 
 239   24    9 1.55e-13 1.58e-13 1.64e-13 1.75e-13 2.08e-13 3.06e-13 4.84e-13 7.15e-13 1.31e-12 2.01e-12 2.76e-12 3.49e-12 4.21e-12 
 240   24    7 5.44e-15 5.57e-15 5.88e-15 6.39e-15 7.90e-15 1.28e-14 2.30e-14 3.86e-14 8.95e-14 1.69e-13 2.73e-13 4.00e-13 5.40e-13 
 241   24   10 7.09e-14 7.24e-14 7.56e-14 8.07e-14 9.54e-14 1.37e-13 2.10e-13 3.02e-13 5.29e-13 7.96e-13 1.09e-12 1.39e-12 1.69e-12 
 242   24   12 7.71e-13 7.83e-13 8.12e-13 8.62e-13 1.00e-12 1.42e-12 2.06e-12 2.83e-12 4.51e-12 6.21e-12 7.79e-12 9.22e-12 1.05e-11 
 243   24   11 1.92e-14 1.97e-14 2.06e-14 2.23e-14 2.69e-14 4.18e-14 6.95e-14 1.08e-13 2.19e-13 3.70e-13 5.51e-13 7.53e-13 9.68e-13 
 244   24   13 1.81e-13 1.87e-13 1.94e-13 2.06e-13 2.41e-13 3.33e-13 4.76e-13 6.38e-13 9.95e-13 1.37e-12 1.75e-12 2.12e-12 2.47e-12 
 245   24   15 3.20e-12 3.27e-12 3.37e-12 3.55e-12 4.05e-12 5.40e-12 7.34e-12 9.35e-12 1.31e-11 1.64e-11 1.91e-11 2.14e-11 2.34e-11 
 246   24   14 5.90e-14 6.01e-14 6.28e-14 6.75e-14 8.07e-14 1.19e-13 1.84e-13 2.67e-13 4.74e-13 7.19e-13 9.90e-13 1.27e-12 1.55e-12 
 247   24   16 4.14e-13 4.29e-13 4.45e-13 4.70e-13 5.36e-13 7.02e-13 9.36e-13 1.18e-12 1.65e-12 2.10e-12 2.53e-12 2.94e-12 3.33e-12 
 248   24   18 1.27e-11 1.30e-11 1.33e-11 1.39e-11 1.54e-11 1.91e-11 2.39e-11 2.82e-11 3.52e-11 4.03e-11 4.41e-11 4.71e-11 4.96e-11 
 249   24   17 1.58e-13 1.61e-13 1.68e-13 1.79e-13 2.10e-13 2.94e-13 4.25e-13 5.72e-13 8.99e-13 1.24e-12 1.59e-12 1.94e-12 2.28e-12 
 250   24   19 8.51e-13 8.80e-13 9.06e-13 9.43e-13 1.04e-12 1.28e-12 1.57e-12 1.84e-12 2.35e-12 2.80e-12 3.23e-12 3.64e-12 4.03e-12 
 251   24   21 6.07e-11 6.18e-11 6.24e-11 6.36e-11 6.72e-11 7.55e-11 8.40e-11 9.06e-11 9.94e-11 1.05e-10 1.10e-10 1.13e-10 1.16e-10 
 252   24   20 3.45e-13 3.50e-13 3.66e-13 3.89e-13 4.52e-13 6.09e-13 8.22e-13 1.04e-12 1.47e-12 1.88e-12 2.28e-12 2.67e-12 3.04e-12 
 253   24   22 5.81e-13 6.36e-13 6.89e-13 7.46e-13 8.64e-13 1.09e-12 1.35e-12 1.58e-12 2.01e-12 2.41e-12 2.79e-12 3.16e-12 3.52e-12 
 254   24   23 5.84e-13 6.47e-13 7.04e-13 7.64e-13 8.86e-13 1.12e-12 1.39e-12 1.64e-12 2.08e-12 2.49e-12 2.89e-12 3.27e-12 3.64e-12 
 255   23    2 1.23e-15 1.18e-15 1.23e-15 1.34e-15 1.68e-15 2.90e-15 5.72e-15 1.06e-14 2.95e-14 6.49e-14 1.19e-13 1.91e-13 2.79e-13 
 256   23    3 1.91e-15 1.83e-15 1.91e-15 2.06e-15 2.56e-15 4.23e-15 7.94e-15 1.40e-14 3.50e-14 7.01e-14 1.18e-13 1.77e-13 2.45e-13 
 257   23    1 1.30e-15 1.26e-15 1.31e-15 1.42e-15 1.76e-15 2.93e-15 5.47e-15 9.63e-15 2.42e-14 4.81e-14 8.14e-14 1.22e-13 1.68e-13 
 258   23    5 1.91e-15 1.73e-15 1.77e-15 1.90e-15 2.32e-15 3.82e-15 7.11e-15 1.25e-14 3.26e-14 6.89e-14 1.25e-13 2.01e-13 2.95e-13 
 259   23    6 8.97e-15 8.34e-15 8.53e-15 9.11e-15 1.10e-14 1.75e-14 3.06e-14 5.04e-14 1.14e-13 2.09e-13 3.33e-13 4.77e-13 6.35e-13 
 260   23    4 2.47e-14 2.36e-14 2.43e-14 2.61e-14 3.15e-14 4.89e-14 8.38e-14 1.35e-13 2.87e-13 5.02e-13 7.61e-13 1.05e-12 1.34e-12 
 261   23    8 3.75e-15 3.22e-15 3.20e-15 3.37e-15 4.03e-15 6.24e-15 1.07e-14 1.75e-14 3.96e-14 7.56e-14 1.28e-13 1.97e-13 2.82e-13 
 262   23    9 3.34e-14 3.00e-14 3.01e-14 3.17e-14 3.75e-14 5.62e-14 9.17e-14 1.40e-13 2.78e-13 4.62e-13 6.79e-13 9.18e-13 1.17e-12 
 263   23    7 1.72e-13 1.64e-13 1.68e-13 1.77e-13 2.09e-13 3.09e-13 4.88e-13 7.24e-13 1.34e-12 2.06e-12 2.84e-12 3.63e-12 4.37e-12 
 264   23   10 7.04e-15 5.85e-15 5.74e-15 6.01e-15 7.02e-15 1.04e-14 1.68e-14 2.54e-14 5.07e-14 8.71e-14 1.36e-13 1.97e-13 2.68e-13 
 265   23   12 1.06e-13 9.19e-14 9.11e-14 9.51e-14 1.10e-13 1.57e-13 2.38e-13 3.41e-13 5.94e-13 8.92e-13 1.21e-12 1.55e-12 1.88e-12 
 266   23   11 8.66e-13 8.19e-13 8.34e-13 8.80e-13 1.02e-12 1.43e-12 2.10e-12 2.89e-12 4.63e-12 6.42e-12 8.10e-12 9.63e-12 1.10e-11 
 267   23   13 1.07e-14 9.17e-15 9.08e-15 9.48e-15 1.10e-14 1.58e-14 2.39e-14 3.44e-14 6.16e-14 9.72e-14 1.42e-13 1.94e-13 2.54e-13 
 268   23   15 2.89e-13 2.43e-13 2.39e-13 2.46e-13 2.79e-13 3.79e-13 5.37e-13 7.19e-13 1.12e-12 1.53e-12 1.95e-12 2.36e-12 2.76e-12 
 269   23   14 3.63e-12 3.42e-12 3.48e-12 3.63e-12 4.12e-12 5.47e-12 7.45e-12 9.51e-12 1.35e-11 1.69e-11 1.98e-11 2.23e-11 2.43e-11 
 270   23   16 1.21e-14 1.15e-14 1.18e-14 1.25e-14 1.46e-14 2.02e-14 2.91e-14 3.97e-14 6.57e-14 9.76e-14 1.35e-13 1.79e-13 2.27e-13 
 271   23   18 6.76e-13 5.68e-13 5.52e-13 5.66e-13 6.27e-13 8.04e-13 1.06e-12 1.32e-12 1.84e-12 2.35e-12 2.82e-12 3.27e-12 3.70e-12 
 272   23   17 1.46e-11 1.36e-11 1.37e-11 1.42e-11 1.57e-11 1.94e-11 2.42e-11 2.87e-11 3.59e-11 4.12e-11 4.54e-11 4.87e-11 5.14e-11 
 273   23   19 1.31e-14 1.18e-14 1.18e-14 1.23e-14 1.42e-14 1.90e-14 2.65e-14 3.52e-14 5.58e-14 8.08e-14 1.10e-13 1.44e-13 1.81e-13 
 274   23   21 1.33e-12 1.16e-12 1.13e-12 1.14e-12 1.23e-12 1.47e-12 1.77e-12 2.08e-12 2.63e-12 3.13e-12 3.60e-12 4.05e-12 4.48e-12 
 275   23   20 6.90e-11 6.45e-11 6.39e-11 6.46e-11 6.79e-11 7.60e-11 8.47e-11 9.14e-11 1.01e-10 1.07e-10 1.11e-10 1.15e-10 1.18e-10 
 276   23   22 3.92e-15 4.44e-15 4.78e-15 5.21e-15 6.24e-15 8.82e-15 1.29e-14 1.79e-14 3.08e-14 4.76e-14 6.78e-14 9.15e-14 1.18e-13 
 277   25    2 6.54e-16 6.82e-16 7.37e-16 8.15e-16 1.05e-15 1.86e-15 3.75e-15 7.16e-15 2.09e-14 4.76e-14 8.99e-14 1.48e-13 2.20e-13 
 278   25    3 3.86e-17 4.10e-17 4.49e-17 5.06e-17 6.75e-17 1.29e-16 2.93e-16 6.17e-16 2.17e-15 5.77e-15 1.24e-14 2.24e-14 3.60e-14 
 279   25    1 2.54e-17 2.72e-17 3.00e-17 3.37e-17 4.49e-17 8.62e-17 1.94e-16 4.10e-16 1.43e-15 3.81e-15 8.12e-15 1.47e-14 2.36e-14 
 280   25    5 6.03e-15 6.21e-15 6.62e-15 7.24e-15 9.04e-15 1.50e-14 2.79e-14 4.87e-14 1.21e-13 2.41e-13 4.05e-13 6.09e-13 8.40e-13 
 281   25    6 2.16e-16 2.24e-16 2.42e-16 2.69e-16 3.50e-16 6.36e-16 1.34e-15 2.63e-15 8.15e-15 1.97e-14 3.89e-14 6.68e-14 1.03e-13 
 282   25    4 2.93e-17 3.13e-17 3.46e-17 3.93e-17 5.29e-17 1.04e-16 2.41e-16 5.22e-16 1.95e-15 5.54e-15 1.26e-14 2.42e-14 4.04e-14 
 283   25    8 3.86e-14 3.94e-14 4.18e-14 4.54e-14 5.54e-14 8.71e-14 1.50e-13 2.42e-13 5.15e-13 9.00e-13 1.37e-12 1.88e-12 2.43e-12 
 284   25    9 9.91e-16 1.01e-15 1.07e-15 1.18e-15 1.50e-15 2.58e-15 5.02e-15 9.11e-15 2.43e-14 5.20e-14 9.36e-14 1.48e-13 2.16e-13 
 285   25    7 5.54e-17 5.77e-17 6.28e-17 7.02e-17 9.24e-17 1.72e-16 3.70e-16 7.49e-16 2.50e-15 6.54e-15 1.42e-14 2.64e-14 4.36e-14 
 286   25   10 1.95e-13 1.98e-13 2.09e-13 2.25e-13 2.71e-13 4.07e-13 6.51e-13 9.73e-13 1.80e-12 2.80e-12 3.88e-12 4.96e-12 6.01e-12 
 287   25   12 3.93e-15 3.94e-15 4.16e-15 4.54e-15 5.63e-15 9.24e-15 1.66e-14 2.82e-14 6.54e-14 1.24e-13 2.02e-13 2.98e-13 4.07e-13 
 288   25   11 1.33e-16 1.34e-16 1.44e-16 1.59e-16 2.05e-16 3.61e-16 7.20e-16 1.34e-15 3.83e-15 8.85e-15 1.73e-14 3.01e-14 4.71e-14 
 289   25   13 8.30e-13 8.44e-13 8.86e-13 9.50e-13 1.12e-12 1.61e-12 2.41e-12 3.34e-12 5.44e-12 7.60e-12 9.66e-12 1.16e-11 1.32e-11 
 290   25   15 1.36e-14 1.34e-14 1.40e-14 1.53e-14 1.86e-14 2.91e-14 4.93e-14 7.74e-14 1.57e-13 2.67e-13 3.99e-13 5.47e-13 7.05e-13 
 291   25   14 3.22e-16 3.15e-16 3.33e-16 3.64e-16 4.60e-16 7.78e-16 1.46e-15 2.53e-15 6.28e-15 1.29e-14 2.30e-14 3.67e-14 5.40e-14 
 292   25   16 3.17e-12 3.22e-12 3.37e-12 3.57e-12 4.15e-12 5.65e-12 7.83e-12 1.01e-11 1.46e-11 1.86e-11 2.19e-11 2.47e-11 2.72e-11 
 293   25   18 4.14e-14 4.05e-14 4.22e-14 4.52e-14 5.44e-14 8.16e-14 1.29e-13 1.88e-13 3.38e-13 5.15e-13 7.11e-13 9.17e-13 1.13e-12 
 294   25   17 7.34e-16 6.93e-16 7.19e-16 7.81e-16 9.69e-16 1.57e-15 2.75e-15 4.48e-15 9.90e-15 1.83e-14 3.00e-14 4.48e-14 6.25e-14 
 295   25   19 1.23e-11 1.24e-11 1.28e-11 1.35e-11 1.51e-11 1.92e-11 2.45e-11 2.93e-11 3.72e-11 4.32e-11 4.78e-11 5.15e-11 5.46e-11 
 296   25   21 1.14e-13 1.10e-13 1.13e-13 1.20e-13 1.40e-13 2.01e-13 2.94e-13 4.03e-13 6.40e-13 8.92e-13 1.15e-12 1.40e-12 1.65e-12 
 297   25   20 1.62e-15 1.43e-15 1.43e-15 1.53e-15 1.84e-15 2.84e-15 4.69e-15 7.17e-15 1.42e-14 2.41e-14 3.66e-14 5.20e-14 6.95e-14 
 298   25   22 5.61e-11 5.59e-11 5.70e-11 5.87e-11 6.31e-11 7.23e-11 8.22e-11 9.00e-11 1.01e-10 1.08e-10 1.13e-10 1.18e-10 1.21e-10 
 299   25   24 3.08e-13 2.76e-13 2.69e-13 2.79e-13 3.16e-13 4.25e-13 5.81e-13 7.42e-13 1.06e-12 1.36e-12 1.65e-12 1.94e-12 2.20e-12 
 300   25   23 4.11e-15 2.97e-15 2.71e-15 2.72e-15 3.09e-15 4.44e-15 6.79e-15 9.77e-15 1.76e-14 2.76e-14 4.01e-14 5.46e-14 7.08e-14 
 301   27    2 3.05e-16 3.17e-16 3.44e-16 3.81e-16 4.91e-16 8.75e-16 1.80e-15 3.48e-15 1.04e-14 2.43e-14 4.71e-14 7.92e-14 1.19e-13 
 302   27    3 3.70e-16 3.85e-16 4.16e-16 4.62e-16 5.94e-16 1.06e-15 2.17e-15 4.18e-15 1.25e-14 2.90e-14 5.59e-14 9.35e-14 1.40e-13 
 303   27    1 7.77e-20 6.34e-20 5.85e-20 5.72e-20 5.95e-20 7.50e-20 1.09e-19 1.62e-19 3.45e-19 6.72e-19 1.19e-18 1.91e-18 2.83e-18 
 304   27    5 1.39e-15 1.42e-15 1.51e-15 1.66e-15 2.09e-15 3.52e-15 6.69e-15 1.20e-14 3.12e-14 6.53e-14 1.16e-13 1.81e-13 2.61e-13 
 305   27    6 4.60e-15 4.73e-15 5.03e-15 5.50e-15 6.86e-15 1.14e-14 2.10e-14 3.66e-14 9.00e-14 1.77e-13 2.98e-13 4.48e-13 6.17e-13 
 306   27    4 2.39e-16 2.49e-16 2.69e-16 3.01e-16 3.89e-16 7.02e-16 1.46e-15 2.84e-15 8.63e-15 2.03e-14 3.94e-14 6.65e-14 1.01e-13 
 307   27    8 5.37e-15 5.46e-15 5.79e-15 6.29e-15 7.75e-15 1.24e-14 2.20e-14 3.64e-14 8.26e-14 1.54e-13 2.49e-13 3.63e-13 4.92e-13 
 308   27    9 3.31e-14 3.38e-14 3.57e-14 3.86e-14 4.73e-14 7.41e-14 1.27e-13 2.03e-13 4.30e-13 7.44e-13 1.12e-12 1.54e-12 1.97e-12 
 309   27    7 1.10e-15 1.13e-15 1.22e-15 1.34e-15 1.70e-15 2.93e-15 5.65e-15 1.02e-14 2.72e-14 5.73e-14 1.03e-13 1.62e-13 2.34e-13 
 310   27   10 1.79e-14 1.80e-14 1.91e-14 2.06e-14 2.50e-14 3.83e-14 6.35e-14 9.81e-14 1.95e-13 3.27e-13 4.84e-13 6.60e-13 8.47e-13 
 311   27   12 1.76e-13 1.80e-13 1.90e-13 2.03e-13 2.45e-13 3.66e-13 5.84e-13 8.70e-13 1.61e-12 2.47e-12 3.38e-12 4.29e-12 5.15e-12 
 312   27   11 4.29e-15 4.37e-15 4.67e-15 5.10e-15 6.36e-15 1.04e-14 1.88e-14 3.16e-14 7.30e-14 1.37e-13 2.24e-13 3.28e-13 4.48e-13 
 313   27   13 5.18e-14 5.21e-14 5.47e-14 5.88e-14 7.04e-14 1.04e-13 1.61e-13 2.34e-13 4.12e-13 6.25e-13 8.56e-13 1.10e-12 1.34e-12 
 314   27   15 7.77e-13 7.89e-13 8.27e-13 8.86e-13 1.05e-12 1.50e-12 2.23e-12 3.09e-12 5.00e-12 6.95e-12 8.77e-12 1.04e-11 1.19e-11 
 315   27   14 1.44e-14 1.47e-14 1.57e-14 1.70e-14 2.09e-14 3.27e-14 5.51e-14 8.63e-14 1.75e-13 2.95e-13 4.40e-13 6.03e-13 7.77e-13 
 316   27   16 1.33e-13 1.32e-13 1.39e-13 1.48e-13 1.75e-13 2.46e-13 3.59e-13 4.88e-13 7.72e-13 1.07e-12 1.37e-12 1.68e-12 1.95e-12 
 317   27   18 3.04e-12 3.08e-12 3.22e-12 3.42e-12 3.96e-12 5.37e-12 7.45e-12 9.63e-12 1.37e-11 1.75e-11 2.05e-11 2.30e-11 2.52e-11 
 318   27   17 4.33e-14 4.37e-14 4.63e-14 5.02e-14 6.07e-14 9.13e-14 1.43e-13 2.09e-13 3.74e-13 5.70e-13 7.86e-13 1.01e-12 1.24e-12 
 319   27   19 3.09e-13 3.08e-13 3.20e-13 3.39e-13 3.92e-13 5.24e-13 7.09e-13 9.03e-13 1.28e-12 1.65e-12 1.99e-12 2.32e-12 2.64e-12 
 320   27   21 1.20e-11 1.21e-11 1.25e-11 1.31e-11 1.47e-11 1.87e-11 2.38e-11 2.83e-11 3.59e-11 4.15e-11 4.58e-11 4.92e-11 5.18e-11 
 321   27   20 1.14e-13 1.15e-13 1.21e-13 1.30e-13 1.55e-13 2.23e-13 3.27e-13 4.47e-13 7.08e-13 9.85e-13 1.27e-12 1.54e-12 1.81e-12 
 322   27   22 6.14e-13 6.18e-13 6.43e-13 6.78e-13 7.61e-13 9.54e-13 1.20e-12 1.43e-12 1.84e-12 2.21e-12 2.57e-12 2.89e-12 3.20e-12 
 323   27   24 5.57e-11 5.52e-11 5.63e-11 5.80e-11 6.23e-11 7.13e-11 8.10e-11 8.84e-11 9.88e-11 1.06e-10 1.11e-10 1.15e-10 1.18e-10 
 324   27   23 2.49e-13 2.52e-13 2.67e-13 2.87e-13 3.41e-13 4.69e-13 6.43e-13 8.20e-13 1.17e-12 1.50e-12 1.83e-12 2.13e-12 2.42e-12 
 325   27   25 4.01e-13 4.74e-13 5.31e-13 5.85e-13 6.93e-13 8.92e-13 1.11e-12 1.30e-12 1.65e-12 1.97e-12 2.27e-12 2.56e-12 2.84e-12 
 326   27   26 4.44e-13 4.99e-13 5.51e-13 6.05e-13 7.12e-13 9.15e-13 1.14e-12 1.34e-12 1.69e-12 2.02e-12 2.34e-12 2.65e-12 2.94e-12 
 327   26    2 1.98e-16 2.08e-16 2.27e-16 2.53e-16 3.30e-16 6.01e-16 1.28e-15 2.54e-15 8.12e-15 2.01e-14 4.07e-14 7.12e-14 1.11e-13 
 328   26    3 3.15e-16 3.28e-16 3.56e-16 3.94e-16 5.06e-16 8.92e-16 1.80e-15 3.44e-15 9.94e-15 2.24e-14 4.21e-14 6.89e-14 1.01e-13 
 329   26    1 2.17e-16 2.27e-16 2.45e-16 2.71e-16 3.48e-16 6.13e-16 1.24e-15 2.35e-15 6.82e-15 1.54e-14 2.89e-14 4.71e-14 6.94e-14 
 330   26    5 3.13e-16 3.26e-16 3.52e-16 3.89e-16 4.96e-16 8.63e-16 1.72e-15 3.24e-15 9.52e-15 2.24e-14 4.43e-14 7.66e-14 1.19e-13 
 331   26    6 1.53e-15 1.58e-15 1.69e-15 1.86e-15 2.34e-15 3.93e-15 7.46e-15 1.33e-14 3.44e-14 7.11e-14 1.25e-13 1.94e-13 2.75e-13 
 332   26    4 4.38e-15 4.54e-15 4.84e-15 5.31e-15 6.62e-15 1.10e-14 2.03e-14 3.55e-14 8.73e-14 1.72e-13 2.89e-13 4.30e-13 5.90e-13 
 333   26    8 6.43e-16 6.62e-16 7.06e-16 7.72e-16 9.63e-16 1.59e-15 2.94e-15 5.11e-15 1.30e-14 2.72e-14 4.93e-14 8.05e-14 1.20e-13 
 334   26    9 5.95e-15 6.12e-15 6.49e-15 7.06e-15 8.69e-15 1.39e-14 2.46e-14 4.07e-14 9.19e-14 1.70e-13 2.75e-13 3.99e-13 5.37e-13 
 335   26    7 3.26e-14 3.35e-14 3.56e-14 3.86e-14 4.73e-14 7.45e-14 1.28e-13 2.06e-13 4.37e-13 7.61e-13 1.15e-12 1.58e-12 2.03e-12 
 336   26   10 1.33e-15 1.36e-15 1.44e-15 1.57e-15 1.91e-15 3.04e-15 5.25e-15 8.52e-15 1.90e-14 3.55e-14 5.88e-14 8.93e-14 1.26e-13 
 337   26   12 1.99e-14 2.03e-14 2.14e-14 2.31e-14 2.80e-14 4.29e-14 7.08e-14 1.09e-13 2.17e-13 3.63e-13 5.36e-13 7.28e-13 9.32e-13 
 338   26   11 1.75e-13 1.79e-13 1.90e-13 2.05e-13 2.46e-13 3.70e-13 5.92e-13 8.85e-13 1.64e-12 2.54e-12 3.50e-12 4.48e-12 5.40e-12 
 339   26   13 2.56e-15 2.57e-15 2.71e-15 2.91e-15 3.53e-15 5.39e-15 8.80e-15 1.35e-14 2.68e-14 4.55e-14 6.98e-14 9.96e-14 1.34e-13 
 340   26   15 5.80e-14 5.88e-14 6.17e-14 6.62e-14 7.90e-14 1.16e-13 1.80e-13 2.60e-13 4.58e-13 6.91e-13 9.47e-13 1.21e-12 1.48e-12 
 341   26   14 7.64e-13 7.88e-13 8.31e-13 8.92e-13 1.06e-12 1.51e-12 2.27e-12 3.15e-12 5.13e-12 7.15e-12 9.07e-12 1.08e-11 1.24e-11 
 342   26   16 4.45e-15 4.37e-15 4.54e-15 4.87e-15 5.79e-15 8.49e-15 1.32e-14 1.91e-14 3.44e-14 5.40e-14 7.81e-14 1.06e-13 1.37e-13 
 343   26   18 1.51e-13 1.51e-13 1.58e-13 1.68e-13 1.97e-13 2.76e-13 4.00e-13 5.42e-13 8.56e-13 1.18e-12 1.51e-12 1.84e-12 2.16e-12 
 344   26   17 2.97e-12 3.06e-12 3.22e-12 3.44e-12 3.99e-12 5.43e-12 7.55e-12 9.77e-12 1.40e-11 1.79e-11 2.10e-11 2.38e-11 2.60e-11 
 345   26   19 7.33e-15 6.68e-15 6.71e-15 7.02e-15 8.14e-15 1.14e-14 1.66e-14 2.30e-14 3.82e-14 5.68e-14 7.83e-14 1.03e-13 1.29e-13 
 346   26   21 3.77e-13 3.66e-13 3.74e-13 3.93e-13 4.47e-13 5.90e-13 7.93e-13 1.00e-12 1.42e-12 1.83e-12 2.20e-12 2.56e-12 2.90e-12 
 347   26   20 1.17e-11 1.20e-11 1.25e-11 1.31e-11 1.48e-11 1.88e-11 2.39e-11 2.86e-11 3.64e-11 4.22e-11 4.67e-11 5.03e-11 5.33e-11 
 348   26   22 1.04e-14 8.37e-15 7.79e-15 7.81e-15 8.60e-15 1.14e-14 1.59e-14 2.12e-14 3.37e-14 4.85e-14 6.58e-14 8.55e-14 1.07e-13 
 349   26   24 9.40e-13 8.40e-13 8.19e-13 8.31e-13 9.00e-13 1.09e-12 1.35e-12 1.59e-12 2.05e-12 2.45e-12 2.83e-12 3.19e-12 3.52e-12 
 350   26   23 5.42e-11 5.48e-11 5.61e-11 5.79e-11 6.23e-11 7.16e-11 8.14e-11 8.91e-11 9.98e-11 1.07e-10 1.12e-10 1.16e-10 1.20e-10 
 351   26   25 2.52e-15 2.71e-15 2.93e-15 3.20e-15 3.88e-15 5.52e-15 8.07e-15 1.11e-14 1.90e-14 2.89e-14 4.10e-14 5.50e-14 7.06e-14 
 352   28    2 1.25e-16 1.30e-16 1.40e-16 1.57e-16 2.05e-16 3.79e-16 8.25e-16 1.69e-15 5.65e-15 1.44e-14 3.02e-14 5.39e-14 8.51e-14 
 353   28    3 6.98e-18 7.37e-18 8.12e-18 9.22e-18 1.25e-17 2.52e-17 6.06e-17 1.37e-16 5.50e-16 1.65e-15 3.89e-15 7.61e-15 1.29e-14 
 354   28    1 4.63e-18 4.91e-18 5.42e-18 6.16e-18 8.36e-18 1.68e-17 4.03e-17 9.10e-17 3.64e-16 1.09e-15 2.57e-15 5.02e-15 8.49e-15 
 355   28    5 1.24e-15 1.26e-15 1.35e-15 1.48e-15 1.88e-15 3.27e-15 6.54e-15 1.23e-14 3.49e-14 7.81e-14 1.46e-13 2.38e-13 3.49e-13 
 356   28    6 4.18e-17 4.30e-17 4.66e-17 5.22e-17 6.89e-17 1.31e-16 2.94e-16 6.18e-16 2.19e-15 5.91e-15 1.29e-14 2.39e-14 3.88e-14 
 357   28    4 5.48e-18 5.80e-18 6.42e-18 7.33e-18 1.00e-17 2.05e-17 5.03e-17 1.17e-16 4.93e-16 1.57e-15 3.89e-15 7.96e-15 1.39e-14 
 358   28    8 8.49e-15 8.60e-15 9.13e-15 9.94e-15 1.24e-14 2.03e-14 3.77e-14 6.54e-14 1.61e-13 3.15e-13 5.28e-13 7.88e-13 1.08e-12 
 359   28    9 2.09e-16 2.10e-16 2.24e-16 2.47e-16 3.17e-16 5.70e-16 1.19e-15 2.31e-15 7.06e-15 1.69e-14 3.34e-14 5.72e-14 8.77e-14 
 360   28    7 1.14e-17 1.17e-17 1.28e-17 1.43e-17 1.91e-17 3.67e-17 8.38e-17 1.80e-16 6.75e-16 1.95e-15 4.59e-15 9.06e-15 1.55e-14 
 361   28   10 4.60e-14 4.63e-14 4.89e-14 5.29e-14 6.47e-14 1.02e-13 1.76e-13 2.84e-13 6.06e-13 1.06e-12 1.61e-12 2.21e-12 2.83e-12 
 362   28   12 9.06e-16 8.93e-16 9.41e-16 1.03e-15 1.29e-15 2.21e-15 4.30e-15 7.78e-15 2.06e-14 4.36e-14 7.81e-14 1.24e-13 1.79e-13 
 363   28   11 3.02e-17 3.02e-17 3.23e-17 3.59e-17 4.66e-17 8.51e-17 1.80e-16 3.57e-16 1.15e-15 2.91e-15 6.16e-15 1.13e-14 1.83e-14 
 364   28   13 2.08e-13 2.09e-13 2.20e-13 2.36e-13 2.84e-13 4.32e-13 7.00e-13 1.05e-12 1.97e-12 3.08e-12 4.26e-12 5.46e-12 6.60e-12 
 365   28   15 3.44e-15 3.34e-15 3.48e-15 3.77e-15 4.66e-15 7.64e-15 1.39e-14 2.35e-14 5.44e-14 1.02e-13 1.68e-13 2.46e-13 3.34e-13 
 366   28   14 8.12e-17 7.88e-17 8.29e-17 9.08e-17 1.16e-16 2.03e-16 4.03e-16 7.46e-16 2.09e-15 4.69e-15 8.97e-15 1.51e-14 2.32e-14 
 367   28   16 8.23e-13 8.27e-13 8.67e-13 9.29e-13 1.10e-12 1.59e-12 2.42e-12 3.41e-12 5.63e-12 7.94e-12 1.02e-11 1.22e-11 1.40e-11 
 368   28   18 1.14e-14 1.10e-14 1.13e-14 1.22e-14 1.48e-14 2.35e-14 4.00e-14 6.31e-14 1.29e-13 2.19e-13 3.27e-13 4.48e-13 5.77e-13 
 369   28   17 2.05e-16 1.92e-16 2.01e-16 2.17e-16 2.72e-16 4.60e-16 8.62e-16 1.50e-15 3.70e-15 7.46e-15 1.31e-14 2.06e-14 2.98e-14 
 370   28   19 3.05e-12 3.05e-12 3.17e-12 3.38e-12 3.94e-12 5.43e-12 7.64e-12 1.00e-11 1.47e-11 1.88e-11 2.24e-11 2.54e-11 2.80e-11 
 371   28   21 3.45e-14 3.26e-14 3.33e-14 3.55e-14 4.26e-14 6.43e-14 1.03e-13 1.51e-13 2.75e-13 4.21e-13 5.81e-13 7.50e-13 9.19e-13 
 372   28   20 4.82e-16 4.34e-16 4.43e-16 4.76e-16 5.87e-16 9.55e-16 1.69e-15 2.76e-15 6.07e-15 1.11e-14 1.81e-14 2.68e-14 3.70e-14 
 373   28   22 1.17e-11 1.16e-11 1.20e-11 1.26e-11 1.43e-11 1.83e-11 2.36e-11 2.86e-11 3.68e-11 4.33e-11 4.82e-11 5.22e-11 5.55e-11 
 374   28   24 9.76e-14 8.92e-14 8.91e-14 9.35e-14 1.09e-13 1.57e-13 2.34e-13 3.23e-13 5.20e-13 7.28e-13 9.39e-13 1.15e-12 1.35e-12 
 375   28   23 1.07e-15 9.06e-16 8.93e-16 9.43e-16 1.14e-15 1.77e-15 2.94e-15 4.54e-15 8.96e-15 1.51e-14 2.30e-14 3.23e-14 4.29e-14 
 376   28   25 5.26e-11 5.17e-11 5.25e-11 5.42e-11 5.84e-11 6.79e-11 7.83e-11 8.69e-11 9.88e-11 1.07e-10 1.13e-10 1.18e-10 1.22e-10 
 377   28   27 3.12e-13 2.53e-13 2.34e-13 2.32e-13 2.57e-13 3.42e-13 4.70e-13 6.05e-13 8.70e-13 1.12e-12 1.36e-12 1.59e-12 1.81e-12 
 378   28   26 2.52e-15 1.86e-15 1.69e-15 1.70e-15 1.95e-15 2.83e-15 4.38e-15 6.34e-15 1.14e-14 1.79e-14 2.57e-14 3.48e-14 4.48e-14 
 379   30    2 5.68e-17 5.98e-17 6.51e-17 7.28e-17 9.58e-17 1.79e-16 3.93e-16 8.15e-16 2.79e-15 7.35e-15 1.57e-14 2.84e-14 4.56e-14 
 380   30    3 6.87e-17 7.20e-17 7.85e-17 8.77e-17 1.15e-16 2.14e-16 4.71e-16 9.74e-16 3.33e-15 8.71e-15 1.86e-14 3.35e-14 5.35e-14 
 381   30    1 1.05e-20 9.47e-21 9.18e-21 9.26e-21 1.01e-20 1.37e-20 2.21e-20 3.60e-20 8.92e-20 1.97e-19 3.82e-19 6.60e-19 1.03e-18 
 382   30    5 2.75e-16 2.86e-16 3.09e-16 3.42e-16 4.37e-16 7.74e-16 1.58e-15 3.02e-15 8.99e-15 2.10e-14 4.11e-14 6.97e-14 1.06e-13 
 383   30    6 9.18e-16 9.47e-16 1.02e-15 1.12e-15 1.42e-15 2.47e-15 4.91e-15 9.18e-15 2.60e-14 5.76e-14 1.07e-13 1.75e-13 2.56e-13 
 384   30    4 4.44e-17 4.69e-17 5.13e-17 5.76e-17 7.61e-17 1.44e-16 3.20e-16 6.68e-16 2.31e-15 6.13e-15 1.32e-14 2.39e-14 3.83e-14 
 385   30    8 1.16e-15 1.20e-15 1.28e-15 1.40e-15 1.77e-15 2.97e-15 5.62e-15 1.00e-14 2.60e-14 5.39e-14 9.54e-14 1.50e-13 2.14e-13 
 386   30    9 7.06e-15 7.24e-15 7.71e-15 8.42e-15 1.05e-14 1.73e-14 3.19e-14 5.50e-14 1.33e-13 2.60e-13 4.32e-13 6.39e-13 8.70e-13 
 387   30    7 2.19e-16 2.30e-16 2.49e-16 2.76e-16 3.57e-16 6.42e-16 1.33e-15 2.58e-15 7.82e-15 1.86e-14 3.64e-14 6.20e-14 9.46e-14 
 388   30   10 4.21e-15 4.34e-15 4.63e-15 5.04e-15 6.24e-15 1.00e-14 1.79e-14 2.97e-14 6.73e-14 1.25e-13 2.02e-13 2.95e-13 3.99e-13 
 389   30   12 4.03e-14 4.12e-14 4.37e-14 4.74e-14 5.80e-14 9.15e-14 1.58e-13 2.53e-13 5.36e-13 9.28e-13 1.40e-12 1.91e-12 2.43e-12 
 390   30   11 9.19e-16 9.57e-16 1.03e-15 1.14e-15 1.44e-15 2.49e-15 4.80e-15 8.66e-15 2.28e-14 4.81e-14 8.58e-14 1.36e-13 1.95e-13 
 391   30   13 1.33e-14 1.37e-14 1.46e-14 1.58e-14 1.92e-14 2.98e-14 5.00e-14 7.81e-14 1.57e-13 2.64e-13 3.90e-13 5.33e-13 6.83e-13 
 392   30   15 1.87e-13 1.91e-13 2.02e-13 2.19e-13 2.64e-13 4.00e-13 6.46e-13 9.70e-13 1.80e-12 2.80e-12 3.86e-12 4.91e-12 5.90e-12 
 393   30   14 3.37e-15 3.49e-15 3.75e-15 4.12e-15 5.15e-15 8.51e-15 1.54e-14 2.60e-14 6.01e-14 1.13e-13 1.84e-13 2.69e-13 3.66e-13 
 394   30   16 3.71e-14 3.81e-14 4.04e-14 4.37e-14 5.26e-14 7.88e-14 1.24e-13 1.81e-13 3.27e-13 4.99e-13 6.87e-13 8.84e-13 1.08e-12 
 395   30   18 7.53e-13 7.74e-13 8.18e-13 8.78e-13 1.04e-12 1.51e-12 2.30e-12 3.22e-12 5.29e-12 7.42e-12 9.44e-12 1.13e-11 1.29e-11 
 396   30   17 1.09e-14 1.13e-14 1.21e-14 1.32e-14 1.64e-14 2.60e-14 4.41e-14 6.97e-14 1.42e-13 2.41e-13 3.59e-13 4.91e-13 6.31e-13 
 397   30   19 9.39e-14 9.58e-14 1.01e-13 1.09e-13 1.29e-13 1.86e-13 2.75e-13 3.78e-13 6.10e-13 8.55e-13 1.10e-12 1.34e-12 1.58e-12 
 398   30   21 2.82e-12 2.90e-12 3.04e-12 3.24e-12 3.79e-12 5.22e-12 7.35e-12 9.62e-12 1.40e-11 1.80e-11 2.13e-11 2.41e-11 2.64e-11 
 399   30   20 3.16e-14 3.26e-14 3.49e-14 3.79e-14 4.65e-14 7.08e-14 1.13e-13 1.66e-13 3.01e-13 4.60e-13 6.36e-13 8.20e-13 1.00e-12 
 400   30   22 2.24e-13 2.25e-13 2.35e-13 2.52e-13 2.91e-13 3.96e-13 5.46e-13 7.04e-13 1.02e-12 1.32e-12 1.61e-12 1.88e-12 2.13e-12 
 401   30   24 1.10e-11 1.12e-11 1.16e-11 1.23e-11 1.39e-11 1.79e-11 2.30e-11 2.78e-11 3.59e-11 4.19e-11 4.66e-11 5.03e-11 5.33e-11 
 402   30   23 8.16e-14 8.42e-14 8.99e-14 9.76e-14 1.18e-13 1.72e-13 2.57e-13 3.55e-13 5.69e-13 7.97e-13 1.03e-12 1.25e-12 1.47e-12 
 403   30   25 4.85e-13 4.71e-13 4.87e-13 5.10e-13 5.76e-13 7.33e-13 9.35e-13 1.13e-12 1.48e-12 1.79e-12 2.09e-12 2.35e-12 2.61e-12 
 404   30   27 5.02e-11 5.03e-11 5.15e-11 5.32e-11 5.76e-11 6.69e-11 7.74e-11 8.56e-11 9.72e-11 1.05e-10 1.11e-10 1.15e-10 1.19e-10 
 405   30   26 1.87e-13 1.91e-13 2.03e-13 2.21e-13 2.64e-13 3.68e-13 5.13e-13 6.61e-13 9.51e-13 1.23e-12 1.48e-12 1.75e-12 1.98e-12 
 406   30   28 3.64e-13 4.05e-13 4.47e-13 4.89e-13 5.77e-13 7.48e-13 9.36e-13 1.10e-12 1.39e-12 1.65e-12 1.90e-12 2.13e-12 2.36e-12 
 407   30   29 4.00e-13 4.26e-13 4.63e-13 5.04e-13 5.92e-13 7.66e-13 9.58e-13 1.13e-12 1.43e-12 1.69e-12 1.95e-12 2.20e-12 2.43e-12 
 408   29    2 3.52e-17 3.83e-17 4.25e-17 4.78e-17 6.36e-17 1.22e-16 2.75e-16 5.87e-16 2.13e-15 5.92e-15 1.32e-14 2.49e-14 4.10e-14 
 409   29    3 5.69e-17 6.13e-17 6.72e-17 7.52e-17 9.85e-17 1.83e-16 3.96e-16 8.08e-16 2.68e-15 6.84e-15 1.42e-14 2.52e-14 3.94e-14 
 410   29    1 3.89e-17 4.19e-17 4.60e-17 5.15e-17 6.76e-17 1.25e-16 2.72e-16 5.54e-16 1.84e-15 4.69e-15 9.70e-15 1.72e-14 2.69e-14 
 411   29    5 6.14e-17 6.58e-17 7.17e-17 8.00e-17 1.04e-16 1.88e-16 4.01e-16 8.05e-16 2.67e-15 6.93e-15 1.50e-14 2.75e-14 4.48e-14 
 412   29    6 3.00e-16 3.17e-16 3.44e-16 3.81e-16 4.87e-16 8.59e-16 1.75e-15 3.34e-15 9.85e-15 2.30e-14 4.43e-14 7.44e-14 1.12e-13 
 413   29    4 8.47e-16 8.99e-16 9.72e-16 1.07e-15 1.37e-15 2.38e-15 4.74e-15 8.89e-15 2.52e-14 5.58e-14 1.03e-13 1.68e-13 2.45e-13 
 414   29    8 1.40e-16 1.48e-16 1.59e-16 1.76e-16 2.24e-16 3.86e-16 7.60e-16 1.42e-15 4.01e-15 9.24e-15 1.81e-14 3.12e-14 4.85e-14 
 415   29    9 1.27e-15 1.33e-15 1.43e-15 1.57e-15 1.97e-15 3.30e-15 6.24e-15 1.11e-14 2.86e-14 5.94e-14 1.05e-13 1.64e-13 2.34e-13 
 416   29    7 6.79e-15 7.15e-15 7.66e-15 8.38e-15 1.05e-14 1.73e-14 3.20e-14 5.54e-14 1.35e-13 2.65e-13 4.43e-13 6.60e-13 9.02e-13 
 417   29   10 3.22e-16 3.39e-16 3.64e-16 3.99e-16 4.99e-16 8.25e-16 1.53e-15 2.64e-15 6.57e-15 1.35e-14 2.39e-14 3.83e-14 5.62e-14 
 418   29   12 4.60e-15 4.82e-15 5.14e-15 5.61e-15 6.93e-15 1.11e-14 1.98e-14 3.27e-14 7.42e-14 1.37e-13 2.23e-13 3.23e-13 4.37e-13 
 419   29   11 3.90e-14 4.10e-14 4.37e-14 4.76e-14 5.84e-14 9.24e-14 1.59e-13 2.57e-13 5.48e-13 9.52e-13 1.44e-12 1.98e-12 2.54e-12 
 420   29   13 6.97e-16 7.26e-16 7.74e-16 8.44e-16 1.04e-15 1.66e-15 2.90e-15 4.73e-15 1.05e-14 1.95e-14 3.19e-14 4.77e-14 6.62e-14 
 421   29   15 1.46e-14 1.53e-14 1.62e-14 1.76e-14 2.14e-14 3.31e-14 5.52e-14 8.59e-14 1.73e-13 2.89e-13 4.29e-13 5.84e-13 7.48e-13 
 422   29   14 1.81e-13 1.91e-13 2.03e-13 2.20e-13 2.67e-13 4.04e-13 6.54e-13 9.85e-13 1.84e-12 2.87e-12 3.97e-12 5.09e-12 6.14e-12 
 423   29   16 1.39e-15 1.42e-15 1.50e-15 1.62e-15 1.97e-15 3.04e-15 5.03e-15 7.77e-15 1.55e-14 2.64e-14 4.04e-14 5.70e-14 7.59e-14 
 424   29   18 4.12e-14 4.29e-14 4.54e-14 4.89e-14 5.87e-14 8.73e-14 1.37e-13 2.01e-13 3.59e-13 5.47e-13 7.53e-13 9.66e-13 1.18e-12 
 425   29   17 7.27e-13 7.68e-13 8.18e-13 8.82e-13 1.05e-12 1.53e-12 2.32e-12 3.27e-12 5.40e-12 7.60e-12 9.70e-12 1.16e-11 1.34e-11 
 426   29   19 2.49e-15 2.46e-15 2.57e-15 2.75e-15 3.30e-15 4.92e-15 7.74e-15 1.13e-14 2.06e-14 3.26e-14 4.70e-14 6.35e-14 8.16e-14 
 427   29   21 1.08e-13 1.10e-13 1.15e-13 1.23e-13 1.46e-13 2.06e-13 3.04e-13 4.16e-13 6.69e-13 9.36e-13 1.21e-12 1.47e-12 1.72e-12 
 428   29   20 2.71e-12 2.86e-12 3.04e-12 3.26e-12 3.81e-12 5.26e-12 7.44e-12 9.74e-12 1.43e-11 1.83e-11 2.17e-11 2.46e-11 2.71e-11 
 429   29   22 4.16e-15 3.82e-15 3.85e-15 4.05e-15 4.76e-15 6.79e-15 1.01e-14 1.40e-14 2.36e-14 3.52e-14 4.87e-14 6.35e-14 7.97e-14 
 430   29   24 2.73e-13 2.68e-13 2.75e-13 2.89e-13 3.31e-13 4.43e-13 6.05e-13 7.77e-13 1.12e-12 1.44e-12 1.76e-12 2.05e-12 2.32e-12 
 431   29   23 1.05e-11 1.10e-11 1.16e-11 1.23e-11 1.40e-11 1.80e-11 2.32e-11 2.80e-11 3.63e-11 4.25e-11 4.74e-11 5.13e-11 5.44e-11 
 432   29   25 7.38e-15 5.51e-15 4.96e-15 4.89e-15 5.33e-15 7.12e-15 1.01e-14 1.35e-14 2.16e-14 3.11e-14 4.19e-14 5.42e-14 6.72e-14 
 433   29   27 7.13e-13 6.27e-13 6.10e-13 6.20e-13 6.73e-13 8.30e-13 1.04e-12 1.25e-12 1.62e-12 1.97e-12 2.28e-12 2.57e-12 2.84e-12 
 434   29   26 4.73e-11 4.93e-11 5.10e-11 5.31e-11 5.76e-11 6.72e-11 7.77e-11 8.60e-11 9.80e-11 1.06e-10 1.12e-10 1.17e-10 1.21e-10 
 435   29   28 2.23e-15 2.08e-15 2.10e-15 2.23e-15 2.63e-15 3.70e-15 5.36e-15 7.35e-15 1.24e-14 1.87e-14 2.64e-14 3.52e-14 4.48e-14 
 436   31    2 2.13e-17 2.36e-17 2.60e-17 2.94e-17 3.92e-17 7.57e-17 1.76e-16 3.83e-16 1.46e-15 4.21e-15 9.62e-15 1.83e-14 3.02e-14 
 437   31    3 1.12e-18 1.27e-18 1.43e-18 1.65e-18 2.28e-18 4.78e-18 1.23e-17 2.95e-17 1.34e-16 4.49e-16 1.15e-15 2.39e-15 4.16e-15 
 438   31    1 7.48e-19 8.49e-19 9.57e-19 1.10e-18 1.53e-18 3.17e-18 8.12e-18 1.95e-17 8.89e-17 2.97e-16 7.63e-16 1.58e-15 2.75e-15 
 439   31    5 2.23e-16 2.43e-16 2.64e-16 2.94e-16 3.81e-16 6.93e-16 1.47e-15 2.97e-15 9.62e-15 2.42e-14 4.96e-14 8.70e-14 1.35e-13 
 440   31    6 7.01e-18 7.78e-18 8.63e-18 9.79e-18 1.32e-17 2.63e-17 6.25e-17 1.40e-16 5.63e-16 1.70e-15 4.04e-15 7.93e-15 1.34e-14 
 441   31    4 8.97e-19 1.02e-18 1.15e-18 1.33e-18 1.86e-18 3.96e-18 1.03e-17 2.53e-17 1.20e-16 4.22e-16 1.13e-15 2.41e-15 4.32e-15 
 442   31    8 1.64e-15 1.76e-15 1.91e-15 2.10e-15 2.65e-15 4.59e-15 9.08e-15 1.69e-14 4.73e-14 1.04e-13 1.92e-13 3.11e-13 4.51e-13 
 443   31    9 3.68e-17 4.01e-17 4.40e-17 4.93e-17 6.49e-17 1.22e-16 2.69e-16 5.62e-16 1.95e-15 5.20e-15 1.12e-14 2.05e-14 3.28e-14 
 444   31    7 1.99e-18 2.21e-18 2.46e-18 2.80e-18 3.81e-18 7.64e-18 1.84e-17 4.21e-17 1.76e-16 5.59e-16 1.40e-15 2.89e-15 5.03e-15 
 445   31   10 9.50e-15 1.02e-14 1.09e-14 1.19e-14 1.48e-14 2.46e-14 4.55e-14 7.90e-14 1.92e-13 3.77e-13 6.28e-13 9.32e-13 1.27e-12 
 446   31   12 1.69e-16 1.81e-16 1.98e-16 2.20e-16 2.83e-16 5.09e-16 1.05e-15 2.03e-15 6.14e-15 1.44e-14 2.83e-14 4.81e-14 7.28e-14 
 447   31   11 5.61e-18 6.12e-18 6.73e-18 7.57e-18 1.01e-17 1.92e-17 4.32e-17 9.08e-17 3.26e-16 9.08e-16 2.06e-15 3.94e-15 6.54e-15 
 448   31   13 4.55e-14 4.87e-14 5.21e-14 5.66e-14 6.95e-14 1.11e-13 1.94e-13 3.13e-13 6.73e-13 1.18e-12 1.79e-12 2.46e-12 3.15e-12 
 449   31   15 6.75e-16 7.22e-16 7.79e-16 8.60e-16 1.10e-15 1.90e-15 3.68e-15 6.67e-15 1.76e-14 3.70e-14 6.58e-14 1.04e-13 1.48e-13 
 450   31   14 1.58e-17 1.70e-17 1.87e-17 2.09e-17 2.72e-17 5.00e-17 1.06e-16 2.08e-16 6.50e-16 1.61e-15 3.31e-15 5.88e-15 9.26e-15 
 451   31   16 1.90e-13 2.02e-13 2.16e-13 2.34e-13 2.83e-13 4.34e-13 7.15e-13 1.09e-12 2.08e-12 3.26e-12 4.52e-12 5.80e-12 7.02e-12 
 452   31   18 2.36e-15 2.53e-15 2.72e-15 2.98e-15 3.75e-15 6.27e-15 1.15e-14 1.95e-14 4.56e-14 8.59e-14 1.40e-13 2.05e-13 2.78e-13 
 453   31   17 4.22e-17 4.48e-17 4.87e-17 5.42e-17 7.01e-17 1.24e-16 2.49e-16 4.60e-16 1.27e-15 2.82e-15 5.32e-15 8.82e-15 1.32e-14 
 454   31   19 7.11e-13 7.59e-13 8.07e-13 8.70e-13 1.04e-12 1.53e-12 2.36e-12 3.38e-12 5.69e-12 8.11e-12 1.04e-11 1.26e-11 1.46e-11 
 455   31   21 7.37e-15 7.86e-15 8.47e-15 9.28e-15 1.16e-14 1.87e-14 3.24e-14 5.17e-14 1.07e-13 1.81e-13 2.72e-13 3.72e-13 4.78e-13 
 456   31   20 1.04e-16 1.08e-16 1.17e-16 1.30e-16 1.66e-16 2.87e-16 5.43e-16 9.48e-16 2.34e-15 4.70e-15 8.16e-15 1.27e-14 1.81e-14 
 457   31   22 2.56e-12 2.72e-12 2.89e-12 3.09e-12 3.63e-12 5.07e-12 7.28e-12 9.70e-12 1.46e-11 1.88e-11 2.25e-11 2.57e-11 2.84e-11 
 458   31   24 2.06e-14 2.21e-14 2.39e-14 2.61e-14 3.23e-14 5.02e-14 8.19e-14 1.23e-13 2.25e-13 3.48e-13 4.82e-13 6.23e-13 7.63e-13 
 459   31   23 2.38e-16 2.41e-16 2.57e-16 2.83e-16 3.60e-16 6.03e-16 1.08e-15 1.79e-15 3.94e-15 7.23e-15 1.17e-14 1.72e-14 2.35e-14 
 460   31   25 9.70e-12 1.03e-11 1.08e-11 1.15e-11 1.31e-11 1.70e-11 2.23e-11 2.73e-11 3.60e-11 4.29e-11 4.81e-11 5.24e-11 5.58e-11 
 461   31   27 5.20e-14 5.65e-14 6.09e-14 6.65e-14 8.12e-14 1.21e-13 1.86e-13 2.61e-13 4.26e-13 6.03e-13 7.81e-13 9.55e-13 1.12e-12 
 462   31   26 5.21e-16 4.95e-16 5.17e-16 5.63e-16 7.05e-16 1.14e-15 1.94e-15 3.00e-15 5.95e-15 1.00e-14 1.51e-14 2.12e-14 2.79e-14 
 463   31   28 4.26e-11 4.54e-11 4.70e-11 4.89e-11 5.33e-11 6.29e-11 7.39e-11 8.29e-11 9.61e-11 1.05e-10 1.12e-10 1.17e-10 1.21e-10 
 464   31   30 1.21e-13 1.32e-13 1.42e-13 1.54e-13 1.86e-13 2.65e-13 3.78e-13 4.95e-13 7.23e-13 9.40e-13 1.14e-12 1.34e-12 1.53e-12 
 465   31   29 1.25e-15 9.99e-16 9.72e-16 1.02e-15 1.22e-15 1.88e-15 2.97e-15 4.32e-15 7.74e-15 1.21e-14 1.73e-14 2.34e-14 2.98e-14 
 466   33    2 1.02e-17 1.10e-17 1.21e-17 1.37e-17 1.83e-17 3.56e-17 8.34e-17 1.84e-16 7.19e-16 2.12e-15 4.95e-15 9.55e-15 1.59e-14 
 467   33    3 1.22e-17 1.31e-17 1.44e-17 1.64e-17 2.19e-17 4.25e-17 9.94e-17 2.20e-16 8.52e-16 2.50e-15 5.81e-15 1.12e-14 1.87e-14 
 468   33    1 1.84e-21 1.61e-21 1.55e-21 1.58e-21 1.77e-21 2.58e-21 4.48e-21 7.85e-21 2.23e-20 5.50e-20 1.16e-19 2.13e-19 3.44e-19 
 469   33    5 5.35e-17 5.66e-17 6.16e-17 6.86e-17 8.92e-17 1.65e-16 3.56e-16 7.30e-16 2.47e-15 6.47e-15 1.37e-14 2.50e-14 3.97e-14 
 470   33    6 1.75e-16 1.84e-16 1.99e-16 2.23e-16 2.87e-16 5.21e-16 1.11e-15 2.21e-15 7.13e-15 1.79e-14 3.64e-14 6.35e-14 9.83e-14 
 471   33    4 8.03e-18 8.67e-18 9.58e-18 1.08e-17 1.46e-17 2.87e-17 6.79e-17 1.51e-16 5.95e-16 1.76e-15 4.14e-15 8.01e-15 1.34e-14 
 472   33    8 2.45e-16 2.57e-16 2.76e-16 3.05e-16 3.88e-16 6.80e-16 1.37e-15 2.61e-15 7.70e-15 1.79e-14 3.46e-14 5.81e-14 8.74e-14 
 473   33    9 1.43e-15 1.51e-15 1.62e-15 1.77e-15 2.25e-15 3.88e-15 7.64e-15 1.42e-14 3.93e-14 8.60e-14 1.58e-13 2.52e-13 3.64e-13 
 474   33    7 4.27e-17 4.55e-17 4.96e-17 5.55e-17 7.30e-17 1.37e-16 3.01e-16 6.24e-16 2.14e-15 5.69e-15 1.22e-14 2.23e-14 3.55e-14 
 475   33   10 9.74e-16 1.01e-15 1.08e-15 1.18e-15 1.48e-15 2.50e-15 4.74e-15 8.44e-15 2.17e-14 4.51e-14 7.94e-14 1.24e-13 1.76e-13 
 476   33   12 8.78e-15 9.17e-15 9.79e-15 1.07e-14 1.33e-14 2.20e-14 4.05e-14 7.02e-14 1.70e-13 3.30e-13 5.46e-13 8.05e-13 1.09e-12 
 477   33   11 1.95e-16 2.05e-16 2.21e-16 2.46e-16 3.17e-16 5.68e-16 1.17e-15 2.25e-15 6.78e-15 1.59e-14 3.11e-14 5.25e-14 7.93e-14 
 478   33   13 3.37e-15 3.48e-15 3.70e-15 4.03e-15 4.99e-15 8.10e-15 1.46e-14 2.43e-14 5.55e-14 1.03e-13 1.66e-13 2.43e-13 3.27e-13 
 479   33   15 4.36e-14 4.54e-14 4.82e-14 5.25e-14 6.43e-14 1.02e-13 1.79e-13 2.89e-13 6.16e-13 1.07e-12 1.61e-12 2.20e-12 2.80e-12 
 480   33   14 7.75e-16 8.08e-16 8.70e-16 9.59e-16 1.22e-15 2.10e-15 4.07e-15 7.35e-15 1.94e-14 4.05e-14 7.20e-14 1.13e-13 1.61e-13 
 481   33   16 1.02e-14 1.05e-14 1.11e-14 1.21e-14 1.48e-14 2.32e-14 3.96e-14 6.24e-14 1.27e-13 2.14e-13 3.20e-13 4.37e-13 5.58e-13 
 482   33   18 1.86e-13 1.92e-13 2.05e-13 2.21e-13 2.68e-13 4.11e-13 6.73e-13 1.02e-12 1.94e-12 3.02e-12 4.19e-12 5.35e-12 6.45e-12 
 483   33   17 2.71e-15 2.82e-15 3.02e-15 3.33e-15 4.16e-15 6.93e-15 1.27e-14 2.14e-14 4.99e-14 9.39e-14 1.53e-13 2.23e-13 3.01e-13 
 484   33   19 2.78e-14 2.84e-14 3.02e-14 3.26e-14 3.96e-14 5.99e-14 9.65e-14 1.43e-13 2.63e-13 4.04e-13 5.61e-13 7.22e-13 8.82e-13 
 485   33   21 7.08e-13 7.34e-13 7.77e-13 8.36e-13 9.99e-13 1.47e-12 2.27e-12 3.23e-12 5.43e-12 7.70e-12 9.85e-12 1.18e-11 1.36e-11 
 486   33   20 8.49e-15 8.80e-15 9.41e-15 1.03e-14 1.28e-14 2.06e-14 3.56e-14 5.65e-14 1.17e-13 1.98e-13 2.95e-13 4.05e-13 5.20e-13 
 487   33   22 6.91e-14 7.08e-14 7.49e-14 8.07e-14 9.63e-14 1.40e-13 2.12e-13 2.97e-13 4.88e-13 6.91e-13 8.97e-13 1.10e-12 1.29e-12 
 488   33   24 2.58e-12 2.68e-12 2.82e-12 3.01e-12 3.53e-12 4.92e-12 7.06e-12 9.40e-12 1.40e-11 1.81e-11 2.16e-11 2.46e-11 2.71e-11 
 489   33   23 2.41e-14 2.49e-14 2.65e-14 2.90e-14 3.57e-14 5.52e-14 8.97e-14 1.34e-13 2.45e-13 3.78e-13 5.24e-13 6.76e-13 8.27e-13 
 490   33   25 1.58e-13 1.65e-13 1.73e-13 1.86e-13 2.19e-13 3.01e-13 4.23e-13 5.55e-13 8.19e-13 1.07e-12 1.31e-12 1.54e-12 1.76e-12 
 491   33   27 9.96e-12 1.03e-11 1.07e-11 1.13e-11 1.28e-11 1.66e-11 2.19e-11 2.68e-11 3.52e-11 4.16e-11 4.67e-11 5.07e-11 5.40e-11 
 492   33   26 6.12e-14 6.36e-14 6.80e-14 7.41e-14 9.02e-14 1.34e-13 2.03e-13 2.84e-13 4.65e-13 6.54e-13 8.47e-13 1.04e-12 1.22e-12 
 493   33   28 3.15e-13 3.37e-13 3.56e-13 3.81e-13 4.36e-13 5.68e-13 7.38e-13 9.03e-13 1.20e-12 1.47e-12 1.72e-12 1.95e-12 2.16e-12 
 494   33   30 4.44e-11 4.55e-11 4.67e-11 4.85e-11 5.28e-11 6.23e-11 7.31e-11 8.19e-11 9.48e-11 1.03e-10 1.10e-10 1.15e-10 1.19e-10 
 495   33   29 1.39e-13 1.46e-13 1.57e-13 1.72e-13 2.06e-13 2.93e-13 4.15e-13 5.40e-13 7.86e-13 1.02e-12 1.24e-12 1.46e-12 1.65e-12 
 496   33   31 2.82e-13 3.33e-13 3.71e-13 4.10e-13 4.88e-13 6.39e-13 8.07e-13 9.52e-13 1.20e-12 1.42e-12 1.62e-12 1.83e-12 2.01e-12 
 497   33   32 2.82e-13 3.35e-13 3.77e-13 4.16e-13 4.96e-13 6.50e-13 8.20e-13 9.69e-13 1.23e-12 1.46e-12 1.66e-12 1.87e-12 2.06e-12 
 498   32    2 7.12e-18 7.34e-18 8.01e-18 9.03e-18 1.21e-17 2.41e-17 5.77e-17 1.31e-16 5.40e-16 1.68e-15 4.07e-15 8.11e-15 1.37e-14 
 499   32    3 1.15e-17 1.18e-17 1.28e-17 1.43e-17 1.90e-17 3.66e-17 8.44e-17 1.84e-16 6.95e-16 1.99e-15 4.54e-15 8.59e-15 1.42e-14 
 500   32    1 7.83e-18 8.05e-18 8.74e-18 9.80e-18 1.30e-17 2.50e-17 5.77e-17 1.26e-16 4.76e-16 1.36e-15 3.09e-15 5.85e-15 9.61e-15 
 501   32    5 1.35e-17 1.36e-17 1.47e-17 1.64e-17 2.13e-17 4.01e-17 9.02e-17 1.92e-16 7.12e-16 2.05e-15 4.77e-15 9.24e-15 1.55e-14 
 502   32    6 6.40e-17 6.46e-17 6.93e-17 7.67e-17 9.92e-17 1.81e-16 3.93e-16 8.04e-16 2.69e-15 7.02e-15 1.48e-14 2.67e-14 4.23e-14 
 503   32    4 1.80e-16 1.83e-16 1.95e-16 2.16e-16 2.78e-16 5.03e-16 1.07e-15 2.14e-15 6.91e-15 1.73e-14 3.52e-14 6.14e-14 9.50e-14 
 504   32    8 3.42e-17 3.38e-17 3.59e-17 3.94e-17 5.04e-17 8.99e-17 1.87e-16 3.70e-16 1.18e-15 2.98e-15 6.31e-15 1.14e-14 1.83e-14 
 505   32    9 2.94e-16 2.93e-16 3.11e-16 3.39e-16 4.30e-16 7.50e-16 1.51e-15 2.89e-15 8.45e-15 1.95e-14 3.78e-14 6.34e-14 9.51e-14 
 506   32    7 1.54e-15 1.54e-15 1.64e-15 1.79e-15 2.25e-15 3.89e-15 7.68e-15 1.43e-14 3.99e-14 8.77e-14 1.61e-13 2.60e-13 3.75e-13 
 507   32   10 8.81e-17 8.59e-17 9.03e-17 9.84e-17 1.24e-16 2.12e-16 4.15e-16 7.64e-16 2.13e-15 4.81e-15 9.19e-15 1.55e-14 2.34e-14 
 508   32   12 1.17e-15 1.15e-15 1.21e-15 1.32e-15 1.64e-15 2.75e-15 5.21e-15 9.26e-15 2.38e-14 4.93e-14 8.67e-14 1.35e-13 1.92e-13 
 509   32   11 9.52e-15 9.48e-15 9.99e-15 1.09e-14 1.34e-14 2.21e-14 4.11e-14 7.12e-14 1.73e-13 3.38e-13 5.62e-13 8.34e-13 1.13e-12 
 510   32   13 2.12e-16 2.03e-16 2.13e-16 2.31e-16 2.86e-16 4.74e-16 8.80e-16 1.53e-15 3.79e-15 7.71e-15 1.36e-14 2.13e-14 3.06e-14 
 511   32   15 4.07e-15 3.97e-15 4.16e-15 4.49e-15 5.51e-15 8.89e-15 1.59e-14 2.67e-14 6.06e-14 1.13e-13 1.81e-13 2.64e-13 3.56e-13 
 512   32   14 4.74e-14 4.70e-14 4.93e-14 5.33e-14 6.51e-14 1.03e-13 1.80e-13 2.93e-13 6.28e-13 1.10e-12 1.66e-12 2.28e-12 2.91e-12 
 513   32   16 4.62e-16 4.41e-16 4.58e-16 4.93e-16 6.05e-16 9.73e-16 1.72e-15 2.83e-15 6.34e-15 1.17e-14 1.91e-14 2.83e-14 3.89e-14 
 514   32   18 1.25e-14 1.21e-14 1.26e-14 1.36e-14 1.64e-14 2.56e-14 4.33e-14 6.82e-14 1.39e-13 2.34e-13 3.48e-13 4.74e-13 6.07e-13 
 515   32   17 2.02e-13 1.99e-13 2.09e-13 2.25e-13 2.71e-13 4.15e-13 6.82e-13 1.04e-12 1.97e-12 3.09e-12 4.30e-12 5.51e-12 6.67e-12 
 516   32   19 9.08e-16 8.58e-16 8.86e-16 9.52e-16 1.16e-15 1.80e-15 3.04e-15 4.76e-15 9.63e-15 1.65e-14 2.52e-14 3.53e-14 4.66e-14 
 517   32   21 3.48e-14 3.33e-14 3.45e-14 3.68e-14 4.40e-14 6.61e-14 1.06e-13 1.57e-13 2.86e-13 4.40e-13 6.09e-13 7.85e-13 9.58e-13 
 518   32   20 7.74e-13 7.63e-13 7.96e-13 8.51e-13 1.01e-12 1.48e-12 2.30e-12 3.27e-12 5.51e-12 7.85e-12 1.01e-11 1.21e-11 1.40e-11 
 519   32   22 1.57e-15 1.48e-15 1.53e-15 1.64e-15 1.97e-15 2.97e-15 4.77e-15 7.08e-15 1.31e-14 2.09e-14 3.01e-14 4.04e-14 5.17e-14 
 520   32   24 8.91e-14 8.42e-14 8.66e-14 9.18e-14 1.08e-13 1.55e-13 2.34e-13 3.24e-13 5.32e-13 7.53e-13 9.76e-13 1.19e-12 1.40e-12 
 521   32   23 2.84e-12 2.79e-12 2.89e-12 3.06e-12 3.57e-12 4.98e-12 7.15e-12 9.50e-12 1.42e-11 1.84e-11 2.21e-11 2.52e-11 2.78e-11 
 522   32   25 2.23e-15 2.16e-15 2.24e-15 2.39e-15 2.86e-15 4.19e-15 6.39e-15 9.03e-15 1.54e-14 2.31e-14 3.17e-14 4.15e-14 5.17e-14 
 523   32   27 2.13e-13 2.01e-13 2.05e-13 2.14e-13 2.47e-13 3.35e-13 4.67e-13 6.07e-13 8.93e-13 1.17e-12 1.43e-12 1.68e-12 1.90e-12 
 524   32   26 1.10e-11 1.07e-11 1.10e-11 1.15e-11 1.30e-11 1.68e-11 2.20e-11 2.71e-11 3.56e-11 4.22e-11 4.74e-11 5.17e-11 5.50e-11 
 525   32   28 2.30e-15 2.32e-15 2.43e-15 2.61e-15 3.12e-15 4.49e-15 6.58e-15 8.95e-15 1.44e-14 2.08e-14 2.80e-14 3.60e-14 4.45e-14 
 526   32   30 4.44e-13 4.23e-13 4.29e-13 4.47e-13 4.99e-13 6.34e-13 8.15e-13 9.90e-13 1.31e-12 1.61e-12 1.87e-12 2.12e-12 2.34e-12 
 527   32   29 4.95e-11 4.74e-11 4.80e-11 4.93e-11 5.33e-11 6.27e-11 7.35e-11 8.25e-11 9.55e-11 1.04e-10 1.11e-10 1.16e-10 1.21e-10 
 528   32   31 9.40e-16 1.11e-15 1.25e-15 1.40e-15 1.76e-15 2.71e-15 4.04e-15 5.47e-15 8.84e-15 1.30e-14 1.80e-14 2.38e-14 3.00e-14 
 529   34    2 3.61e-18 4.14e-18 4.66e-18 5.32e-18 7.26e-18 1.47e-17 3.61e-17 8.42e-17 3.63e-16 1.16e-15 2.86e-15 5.68e-15 9.57e-15 
 530   34    3 1.81e-19 2.21e-19 2.60e-19 3.02e-19 4.19e-19 8.95e-19 2.41e-18 6.16e-18 3.16e-17 1.17e-16 3.17e-16 6.75e-16 1.19e-15 
 531   34    1 1.19e-19 1.40e-19 1.62e-19 1.88e-19 2.68e-19 5.88e-19 1.59e-18 4.10e-18 2.10e-17 7.72e-17 2.10e-16 4.45e-16 7.85e-16 
 532   34    5 4.05e-17 4.52e-17 5.00e-17 5.63e-17 7.46e-17 1.42e-16 3.22e-16 6.90e-16 2.54e-15 7.12e-15 1.59e-14 2.94e-14 4.71e-14 
 533   34    6 1.23e-18 1.42e-18 1.61e-18 1.86e-18 2.52e-18 5.14e-18 1.29e-17 3.08e-17 1.39e-16 4.65e-16 1.18e-15 2.39e-15 4.10e-15 
 534   34    4 1.50e-19 1.91e-19 2.30e-19 2.67e-19 3.64e-19 7.61e-19 2.05e-18 5.31e-18 2.82e-17 1.08e-16 3.04e-16 6.60e-16 1.18e-15 
 535   34    8 3.20e-16 3.52e-16 3.85e-16 4.29e-16 5.55e-16 1.00e-15 2.12e-15 4.19e-15 1.33e-14 3.28e-14 6.64e-14 1.14e-13 1.73e-13 
 536   34    9 7.06e-18 7.74e-18 8.59e-18 9.70e-18 1.30e-17 2.53e-17 5.94e-17 1.32e-16 5.14e-16 1.53e-15 3.53e-15 6.76e-15 1.11e-14 
 537   34    7 3.63e-19 4.26e-19 4.91e-19 5.63e-19 7.66e-19 1.55e-18 3.92e-18 9.43e-18 4.38e-17 1.53e-16 4.03e-16 8.40e-16 1.47e-15 
 538   34   10 1.98e-15 2.17e-15 2.36e-15 2.61e-15 3.31e-15 5.72e-15 1.13e-14 2.09e-14 5.81e-14 1.27e-13 2.32e-13 3.70e-13 5.31e-13 
 539   34   12 3.56e-17 3.78e-17 4.12e-17 4.62e-17 6.05e-17 1.13e-16 2.47e-16 5.11e-16 1.75e-15 4.56e-15 9.69e-15 1.73e-14 2.72e-14 
 540   34   11 1.12e-18 1.25e-18 1.40e-18 1.58e-18 2.13e-18 4.19e-18 9.88e-18 2.20e-17 8.82e-17 2.69e-16 6.47e-16 1.27e-15 2.13e-15 
 541   34   13 1.02e-14 1.11e-14 1.20e-14 1.32e-14 1.66e-14 2.76e-14 5.14e-14 8.93e-14 2.19e-13 4.26e-13 7.08e-13 1.05e-12 1.42e-12 
 542   34   15 1.57e-16 1.62e-16 1.76e-16 1.95e-16 2.52e-16 4.52e-16 9.33e-16 1.80e-15 5.39e-15 1.26e-14 2.43e-14 4.07e-14 6.06e-14 
 543   34   14 3.48e-18 3.81e-18 4.21e-18 4.74e-18 6.27e-18 1.18e-17 2.63e-17 5.48e-17 1.92e-16 5.21e-16 1.14e-15 2.10e-15 3.38e-15 
 544   34   16 4.47e-14 4.88e-14 5.28e-14 5.79e-14 7.17e-14 1.15e-13 2.03e-13 3.33e-13 7.19e-13 1.26e-12 1.92e-12 2.64e-12 3.37e-12 
 545   34   18 5.99e-16 6.17e-16 6.62e-16 7.31e-16 9.32e-16 1.61e-15 3.16e-15 5.73e-15 1.51e-14 3.17e-14 5.61e-14 8.75e-14 1.24e-13 
 546   34   17 1.01e-17 1.08e-17 1.19e-17 1.33e-17 1.75e-17 3.20e-17 6.75e-17 1.32e-16 4.11e-16 1.00e-15 2.02e-15 3.49e-15 5.36e-15 
 547   34   19 1.75e-13 1.91e-13 2.06e-13 2.25e-13 2.76e-13 4.29e-13 7.13e-13 1.10e-12 2.12e-12 3.35e-12 4.70e-12 6.03e-12 7.31e-12 
 548   34   21 2.05e-15 2.09e-15 2.23e-15 2.45e-15 3.09e-15 5.18e-15 9.61e-15 1.65e-14 3.86e-14 7.28e-14 1.18e-13 1.73e-13 2.32e-13 
 549   34   20 2.71e-17 2.86e-17 3.11e-17 3.48e-17 4.52e-17 8.07e-17 1.62e-16 3.01e-16 8.31e-16 1.83e-15 3.41e-15 5.57e-15 8.16e-15 
 550   34   22 6.28e-13 6.91e-13 7.45e-13 8.11e-13 9.80e-13 1.46e-12 2.28e-12 3.30e-12 5.65e-12 8.15e-12 1.06e-11 1.28e-11 1.48e-11 
 551   34   24 6.35e-15 6.40e-15 6.80e-15 7.44e-15 9.29e-15 1.51e-14 2.65e-14 4.26e-14 8.91e-14 1.53e-13 2.30e-13 3.13e-13 4.01e-13 
 552   34   23 6.67e-17 6.93e-17 7.50e-17 8.36e-17 1.08e-16 1.88e-16 3.59e-16 6.31e-16 1.57e-15 3.13e-15 5.40e-15 8.31e-15 1.17e-14 
 553   34   25 2.21e-12 2.45e-12 2.63e-12 2.83e-12 3.35e-12 4.76e-12 6.91e-12 9.32e-12 1.42e-11 1.87e-11 2.25e-11 2.58e-11 2.87e-11 
 554   34   27 1.86e-14 1.81e-14 1.91e-14 2.08e-14 2.56e-14 4.01e-14 6.62e-14 1.00e-13 1.87e-13 2.91e-13 4.05e-13 5.24e-13 6.40e-13 
 555   34   26 1.53e-16 1.54e-16 1.66e-16 1.84e-16 2.35e-16 3.97e-16 7.23e-16 1.20e-15 2.68e-15 4.91e-15 7.89e-15 1.15e-14 1.55e-14 
 556   34   28 8.29e-12 9.17e-12 9.77e-12 1.04e-11 1.20e-11 1.58e-11 2.10e-11 2.61e-11 3.50e-11 4.21e-11 4.77e-11 5.22e-11 5.58e-11 
 557   34   30 5.36e-14 4.88e-14 5.00e-14 5.36e-14 6.47e-14 9.72e-14 1.51e-13 2.13e-13 3.55e-13 5.06e-13 6.58e-13 8.07e-13 9.47e-13 
 558   34   29 3.31e-16 3.16e-16 3.34e-16 3.67e-16 4.63e-16 7.57e-16 1.30e-15 2.03e-15 4.10e-15 6.91e-15 1.04e-14 1.44e-14 1.90e-14 
 559   34   31 3.61e-11 4.00e-11 4.21e-11 4.41e-11 4.85e-11 5.83e-11 6.95e-11 7.89e-11 9.30e-11 1.03e-10 1.10e-10 1.16e-10 1.21e-10 
 560   34   33 1.75e-13 1.35e-13 1.29e-13 1.34e-13 1.55e-13 2.19e-13 3.13e-13 4.12e-13 6.10e-13 7.97e-13 9.74e-13 1.14e-12 1.29e-12 
 561   34   32 6.76e-16 5.95e-16 6.06e-16 6.53e-16 8.04e-16 1.25e-15 2.02e-15 2.97e-15 5.39e-15 8.44e-15 1.21e-14 1.62e-14 2.05e-14 
 562   36    2 1.70e-18 1.94e-18 2.17e-18 2.49e-18 3.39e-18 6.91e-18 1.72e-17 4.04e-17 1.77e-16 5.81e-16 1.46e-15 2.91e-15 4.95e-15 
 563   36    3 2.02e-18 2.31e-18 2.60e-18 2.97e-18 4.04e-18 8.20e-18 2.03e-17 4.78e-17 2.10e-16 6.83e-16 1.70e-15 3.42e-15 5.79e-15 
 564   36    1 2.34e-22 2.38e-22 2.41e-22 2.52e-22 2.93e-22 4.54e-22 8.60e-22 1.64e-21 5.35e-21 1.46e-20 3.31e-20 6.27e-20 1.03e-19 
 565   36    5 9.54e-18 1.06e-17 1.18e-17 1.33e-17 1.76e-17 3.38e-17 7.79e-17 1.70e-16 6.50e-16 1.90e-15 4.36e-15 8.26e-15 1.35e-14 
 566   36    6 3.11e-17 3.45e-17 3.81e-17 4.27e-17 5.63e-17 1.07e-16 2.41e-16 5.14e-16 1.88e-15 5.25e-15 1.16e-14 2.14e-14 3.44e-14 
 567   36    4 1.34e-18 1.54e-18 1.73e-18 1.98e-18 2.72e-18 5.58e-18 1.40e-17 3.31e-17 1.47e-16 4.84e-16 1.22e-15 2.45e-15 4.15e-15 
 568   36    8 4.71e-17 5.20e-17 5.69e-17 6.34e-17 8.23e-17 1.50e-16 3.23e-16 6.54e-16 2.17e-15 5.61e-15 1.18e-14 2.09e-14 3.26e-14 
 569   36    9 2.73e-16 3.01e-16 3.27e-16 3.64e-16 4.70e-16 8.44e-16 1.77e-15 3.50e-15 1.11e-14 2.71e-14 5.43e-14 9.28e-14 1.40e-13 
 570   36    7 7.64e-18 8.58e-18 9.52e-18 1.08e-17 1.44e-17 2.82e-17 6.58e-17 1.46e-16 5.65e-16 1.66e-15 3.85e-15 7.33e-15 1.20e-14 
 571   36   10 2.02e-16 2.21e-16 2.41e-16 2.67e-16 3.39e-16 5.95e-16 1.20e-15 2.28e-15 6.65e-15 1.53e-14 2.93e-14 4.87e-14 7.20e-14 
 572   36   12 1.80e-15 1.95e-15 2.12e-15 2.34e-15 2.97e-15 5.10e-15 1.00e-14 1.86e-14 5.13e-14 1.11e-13 2.02e-13 3.20e-13 4.58e-13 
 573   36   11 3.75e-17 4.15e-17 4.56e-17 5.11e-17 6.71e-17 1.25e-16 2.73e-16 5.63e-16 1.91e-15 4.99e-15 1.06e-14 1.88e-14 2.95e-14 
 574   36   13 7.52e-16 8.23e-16 8.92e-16 9.83e-16 1.24e-15 2.09e-15 3.99e-15 7.13e-15 1.84e-14 3.81e-14 6.68e-14 1.03e-13 1.46e-13 
 575   36   15 9.51e-15 1.03e-14 1.12e-14 1.23e-14 1.53e-14 2.54e-14 4.71e-14 8.19e-14 1.99e-13 3.86e-13 6.39e-13 9.40e-13 1.27e-12 
 576   36   14 1.61e-16 1.76e-16 1.92e-16 2.14e-16 2.78e-16 4.98e-16 1.03e-15 1.98e-15 5.88e-15 1.37e-14 2.65e-14 4.43e-14 6.58e-14 
 577   36   16 2.45e-15 2.69e-15 2.91e-15 3.20e-15 3.99e-15 6.54e-15 1.18e-14 1.99e-14 4.60e-14 8.62e-14 1.39e-13 2.02e-13 2.71e-13 
 578   36   18 4.27e-14 4.66e-14 5.02e-14 5.48e-14 6.76e-14 1.08e-13 1.91e-13 3.11e-13 6.71e-13 1.17e-12 1.77e-12 2.43e-12 3.09e-12 
 579   36   17 6.03e-16 6.62e-16 7.23e-16 8.01e-16 1.02e-15 1.77e-15 3.45e-15 6.25e-15 1.65e-14 3.45e-14 6.09e-14 9.48e-14 1.34e-13 
 580   36   19 7.12e-15 7.86e-15 8.51e-15 9.32e-15 1.15e-14 1.83e-14 3.15e-14 5.02e-14 1.04e-13 1.77e-13 2.65e-13 3.61e-13 4.62e-13 
 581   36   21 1.69e-13 1.86e-13 1.99e-13 2.17e-13 2.64e-13 4.10e-13 6.79e-13 1.04e-12 2.01e-12 3.17e-12 4.43e-12 5.66e-12 6.84e-12 
 582   36   20 2.01e-15 2.21e-15 2.42e-15 2.67e-15 3.38e-15 5.68e-15 1.05e-14 1.79e-14 4.19e-14 7.89e-14 1.28e-13 1.87e-13 2.50e-13 
 583   36   22 1.88e-14 2.09e-14 2.27e-14 2.47e-14 3.02e-14 4.65e-14 7.59e-14 1.14e-13 2.13e-13 3.31e-13 4.62e-13 5.98e-13 7.31e-13 
 584   36   24 6.18e-13 6.78e-13 7.27e-13 7.89e-13 9.50e-13 1.42e-12 2.20e-12 3.17e-12 5.43e-12 7.81e-12 1.01e-11 1.22e-11 1.40e-11 
 585   36   23 6.07e-15 6.72e-15 7.31e-15 8.08e-15 1.01e-14 1.65e-14 2.87e-14 4.63e-14 9.65e-14 1.65e-13 2.47e-13 3.38e-13 4.32e-13 
 586   36   25 4.63e-14 5.18e-14 5.59e-14 6.09e-14 7.35e-14 1.09e-13 1.66e-13 2.36e-13 3.94e-13 5.68e-13 7.41e-13 9.11e-13 1.07e-12 
 587   36   27 2.20e-12 2.42e-12 2.58e-12 2.79e-12 3.30e-12 4.65e-12 6.75e-12 9.06e-12 1.37e-11 1.80e-11 2.17e-11 2.49e-11 2.76e-11 
 588   36   26 1.68e-14 1.87e-14 2.03e-14 2.24e-14 2.78e-14 4.37e-14 7.19e-14 1.09e-13 2.02e-13 3.15e-13 4.37e-13 5.65e-13 6.90e-13 
 589   36   28 1.08e-13 1.21e-13 1.30e-13 1.42e-13 1.68e-13 2.34e-13 3.34e-13 4.44e-13 6.68e-13 8.85e-13 1.09e-12 1.29e-12 1.46e-12 
 590   36   30 8.34e-12 9.18e-12 9.73e-12 1.03e-11 1.19e-11 1.55e-11 2.08e-11 2.57e-11 3.44e-11 4.11e-11 4.66e-11 5.09e-11 5.43e-11 
 591   36   29 4.25e-14 4.76e-14 5.18e-14 5.70e-14 7.01e-14 1.06e-13 1.64e-13 2.31e-13 3.83e-13 5.46e-13 7.09e-13 8.69e-13 1.02e-12 
 592   36   31 2.31e-13 2.57e-13 2.73e-13 2.94e-13 3.39e-13 4.48e-13 5.92e-13 7.34e-13 9.96e-13 1.23e-12 1.44e-12 1.64e-12 1.81e-12 
 593   36   33 3.67e-11 4.03e-11 4.22e-11 4.41e-11 4.84e-11 5.79e-11 6.89e-11 7.82e-11 9.19e-11 1.02e-10 1.09e-10 1.14e-10 1.19e-10 
 594   36   32 1.02e-13 1.14e-13 1.24e-13 1.35e-13 1.65e-13 2.36e-13 3.39e-13 4.47e-13 6.60e-13 8.60e-13 1.05e-12 1.23e-12 1.39e-12 
 595   36   34 2.41e-13 2.83e-13 3.16e-13 3.49e-13 4.16e-13 5.50e-13 7.00e-13 8.29e-13 1.05e-12 1.24e-12 1.42e-12 1.58e-12 1.73e-12 
 596   36   35 2.49e-13 2.91e-13 3.24e-13 3.57e-13 4.25e-13 5.59e-13 7.11e-13 8.42e-13 1.07e-12 1.27e-12 1.44e-12 1.62e-12 1.77e-12 
 597   35    2 1.14e-18 1.28e-18 1.43e-18 1.64e-18 2.24e-18 4.63e-18 1.18e-17 2.84e-17 1.32e-16 4.49e-16 1.16e-15 2.39e-15 4.12e-15 
 598   35    3 1.86e-18 2.06e-18 2.30e-18 2.60e-18 3.52e-18 7.09e-18 1.75e-17 4.04e-17 1.73e-16 5.51e-16 1.35e-15 2.67e-15 4.49e-15 
 599   35    1 1.27e-18 1.42e-18 1.57e-18 1.77e-18 2.41e-18 4.85e-18 1.19e-17 2.76e-17 1.18e-16 3.75e-16 9.19e-16 1.81e-15 3.05e-15 
 600   35    5 2.34e-18 2.56e-18 2.80e-18 3.16e-18 4.22e-18 8.26e-18 1.97e-17 4.43e-17 1.84e-16 5.79e-16 1.43e-15 2.84e-15 4.81e-15 
 601   35    6 1.10e-17 1.20e-17 1.32e-17 1.47e-17 1.95e-17 3.74e-17 8.58e-17 1.87e-16 7.09e-16 2.05e-15 4.69e-15 8.85e-15 1.44e-14 
 602   35    4 3.11e-17 3.39e-17 3.71e-17 4.15e-17 5.44e-17 1.03e-16 2.32e-16 4.98e-16 1.83e-15 5.09e-15 1.13e-14 2.08e-14 3.33e-14 
 603   35    8 6.42e-18 6.91e-18 7.50e-18 8.33e-18 1.08e-17 2.01e-17 4.44e-17 9.26e-17 3.30e-16 9.19e-16 2.06e-15 3.88e-15 6.28e-15 
 604   35    9 5.44e-17 5.87e-17 6.35e-17 7.04e-17 9.07e-17 1.65e-16 3.53e-16 7.16e-16 2.38e-15 6.12e-15 1.28e-14 2.27e-14 3.55e-14 
 605   35    7 2.84e-16 3.06e-16 3.31e-16 3.67e-16 4.71e-16 8.47e-16 1.79e-15 3.53e-15 1.12e-14 2.75e-14 5.54e-14 9.51e-14 1.44e-13 
 606   35   10 1.80e-17 1.92e-17 2.06e-17 2.28e-17 2.91e-17 5.18e-17 1.07e-16 2.10e-16 6.54e-16 1.62e-15 3.33e-15 5.83e-15 9.02e-15 
 607   35   12 2.34e-16 2.50e-16 2.68e-16 2.95e-16 3.74e-16 6.51e-16 1.31e-15 2.49e-15 7.24e-15 1.66e-14 3.19e-14 5.28e-14 7.82e-14 
 608   35   11 1.88e-15 2.02e-15 2.16e-15 2.38e-15 3.00e-15 5.15e-15 1.02e-14 1.88e-14 5.21e-14 1.14e-13 2.08e-13 3.30e-13 4.73e-13 
 609   35   13 4.74e-17 5.00e-17 5.36e-17 5.87e-17 7.41e-17 1.27e-16 2.50e-16 4.62e-16 1.28e-15 2.86e-15 5.39e-15 8.86e-15 1.31e-14 
 610   35   15 8.78e-16 9.32e-16 9.95e-16 1.09e-15 1.36e-15 2.28e-15 4.36e-15 7.75e-15 2.01e-14 4.14e-14 7.24e-14 1.12e-13 1.58e-13 
 611   35   14 9.98e-15 1.07e-14 1.14e-14 1.25e-14 1.55e-14 2.57e-14 4.78e-14 8.30e-14 2.02e-13 3.96e-13 6.56e-13 9.69e-13 1.31e-12 
 612   35   16 1.13e-16 1.19e-16 1.27e-16 1.39e-16 1.73e-16 2.90e-16 5.43e-16 9.48e-16 2.36e-15 4.80e-15 8.37e-15 1.30e-14 1.84e-14 
 613   35   18 2.90e-15 3.06e-15 3.27e-15 3.56e-15 4.40e-15 7.15e-15 1.29e-14 2.17e-14 5.00e-14 9.33e-14 1.51e-13 2.19e-13 2.93e-13 
 614   35   17 4.49e-14 4.81e-14 5.13e-14 5.58e-14 6.86e-14 1.10e-13 1.92e-13 3.15e-13 6.83e-13 1.20e-12 1.81e-12 2.50e-12 3.19e-12 
 615   35   19 2.45e-16 2.57e-16 2.73e-16 2.98e-16 3.68e-16 6.01e-16 1.07e-15 1.79e-15 4.04e-15 7.50e-15 1.22e-14 1.80e-14 2.43e-14 
 616   35   21 8.55e-15 9.04e-15 9.59e-15 1.04e-14 1.27e-14 2.01e-14 3.44e-14 5.46e-14 1.13e-13 1.91e-13 2.86e-13 3.90e-13 4.99e-13 
 617   35   20 1.79e-13 1.91e-13 2.03e-13 2.21e-13 2.68e-13 4.14e-13 6.89e-13 1.06e-12 2.03e-12 3.23e-12 4.52e-12 5.81e-12 7.04e-12 
 618   35   22 4.74e-16 4.99e-16 5.31e-16 5.77e-16 7.09e-16 1.12e-15 1.92e-15 3.04e-15 6.25e-15 1.08e-14 1.65e-14 2.30e-14 3.01e-14 
 619   35   24 2.31e-14 2.43e-14 2.57e-14 2.78e-14 3.35e-14 5.10e-14 8.27e-14 1.24e-13 2.31e-13 3.59e-13 4.99e-13 6.45e-13 7.88e-13 
 620   35   23 6.53e-13 7.01e-13 7.45e-13 8.03e-13 9.62e-13 1.43e-12 2.23e-12 3.22e-12 5.51e-12 7.94e-12 1.03e-11 1.25e-11 1.44e-11 
 621   35   25 8.40e-16 8.73e-16 9.25e-16 1.00e-15 1.22e-15 1.88e-15 3.05e-15 4.60e-15 8.66e-15 1.39e-14 2.01e-14 2.69e-14 3.42e-14 
 622   35   27 5.84e-14 6.12e-14 6.43e-14 6.90e-14 8.20e-14 1.19e-13 1.81e-13 2.57e-13 4.29e-13 6.13e-13 8.01e-13 9.84e-13 1.16e-12 
 623   35   26 2.34e-12 2.50e-12 2.65e-12 2.83e-12 3.34e-12 4.69e-12 6.82e-12 9.17e-12 1.39e-11 1.83e-11 2.21e-11 2.54e-11 2.82e-11 
 624   35   28 1.40e-15 1.36e-15 1.42e-15 1.51e-15 1.83e-15 2.71e-15 4.18e-15 5.98e-15 1.04e-14 1.57e-14 2.16e-14 2.82e-14 3.49e-14 
 625   35   30 1.44e-13 1.47e-13 1.53e-13 1.62e-13 1.88e-13 2.58e-13 3.67e-13 4.84e-13 7.24e-13 9.57e-13 1.18e-12 1.39e-12 1.58e-12 
 626   35   29 8.84e-12 9.50e-12 9.96e-12 1.05e-11 1.20e-11 1.57e-11 2.09e-11 2.58e-11 3.46e-11 4.16e-11 4.71e-11 5.17e-11 5.52e-11 
 627   35   31 2.14e-15 1.75e-15 1.72e-15 1.79e-15 2.09e-15 3.00e-15 4.43e-15 6.09e-15 9.92e-15 1.44e-14 1.94e-14 2.49e-14 3.05e-14 
 628   35   33 3.52e-13 3.31e-13 3.34e-13 3.46e-13 3.89e-13 4.99e-13 6.50e-13 8.01e-13 1.08e-12 1.33e-12 1.55e-12 1.77e-12 1.95e-12 
 629   35   32 3.89e-11 4.18e-11 4.32e-11 4.48e-11 4.89e-11 5.83e-11 6.94e-11 7.86e-11 9.26e-11 1.03e-10 1.10e-10 1.15e-10 1.20e-10 
 630   35   34 7.44e-16 8.40e-16 9.18e-16 1.01e-15 1.24e-15 1.80e-15 2.65e-15 3.63e-15 6.01e-15 8.96e-15 1.25e-14 1.64e-14 2.06e-14 

