!MOLECULE
OH+
!MOLECULAR WEIGHT
17.0
!NUMBER OF ENERGY LEVELS
49
! LEVEL + ENERGY(CM-1) + WEIGHT + QUANTUM NOS. (N_J_F)
     1       0.0000       4.0   0_1_1.5      
     2       0.0038       2.0   0_1_0.5      
     3      30.3263       2.0   1_0_0.5      
     4      32.4159       6.0   1_2_2.5      
     5      32.4197       4.0   1_2_1.5      
     6      34.4609       2.0   1_1_0.5      
     7      34.4611       4.0   1_1_1.5      
     8      97.5750       2.0   2_1_0.5      
     9      97.5790       4.0   2_1_1.5      
    10      97.7798       8.0   2_3_3.5      
    11      97.7836       6.0   2_3_2.5      
    12     100.0911       4.0   2_2_1.5      
    13     100.0912       6.0   2_2_2.5      
    14     195.8953      10.0   3_4_4.5      
    15     195.8991       8.0   3_4_3.5      
    16     196.3265       4.0   3_2_1.5      
    17     196.3304       6.0   3_2_2.5      
    18     198.4210       6.0   3_3_2.5      
    19     198.4211       8.0   3_3_3.5      
    20     326.5965      12.0   4_5_5.5      
    21     326.6004      10.0   4_5_4.5      
    22     327.4835       6.0   4_3_2.5      
    23     327.4874       8.0   4_3_3.5      
    24     329.3129       8.0   4_4_3.5      
    25     329.3130      10.0   4_4_4.5      
    26     489.6895      14.0   5_6_6.5      
    27     489.6933      12.0   5_6_5.5      
    28     490.9669       8.0   5_4_3.5      
    29     490.9708      10.0   5_4_4.5      
    30     492.5834      12.0   5_5_5.5      
    31     492.5834      10.0   5_5_4.5      
    32     684.9407      16.0   6_7_7.5      
    33     684.9446      14.0   6_7_6.5      
    34     686.5761      10.0   6_5_4.5      
    35     686.5800      12.0   6_5_5.5      
    36     688.0037      14.0   6_6_6.5      
    37     688.0037      12.0   6_6_5.5      
    38     912.0745      18.0   7_8_8.5      
    39     912.0784      16.0   7_8_7.5      
    40     914.0484      12.0   7_6_5.5      
    41     914.0523      14.0   7_6_6.5      
    42     915.3008      16.0   7_7_7.5      
    43     915.3008      14.0   7_7_6.5      
    44    1170.7723      20.0   8_9_9.5      
    45    1170.7762      18.0   8_9_8.5      
    46    1173.0717      14.0   8_7_6.5      
    47    1173.0754      16.0   8_7_7.5      
    48    1174.1573      16.0   8_8_7.5      
    49    1174.1573      18.0   8_8_8.5      
!NUMBER OF RADIATIVE TRANSITIONS
152
!TRANS UP + LOW + EINSTEINA(s^-1) + FREQ(GHz) + E_up(K)
     1       3    1   0.105E-01     909.15880    43.633
     2       3    2   0.523E-02     909.04520    43.633
     3       4    1   0.182E-01     971.80380    46.640
     4       5    1   0.304E-02     971.91920    46.645
     5       5    2   0.152E-01     971.80530    46.645
     6       6    1   0.703E-02    1033.11182    49.582
     7       6    2   0.141E-01    1032.99792    49.582
     8       7    1   0.176E-01    1033.11860    49.582
     9       7    2   0.353E-02    1033.00440    49.582
    10       8    3   0.105E+00    2016.06610   140.390
    11       8    5   0.441E-02    1953.30581   140.390
    12       8    6   0.471E-01    1892.11316   140.390
    13       8    7   0.236E-01    1892.10655   140.390
    14       9    3   0.105E+00    2016.18662   140.395
    15       9    4   0.397E-02    1953.54132   140.395
    16       9    5   0.430E-03    1953.42633   140.395
    17       9    6   0.118E-01    1892.23368   140.395
    18       9    7   0.591E-01    1892.22707   140.395
    19      10    4   0.179E+00    1959.56001   140.684
    20      11    4   0.119E-01    1959.67544   140.690
    21      11    5   0.167E+00    1959.56044   140.690
    22      12    4   0.484E-02    2028.85020   144.010
    23      12    5   0.436E-01    2028.73521   144.010
    24      12    6   0.113E+00    1967.54256   144.010
    25      12    7   0.225E-01    1967.53595   144.010
    26      13    4   0.452E-01    2028.85387   144.010
    27      13    5   0.323E-02    2028.73887   144.010
    28      13    7   0.135E+00    1967.53962   144.010
    29      14   10   0.647E+00    2941.42880   281.851
    30      15   10   0.231E-01    2941.54447   281.857
    31      15   11   0.623E+00    2941.42904   281.857
    32      16    1   0.506E-04    5885.71934   282.472
    33      16    2   0.252E-03    5885.60544   282.472
    34      16    8   0.459E+00    2960.49436   282.472
    35      16    9   0.920E-01    2960.37384   282.472
    36      16   11   0.258E-02    2954.23972   282.472
    37      16   12   0.879E-01    2885.06496   282.472
    38      16   13   0.978E-02    2885.06129   282.472
    39      17    1   0.303E-03    5885.83800   282.478
    40      17    9   0.551E+00    2960.49250   282.477
    41      17   10   0.245E-02    2954.47381   282.478
    42      17   11   0.115E-03    2954.35838   282.477
    43      17   12   0.652E-02    2885.18362   282.478
    44      17   13   0.914E-01    2885.17995   282.478
    45      18   10   0.363E-02    3017.14878   285.485
    46      18   11   0.727E-01    3017.03336   285.485
    47      18   12   0.540E+00    2947.85860   285.486
    48      18   13   0.384E-01    2947.85493   285.485
    49      19   10   0.735E-01    3017.15135   285.486
    50      19   11   0.272E-02    3017.03592   285.486
    51      19   13   0.578E+00    2947.85749   285.486
    52      20   14   0.158E+01    3918.32476   469.903
    53      21   14   0.353E-01    3918.44059   469.908
    54      21   15   0.155E+01    3918.32492   469.908
    55      22    5   0.210E-03    8845.78862   471.179
    56      22   15   0.182E-02    3944.79913   471.179
    57      22   16   0.137E+01    3931.98845   471.179
    58      22   17   0.981E-01    3931.86979   471.179
    59      22   18   0.119E+00    3869.19481   471.179
    60      22   19   0.596E-02    3869.19225   471.179
    61      23    4   0.225E-03    8846.02160   471.184
    62      23   14   0.177E-02    3945.03279   471.184
    63      23   15   0.448E-04    3944.91712   471.184
    64      23   17   0.147E+01    3931.98778   471.184
    65      23   18   0.446E-02    3869.31280   471.184
    66      23   19   0.121E+00    3869.31024   471.184
    67      24   14   0.288E-02    3999.76077   473.811
    68      24   15   0.101E+00    3999.64510   473.811
    69      24   18   0.144E+01    3924.04079   473.811
    70      24   19   0.531E-01    3924.03822   473.811
    71      25   14   0.102E+00    3999.76274   473.811
    72      25   15   0.231E-02    3999.64707   473.811
    73      25   19   0.149E+01    3924.04019   473.811
    74      26   20   0.315E+01    4889.40337   704.558
    75      27   20   0.478E-01    4889.51932   704.564
    76      27   21   0.310E+01    4889.40349   704.564
    77      28   11   0.169E-03   11787.33735   706.396
    78      28   21   0.140E-02    4927.58339   706.396
    79      28   22   0.290E+01    4901.10918   706.396
    80      28   23   0.108E+00    4900.99119   706.396
    81      28   24   0.148E+00    4846.26321   706.396
    82      28   25   0.423E-02    4846.26124   706.396
    83      29   10   0.175E-03   11787.57042   706.402
    84      29   20   0.138E-02    4927.81686   706.402
    85      29   21   0.208E-04    4927.70103   706.402
    86      29   23   0.301E+01    4901.10883   706.402
    87      29   24   0.337E-02    4846.38085   706.402
    88      29   25   0.149E+00    4846.37888   706.402
    89      30   20   0.129E+00    4976.16131   708.722
    90      30   21   0.199E-02    4976.04549   708.722
    91      30   25   0.303E+01    4894.72333   708.722
    92      31   20   0.238E-02    4976.15972   708.722
    93      31   21   0.129E+00    4976.04389   708.722
    94      31   24   0.296E+01    4894.72370   708.722
    95      31   25   0.671E-01    4894.72173   708.722
    96      32   26   0.549E+01    5853.48428   985.483
    97      33   26   0.604E-01    5853.60031   985.489
    98      33   27   0.542E+01    5853.48437   985.489
    99      34   27   0.113E-02    5902.39557   987.836
   100      34   28   0.521E+01    5864.21566   987.836
   101      34   29   0.119E+00    5864.09802   987.836
   102      34   30   0.325E-02    5815.75357   987.836
   103      34   31   0.175E+00    5815.75517   987.836
   104      35   26   0.112E-02    5902.62894   987.842
   105      35   29   0.533E+01    5864.21545   987.842
   106      35   30   0.176E+00    5815.87100   987.842
   107      35   31   0.269E-02    5815.87259   987.842
   108      36   26   0.156E+00    5945.31213   989.890
   109      36   27   0.174E-02    5945.19619   989.890
   110      36   30   0.535E+01    5858.55419   989.890
   111      37   26   0.202E-02    5945.31078   989.890
   112      37   27   0.156E+00    5945.19484   989.890
   113      37   30   0.807E-01    5858.55284   989.890
   114      37   31   0.526E+01    5858.55444   989.890
   115      38   32   0.873E+01    6809.30026  1312.280
   116      39   32   0.728E-01    6809.41635  1312.286
   117      39   33   0.866E+01    6809.30033  1312.286
   118      40   33   0.950E-03    6868.36098  1315.120
   119      40   34   0.843E+01    6819.44978  1315.120
   120      40   35   0.130E+00    6819.33235  1315.120
   121      40   36   0.262E-02    6776.64916  1315.120
   122      40   37   0.202E+00    6776.65051  1315.120
   123      41   32   0.943E-03    6868.59429  1315.126
   124      41   35   0.856E+01    6819.44963  1315.126
   125      41   36   0.203E+00    6776.76644  1315.126
   126      41   37   0.222E-02    6776.76778  1315.126
   127      42   32   0.183E+00    6906.02263  1316.922
   128      42   33   0.153E-02    6905.90660  1316.922
   129      42   36   0.857E+01    6814.19478  1316.922
   130      43   32   0.175E-02    6906.02147  1316.922
   131      43   33   0.183E+00    6905.90545  1316.922
   132      43   36   0.938E-01    6814.19363  1316.922
   133      43   37   0.848E+01    6814.19497  1316.922
   134      44   38   0.130E+02    7755.56449  1684.491
   135      45   38   0.851E-01    7755.68063  1684.497
   136      45   39   0.129E+02    7755.56455  1684.497
   137      46   39   0.815E-03    7824.37948  1687.799
   138      46   40   0.127E+02    7765.31883  1687.799
   139      46   41   0.141E+00    7765.20155  1687.799
   140      46   42   0.219E-02    7727.77321  1687.799
   141      46   43   0.227E+00    7727.77436  1687.799
   142      47   38   0.811E-03    7824.61274  1687.805
   143      47   41   0.128E+02    7765.31872  1687.805
   144      47   42   0.228E+00    7727.89038  1687.805
   145      47   43   0.187E-02    7727.89153  1687.805
   146      48   38   0.154E-02    7857.04618  1689.362
   147      48   39   0.208E+00    7856.93009  1689.362
   148      48   42   0.106E+00    7760.32382  1689.361
   149      48   43   0.127E+02    7760.32497  1689.362
   150      49   38   0.208E+00    7857.04719  1689.362
   151      49   39   0.137E-02    7856.93110  1689.362
   152      49   42   0.128E+02    7760.32483  1689.362
!NUMBER OF COLL PARTNERS
1
!COLLISIONS BETWEEN
4 e-OH+ from Coulomb-Born + recoupling (Faure 2012; Van der Tak et al 2013)
!NUMBER OF COLL TRANS
176
!NUMBER OF COLL TEMPS
12
! COLLISIONAL TEMPERATURES
   10.0     20.0     30.0     50.0     75.0    100.0    150.0    200.0    300.0    500.0    750.0   1000.0
!TRANS + UP + LOW + COLLRATES(cm^3 s^-1)
  1   3   1   0.246E-05 0.176E-05 0.144E-05 0.111E-05 0.907E-06 0.787E-06 0.652E-06 0.573E-06 0.483E-06 0.398E-06 0.347E-06 0.317E-06
  2   3   2   0.123E-05 0.880E-06 0.720E-06 0.557E-06 0.453E-06 0.393E-06 0.326E-06 0.287E-06 0.242E-06 0.199E-06 0.173E-06 0.159E-06
  3   4   1   0.246E-05 0.176E-05 0.144E-05 0.111E-05 0.907E-06 0.787E-06 0.652E-06 0.573E-06 0.483E-06 0.398E-06 0.347E-06 0.317E-06
  4   4   2   0.123E-05 0.880E-06 0.720E-06 0.557E-06 0.453E-06 0.393E-06 0.326E-06 0.287E-06 0.242E-06 0.199E-06 0.173E-06 0.159E-06
  5   5   1   0.246E-05 0.176E-05 0.144E-05 0.111E-05 0.907E-06 0.787E-06 0.652E-06 0.573E-06 0.483E-06 0.398E-06 0.347E-06 0.317E-06
  6   5   2   0.123E-05 0.880E-06 0.720E-06 0.557E-06 0.453E-06 0.393E-06 0.326E-06 0.287E-06 0.242E-06 0.199E-06 0.173E-06 0.159E-06
  7   6   1   0.246E-05 0.176E-05 0.144E-05 0.111E-05 0.907E-06 0.787E-06 0.652E-06 0.573E-06 0.483E-06 0.398E-06 0.347E-06 0.317E-06
  8   6   2   0.123E-05 0.880E-06 0.720E-06 0.557E-06 0.453E-06 0.393E-06 0.326E-06 0.287E-06 0.242E-06 0.199E-06 0.173E-06 0.159E-06
  9   7   1   0.246E-05 0.176E-05 0.144E-05 0.111E-05 0.907E-06 0.787E-06 0.652E-06 0.573E-06 0.483E-06 0.398E-06 0.347E-06 0.317E-06
 10   7   2   0.123E-05 0.880E-06 0.720E-06 0.557E-06 0.453E-06 0.393E-06 0.326E-06 0.287E-06 0.242E-06 0.199E-06 0.173E-06 0.159E-06
 11   8   3   0.332E-05 0.217E-05 0.164E-05 0.117E-05 0.911E-06 0.778E-06 0.633E-06 0.552E-06 0.463E-06 0.377E-06 0.323E-06 0.291E-06
 12   8   4   0.996E-07 0.654E-07 0.491E-07 0.350E-07 0.274E-07 0.233E-07 0.190E-07 0.166E-07 0.139E-07 0.113E-07 0.972E-08 0.870E-08
 13   8   5   0.664E-07 0.436E-07 0.328E-07 0.233E-07 0.182E-07 0.156E-07 0.127E-07 0.110E-07 0.924E-08 0.756E-08 0.648E-08 0.580E-08
 14   8   6   0.830E-06 0.543E-06 0.410E-06 0.292E-06 0.228E-06 0.194E-06 0.158E-06 0.138E-06 0.116E-06 0.943E-07 0.810E-07 0.727E-07
 15   8   7   0.166E-05 0.109E-05 0.820E-06 0.583E-06 0.455E-06 0.389E-06 0.317E-06 0.276E-06 0.231E-06 0.189E-06 0.162E-06 0.145E-06
 16   9   3   0.332E-05 0.217E-05 0.164E-05 0.117E-05 0.911E-06 0.778E-06 0.633E-06 0.552E-06 0.463E-06 0.377E-06 0.323E-06 0.291E-06
 17   9   4   0.996E-07 0.654E-07 0.491E-07 0.350E-07 0.274E-07 0.233E-07 0.190E-07 0.166E-07 0.139E-07 0.113E-07 0.972E-08 0.870E-08
 18   9   5   0.664E-07 0.436E-07 0.328E-07 0.233E-07 0.182E-07 0.156E-07 0.127E-07 0.110E-07 0.924E-08 0.756E-08 0.648E-08 0.580E-08
 19   9   6   0.830E-06 0.543E-06 0.410E-06 0.292E-06 0.228E-06 0.194E-06 0.158E-06 0.138E-06 0.116E-06 0.943E-07 0.810E-07 0.727E-07
 20   9   7   0.166E-05 0.109E-05 0.820E-06 0.583E-06 0.455E-06 0.389E-06 0.317E-06 0.276E-06 0.231E-06 0.189E-06 0.162E-06 0.145E-06
 21  10   4   0.358E-05 0.235E-05 0.177E-05 0.126E-05 0.984E-06 0.840E-06 0.684E-06 0.596E-06 0.500E-06 0.407E-06 0.349E-06 0.314E-06
 22  10   5   0.239E-05 0.156E-05 0.118E-05 0.840E-06 0.656E-06 0.560E-06 0.456E-06 0.397E-06 0.333E-06 0.272E-06 0.233E-06 0.209E-06
 23  11   4   0.358E-05 0.235E-05 0.177E-05 0.126E-05 0.984E-06 0.840E-06 0.684E-06 0.596E-06 0.500E-06 0.407E-06 0.349E-06 0.314E-06
 24  11   5   0.239E-05 0.156E-05 0.118E-05 0.840E-06 0.656E-06 0.560E-06 0.456E-06 0.397E-06 0.333E-06 0.272E-06 0.233E-06 0.209E-06
 25  12   4   0.894E-06 0.586E-06 0.442E-06 0.315E-06 0.246E-06 0.210E-06 0.171E-06 0.149E-06 0.125E-06 0.102E-06 0.870E-07 0.786E-07
 26  12   5   0.596E-06 0.391E-06 0.295E-06 0.210E-06 0.164E-06 0.140E-06 0.114E-06 0.992E-07 0.832E-07 0.680E-07 0.580E-07 0.524E-07
 27  12   6   0.149E-05 0.977E-06 0.737E-06 0.527E-06 0.410E-06 0.350E-06 0.285E-06 0.248E-06 0.208E-06 0.170E-06 0.146E-06 0.131E-06
 28  12   7   0.299E-05 0.195E-05 0.147E-05 0.105E-05 0.820E-06 0.700E-06 0.570E-06 0.497E-06 0.417E-06 0.339E-06 0.291E-06 0.261E-06
 29  13   4   0.894E-06 0.586E-06 0.442E-06 0.315E-06 0.246E-06 0.210E-06 0.171E-06 0.149E-06 0.125E-06 0.102E-06 0.870E-07 0.786E-07
 30  13   5   0.596E-06 0.391E-06 0.295E-06 0.210E-06 0.164E-06 0.140E-06 0.114E-06 0.992E-07 0.832E-07 0.680E-07 0.580E-07 0.524E-07
 31  13   6   0.149E-05 0.977E-06 0.737E-06 0.527E-06 0.410E-06 0.350E-06 0.285E-06 0.248E-06 0.208E-06 0.170E-06 0.146E-06 0.131E-06
 32  13   7   0.299E-05 0.195E-05 0.147E-05 0.105E-05 0.820E-06 0.700E-06 0.570E-06 0.497E-06 0.417E-06 0.339E-06 0.291E-06 0.261E-06
 33  14  10   0.265E-05 0.190E-05 0.155E-05 0.120E-05 0.977E-06 0.851E-06 0.697E-06 0.606E-06 0.505E-06 0.405E-06 0.345E-06 0.309E-06
 34  14  11   0.199E-05 0.142E-05 0.117E-05 0.900E-06 0.733E-06 0.639E-06 0.523E-06 0.454E-06 0.378E-06 0.304E-06 0.258E-06 0.232E-06
 35  15  10   0.265E-05 0.190E-05 0.155E-05 0.120E-05 0.977E-06 0.851E-06 0.697E-06 0.606E-06 0.505E-06 0.405E-06 0.345E-06 0.309E-06
 36  15  11   0.199E-05 0.142E-05 0.117E-05 0.900E-06 0.733E-06 0.639E-06 0.523E-06 0.454E-06 0.378E-06 0.304E-06 0.258E-06 0.232E-06
 37  16   8   0.130E-05 0.930E-06 0.760E-06 0.587E-06 0.480E-06 0.417E-06 0.340E-06 0.297E-06 0.247E-06 0.199E-06 0.169E-06 0.151E-06
 38  16   9   0.260E-05 0.186E-05 0.152E-05 0.117E-05 0.960E-06 0.833E-06 0.680E-06 0.593E-06 0.495E-06 0.397E-06 0.338E-06 0.303E-06
 39  16  10   0.118E-07 0.846E-08 0.691E-08 0.533E-08 0.434E-08 0.378E-08 0.310E-08 0.269E-08 0.224E-08 0.180E-08 0.153E-08 0.137E-08
 40  16  11   0.883E-08 0.634E-08 0.519E-08 0.400E-08 0.326E-08 0.284E-08 0.232E-08 0.202E-08 0.168E-08 0.135E-08 0.115E-08 0.103E-08
 41  16  12   0.289E-06 0.206E-06 0.169E-06 0.131E-06 0.106E-06 0.928E-07 0.760E-07 0.660E-07 0.548E-07 0.440E-07 0.375E-07 0.337E-07
 42  16  13   0.433E-06 0.310E-06 0.254E-06 0.196E-06 0.160E-06 0.139E-06 0.114E-06 0.990E-07 0.822E-07 0.660E-07 0.563E-07 0.505E-07
 43  17   8   0.130E-05 0.930E-06 0.760E-06 0.587E-06 0.480E-06 0.417E-06 0.340E-06 0.297E-06 0.247E-06 0.199E-06 0.169E-06 0.151E-06
 44  17   9   0.260E-05 0.186E-05 0.152E-05 0.117E-05 0.960E-06 0.833E-06 0.680E-06 0.593E-06 0.495E-06 0.397E-06 0.338E-06 0.303E-06
 45  17  10   0.118E-07 0.846E-08 0.691E-08 0.533E-08 0.434E-08 0.378E-08 0.310E-08 0.269E-08 0.224E-08 0.180E-08 0.153E-08 0.137E-08
 46  17  11   0.883E-08 0.634E-08 0.519E-08 0.400E-08 0.326E-08 0.284E-08 0.232E-08 0.202E-08 0.168E-08 0.135E-08 0.115E-08 0.103E-08
 47  17  12   0.289E-06 0.206E-06 0.169E-06 0.131E-06 0.106E-06 0.928E-07 0.760E-07 0.660E-07 0.548E-07 0.440E-07 0.375E-07 0.337E-07
 48  17  13   0.433E-06 0.310E-06 0.254E-06 0.196E-06 0.160E-06 0.139E-06 0.114E-06 0.990E-07 0.822E-07 0.660E-07 0.563E-07 0.505E-07
 49  18  10   0.295E-06 0.211E-06 0.173E-06 0.133E-06 0.109E-06 0.949E-07 0.777E-07 0.674E-07 0.561E-07 0.450E-07 0.383E-07 0.343E-07
 50  18  11   0.221E-06 0.158E-06 0.129E-06 0.999E-07 0.814E-07 0.711E-07 0.583E-07 0.506E-07 0.420E-07 0.338E-07 0.287E-07 0.258E-07
 51  18  12   0.165E-05 0.118E-05 0.968E-06 0.748E-06 0.608E-06 0.528E-06 0.432E-06 0.377E-06 0.314E-06 0.252E-06 0.214E-06 0.192E-06
 52  18  13   0.247E-05 0.177E-05 0.145E-05 0.112E-05 0.912E-06 0.792E-06 0.648E-06 0.565E-06 0.471E-06 0.378E-06 0.322E-06 0.289E-06
 53  19  10   0.295E-06 0.211E-06 0.173E-06 0.133E-06 0.109E-06 0.949E-07 0.777E-07 0.674E-07 0.561E-07 0.450E-07 0.383E-07 0.343E-07
 54  19  11   0.221E-06 0.158E-06 0.129E-06 0.999E-07 0.814E-07 0.711E-07 0.583E-07 0.506E-07 0.420E-07 0.338E-07 0.287E-07 0.258E-07
 55  19  12   0.165E-05 0.118E-05 0.968E-06 0.748E-06 0.608E-06 0.528E-06 0.432E-06 0.377E-06 0.314E-06 0.252E-06 0.214E-06 0.192E-06
 56  19  13   0.247E-05 0.177E-05 0.145E-05 0.112E-05 0.912E-06 0.792E-06 0.648E-06 0.565E-06 0.471E-06 0.378E-06 0.322E-06 0.289E-06
 57  20  14   0.286E-05 0.203E-05 0.164E-05 0.124E-05 0.100E-05 0.856E-06 0.700E-06 0.606E-06 0.502E-06 0.401E-06 0.341E-06 0.305E-06
 58  20  15   0.229E-05 0.163E-05 0.131E-05 0.991E-06 0.800E-06 0.684E-06 0.560E-06 0.484E-06 0.401E-06 0.321E-06 0.272E-06 0.244E-06
 59  21  14   0.286E-05 0.203E-05 0.164E-05 0.124E-05 0.100E-05 0.856E-06 0.700E-06 0.606E-06 0.502E-06 0.401E-06 0.341E-06 0.305E-06
 60  21  15   0.229E-05 0.163E-05 0.131E-05 0.991E-06 0.800E-06 0.684E-06 0.560E-06 0.484E-06 0.401E-06 0.321E-06 0.272E-06 0.244E-06
 61  22  14   0.365E-08 0.259E-08 0.209E-08 0.158E-08 0.128E-08 0.109E-08 0.894E-09 0.772E-09 0.639E-09 0.512E-09 0.434E-09 0.389E-09
 62  22  15   0.292E-08 0.208E-08 0.167E-08 0.126E-08 0.102E-08 0.871E-09 0.716E-09 0.618E-09 0.511E-09 0.409E-09 0.348E-09 0.311E-09
 63  22  16   0.189E-05 0.134E-05 0.108E-05 0.820E-06 0.660E-06 0.564E-06 0.464E-06 0.400E-06 0.332E-06 0.265E-06 0.225E-06 0.202E-06
 64  22  17   0.284E-05 0.202E-05 0.163E-05 0.123E-05 0.990E-06 0.846E-06 0.696E-06 0.600E-06 0.497E-06 0.398E-06 0.338E-06 0.302E-06
 65  22  18   0.177E-06 0.126E-06 0.102E-06 0.767E-07 0.621E-07 0.531E-07 0.433E-07 0.375E-07 0.311E-07 0.249E-07 0.211E-07 0.189E-07
 66  22  19   0.237E-06 0.168E-06 0.135E-06 0.102E-06 0.829E-07 0.709E-07 0.577E-07 0.501E-07 0.415E-07 0.331E-07 0.282E-07 0.252E-07
 67  23  14   0.365E-08 0.259E-08 0.209E-08 0.158E-08 0.128E-08 0.109E-08 0.894E-09 0.772E-09 0.639E-09 0.512E-09 0.434E-09 0.389E-09
 68  23  15   0.292E-08 0.208E-08 0.167E-08 0.126E-08 0.102E-08 0.871E-09 0.716E-09 0.618E-09 0.511E-09 0.409E-09 0.348E-09 0.311E-09
 69  23  16   0.189E-05 0.134E-05 0.108E-05 0.820E-06 0.660E-06 0.564E-06 0.464E-06 0.400E-06 0.332E-06 0.265E-06 0.225E-06 0.202E-06
 70  23  17   0.284E-05 0.202E-05 0.163E-05 0.123E-05 0.990E-06 0.846E-06 0.696E-06 0.600E-06 0.497E-06 0.398E-06 0.338E-06 0.302E-06
 71  23  18   0.177E-06 0.126E-06 0.102E-06 0.767E-07 0.621E-07 0.531E-07 0.433E-07 0.375E-07 0.311E-07 0.249E-07 0.211E-07 0.189E-07
 72  23  19   0.237E-06 0.168E-06 0.135E-06 0.102E-06 0.829E-07 0.709E-07 0.577E-07 0.501E-07 0.415E-07 0.331E-07 0.282E-07 0.252E-07
 73  24  14   0.179E-06 0.127E-06 0.102E-06 0.772E-07 0.622E-07 0.534E-07 0.437E-07 0.378E-07 0.313E-07 0.251E-07 0.213E-07 0.191E-07
 74  24  15   0.143E-06 0.102E-06 0.818E-07 0.618E-07 0.498E-07 0.428E-07 0.350E-07 0.303E-07 0.251E-07 0.200E-07 0.170E-07 0.152E-07
 75  24  18   0.207E-05 0.147E-05 0.119E-05 0.896E-06 0.724E-06 0.617E-06 0.506E-06 0.437E-06 0.363E-06 0.290E-06 0.246E-06 0.221E-06
 76  24  19   0.276E-05 0.196E-05 0.158E-05 0.119E-05 0.966E-06 0.823E-06 0.674E-06 0.583E-06 0.484E-06 0.387E-06 0.329E-06 0.294E-06
 77  25  14   0.179E-06 0.127E-06 0.102E-06 0.772E-07 0.622E-07 0.534E-07 0.437E-07 0.378E-07 0.313E-07 0.251E-07 0.213E-07 0.191E-07
 78  25  15   0.143E-06 0.102E-06 0.818E-07 0.618E-07 0.498E-07 0.428E-07 0.350E-07 0.303E-07 0.251E-07 0.200E-07 0.170E-07 0.152E-07
 79  25  18   0.207E-05 0.147E-05 0.119E-05 0.896E-06 0.724E-06 0.617E-06 0.506E-06 0.437E-06 0.363E-06 0.290E-06 0.246E-06 0.221E-06
 80  25  19   0.276E-05 0.196E-05 0.158E-05 0.119E-05 0.966E-06 0.823E-06 0.674E-06 0.583E-06 0.484E-06 0.387E-06 0.329E-06 0.294E-06
 81  26  20   0.267E-05 0.190E-05 0.156E-05 0.121E-05 0.987E-06 0.851E-06 0.698E-06 0.605E-06 0.503E-06 0.400E-06 0.337E-06 0.301E-06
 82  26  21   0.222E-05 0.159E-05 0.130E-05 0.100E-05 0.823E-06 0.709E-06 0.582E-06 0.505E-06 0.419E-06 0.334E-06 0.281E-06 0.250E-06
 83  27  20   0.267E-05 0.190E-05 0.156E-05 0.121E-05 0.987E-06 0.851E-06 0.698E-06 0.605E-06 0.503E-06 0.400E-06 0.337E-06 0.301E-06
 84  27  21   0.222E-05 0.159E-05 0.130E-05 0.100E-05 0.823E-06 0.709E-06 0.582E-06 0.505E-06 0.419E-06 0.334E-06 0.281E-06 0.250E-06
 85  28  20   0.131E-08 0.938E-09 0.769E-09 0.595E-09 0.488E-09 0.420E-09 0.345E-09 0.299E-09 0.248E-09 0.197E-09 0.166E-09 0.148E-09
 86  28  21   0.110E-08 0.782E-09 0.641E-09 0.495E-09 0.406E-09 0.350E-09 0.287E-09 0.249E-09 0.207E-09 0.165E-09 0.139E-09 0.124E-09
 87  28  22   0.199E-05 0.142E-05 0.117E-05 0.900E-06 0.737E-06 0.634E-06 0.523E-06 0.454E-06 0.375E-06 0.299E-06 0.252E-06 0.225E-06
 88  28  23   0.266E-05 0.190E-05 0.155E-05 0.120E-05 0.983E-06 0.846E-06 0.697E-06 0.606E-06 0.501E-06 0.399E-06 0.335E-06 0.299E-06
 89  28  24   0.106E-06 0.760E-07 0.622E-07 0.480E-07 0.393E-07 0.339E-07 0.278E-07 0.241E-07 0.200E-07 0.160E-07 0.134E-07 0.120E-07
 90  28  25   0.133E-06 0.950E-07 0.778E-07 0.600E-07 0.492E-07 0.424E-07 0.348E-07 0.302E-07 0.251E-07 0.199E-07 0.168E-07 0.149E-07
 91  29  20   0.131E-08 0.938E-09 0.769E-09 0.595E-09 0.488E-09 0.420E-09 0.345E-09 0.299E-09 0.248E-09 0.197E-09 0.166E-09 0.148E-09
 92  29  21   0.110E-08 0.782E-09 0.641E-09 0.495E-09 0.406E-09 0.350E-09 0.287E-09 0.249E-09 0.207E-09 0.165E-09 0.139E-09 0.124E-09
 93  29  22   0.199E-05 0.142E-05 0.117E-05 0.900E-06 0.737E-06 0.634E-06 0.523E-06 0.454E-06 0.375E-06 0.299E-06 0.252E-06 0.225E-06
 94  29  23   0.266E-05 0.190E-05 0.155E-05 0.120E-05 0.983E-06 0.846E-06 0.697E-06 0.606E-06 0.501E-06 0.399E-06 0.335E-06 0.299E-06
 95  29  24   0.106E-06 0.760E-07 0.622E-07 0.480E-07 0.393E-07 0.339E-07 0.278E-07 0.241E-07 0.200E-07 0.160E-07 0.134E-07 0.120E-07
 96  29  25   0.133E-06 0.950E-07 0.778E-07 0.600E-07 0.492E-07 0.424E-07 0.348E-07 0.302E-07 0.251E-07 0.199E-07 0.168E-07 0.149E-07
 97  30  20   0.107E-06 0.764E-07 0.622E-07 0.482E-07 0.395E-07 0.340E-07 0.279E-07 0.242E-07 0.201E-07 0.160E-07 0.135E-07 0.120E-07
 98  30  21   0.891E-07 0.636E-07 0.518E-07 0.402E-07 0.329E-07 0.284E-07 0.233E-07 0.202E-07 0.168E-07 0.134E-07 0.112E-07 0.100E-07
 99  30  24   0.208E-05 0.149E-05 0.122E-05 0.942E-06 0.773E-06 0.667E-06 0.547E-06 0.476E-06 0.393E-06 0.313E-06 0.264E-06 0.235E-06
100  30  25   0.261E-05 0.186E-05 0.153E-05 0.118E-05 0.967E-06 0.833E-06 0.683E-06 0.594E-06 0.492E-06 0.392E-06 0.329E-06 0.294E-06
101  31  20   0.107E-06 0.764E-07 0.622E-07 0.482E-07 0.395E-07 0.340E-07 0.279E-07 0.242E-07 0.201E-07 0.160E-07 0.135E-07 0.120E-07
102  31  21   0.891E-07 0.636E-07 0.518E-07 0.402E-07 0.329E-07 0.284E-07 0.233E-07 0.202E-07 0.168E-07 0.134E-07 0.112E-07 0.100E-07
103  31  24   0.208E-05 0.149E-05 0.122E-05 0.942E-06 0.773E-06 0.667E-06 0.547E-06 0.476E-06 0.393E-06 0.313E-06 0.264E-06 0.235E-06
104  31  25   0.261E-05 0.186E-05 0.153E-05 0.118E-05 0.967E-06 0.833E-06 0.683E-06 0.594E-06 0.492E-06 0.392E-06 0.329E-06 0.294E-06
105  32  26   0.272E-05 0.195E-05 0.159E-05 0.123E-05 0.996E-06 0.862E-06 0.700E-06 0.608E-06 0.502E-06 0.398E-06 0.335E-06 0.298E-06
106  32  27   0.234E-05 0.168E-05 0.137E-05 0.105E-05 0.854E-06 0.738E-06 0.600E-06 0.522E-06 0.430E-06 0.341E-06 0.287E-06 0.256E-06
107  33  26   0.272E-05 0.195E-05 0.159E-05 0.123E-05 0.996E-06 0.862E-06 0.700E-06 0.608E-06 0.502E-06 0.398E-06 0.335E-06 0.298E-06
108  33  27   0.234E-05 0.168E-05 0.137E-05 0.105E-05 0.854E-06 0.738E-06 0.600E-06 0.522E-06 0.430E-06 0.341E-06 0.287E-06 0.256E-06
109  34  26   0.625E-09 0.449E-09 0.366E-09 0.282E-09 0.229E-09 0.198E-09 0.160E-09 0.139E-09 0.115E-09 0.915E-10 0.770E-10 0.684E-10
110  34  27   0.535E-09 0.384E-09 0.314E-09 0.241E-09 0.196E-09 0.169E-09 0.138E-09 0.120E-09 0.988E-10 0.785E-10 0.660E-10 0.586E-10
111  34  28   0.217E-05 0.156E-05 0.127E-05 0.978E-06 0.796E-06 0.689E-06 0.560E-06 0.484E-06 0.400E-06 0.318E-06 0.267E-06 0.238E-06
112  34  29   0.272E-05 0.195E-05 0.159E-05 0.122E-05 0.994E-06 0.861E-06 0.700E-06 0.606E-06 0.501E-06 0.397E-06 0.334E-06 0.298E-06
113  34  30   0.905E-07 0.649E-07 0.530E-07 0.408E-07 0.331E-07 0.286E-07 0.233E-07 0.202E-07 0.167E-07 0.133E-07 0.111E-07 0.993E-08
114  34  31   0.755E-07 0.541E-07 0.442E-07 0.340E-07 0.276E-07 0.239E-07 0.194E-07 0.169E-07 0.139E-07 0.110E-07 0.927E-08 0.827E-08
115  35  26   0.625E-09 0.449E-09 0.366E-09 0.282E-09 0.229E-09 0.198E-09 0.160E-09 0.139E-09 0.115E-09 0.915E-10 0.770E-10 0.684E-10
116  35  27   0.535E-09 0.384E-09 0.314E-09 0.241E-09 0.196E-09 0.169E-09 0.138E-09 0.120E-09 0.988E-10 0.785E-10 0.660E-10 0.586E-10
117  35  28   0.217E-05 0.156E-05 0.127E-05 0.978E-06 0.796E-06 0.689E-06 0.560E-06 0.484E-06 0.400E-06 0.318E-06 0.267E-06 0.238E-06
118  35  29   0.272E-05 0.195E-05 0.159E-05 0.122E-05 0.994E-06 0.861E-06 0.700E-06 0.606E-06 0.501E-06 0.397E-06 0.334E-06 0.298E-06
119  35  30   0.905E-07 0.649E-07 0.530E-07 0.408E-07 0.331E-07 0.286E-07 0.233E-07 0.202E-07 0.167E-07 0.133E-07 0.111E-07 0.993E-08
120  35  31   0.755E-07 0.541E-07 0.442E-07 0.340E-07 0.276E-07 0.239E-07 0.194E-07 0.169E-07 0.139E-07 0.110E-07 0.927E-08 0.827E-08
121  36  26   0.759E-07 0.544E-07 0.443E-07 0.341E-07 0.277E-07 0.239E-07 0.194E-07 0.169E-07 0.139E-07 0.110E-07 0.932E-08 0.829E-08
122  36  27   0.651E-07 0.466E-07 0.379E-07 0.292E-07 0.237E-07 0.205E-07 0.167E-07 0.145E-07 0.120E-07 0.946E-08 0.798E-08 0.711E-08
123  36  30   0.268E-05 0.193E-05 0.157E-05 0.121E-05 0.982E-06 0.851E-06 0.687E-06 0.600E-06 0.494E-06 0.392E-06 0.330E-06 0.294E-06
124  36  31   0.224E-05 0.160E-05 0.131E-05 0.101E-05 0.818E-06 0.709E-06 0.573E-06 0.500E-06 0.412E-06 0.326E-06 0.275E-06 0.245E-06
125  37  26   0.759E-07 0.544E-07 0.443E-07 0.341E-07 0.277E-07 0.239E-07 0.194E-07 0.169E-07 0.139E-07 0.110E-07 0.932E-08 0.829E-08
126  37  27   0.651E-07 0.466E-07 0.379E-07 0.292E-07 0.237E-07 0.205E-07 0.167E-07 0.145E-07 0.120E-07 0.946E-08 0.798E-08 0.711E-08
127  37  30   0.268E-05 0.193E-05 0.157E-05 0.121E-05 0.982E-06 0.851E-06 0.687E-06 0.600E-06 0.494E-06 0.392E-06 0.330E-06 0.294E-06
128  37  31   0.224E-05 0.160E-05 0.131E-05 0.101E-05 0.818E-06 0.709E-06 0.573E-06 0.500E-06 0.412E-06 0.326E-06 0.275E-06 0.245E-06
129  38  32   0.268E-05 0.191E-05 0.156E-05 0.121E-05 0.987E-06 0.853E-06 0.699E-06 0.608E-06 0.502E-06 0.397E-06 0.333E-06 0.295E-06
130  38  33   0.234E-05 0.167E-05 0.137E-05 0.106E-05 0.863E-06 0.747E-06 0.611E-06 0.532E-06 0.439E-06 0.348E-06 0.291E-06 0.258E-06
131  39  32   0.268E-05 0.191E-05 0.156E-05 0.121E-05 0.987E-06 0.853E-06 0.699E-06 0.608E-06 0.502E-06 0.397E-06 0.333E-06 0.295E-06
132  39  33   0.234E-05 0.167E-05 0.137E-05 0.106E-05 0.863E-06 0.747E-06 0.611E-06 0.532E-06 0.439E-06 0.348E-06 0.291E-06 0.258E-06
133  40  32   0.323E-09 0.230E-09 0.189E-09 0.146E-09 0.119E-09 0.103E-09 0.843E-10 0.736E-10 0.608E-10 0.480E-10 0.402E-10 0.356E-10
134  40  33   0.283E-09 0.202E-09 0.165E-09 0.128E-09 0.104E-09 0.901E-10 0.737E-10 0.644E-10 0.532E-10 0.420E-10 0.352E-10 0.312E-10
135  40  34   0.223E-05 0.159E-05 0.130E-05 0.101E-05 0.823E-06 0.709E-06 0.582E-06 0.505E-06 0.418E-06 0.330E-06 0.277E-06 0.245E-06
136  40  35   0.267E-05 0.191E-05 0.156E-05 0.121E-05 0.987E-06 0.851E-06 0.698E-06 0.605E-06 0.501E-06 0.397E-06 0.332E-06 0.295E-06
137  40  36   0.635E-07 0.454E-07 0.372E-07 0.288E-07 0.235E-07 0.203E-07 0.166E-07 0.144E-07 0.120E-07 0.942E-08 0.792E-08 0.700E-08
138  40  37   0.545E-07 0.389E-07 0.318E-07 0.247E-07 0.201E-07 0.174E-07 0.142E-07 0.124E-07 0.102E-07 0.808E-08 0.678E-08 0.600E-08
139  41  32   0.323E-09 0.230E-09 0.189E-09 0.146E-09 0.119E-09 0.103E-09 0.843E-10 0.736E-10 0.608E-10 0.480E-10 0.402E-10 0.356E-10
140  41  33   0.283E-09 0.202E-09 0.165E-09 0.128E-09 0.104E-09 0.901E-10 0.737E-10 0.644E-10 0.532E-10 0.420E-10 0.352E-10 0.312E-10
141  41  34   0.223E-05 0.159E-05 0.130E-05 0.101E-05 0.823E-06 0.709E-06 0.582E-06 0.505E-06 0.418E-06 0.330E-06 0.277E-06 0.245E-06
142  41  35   0.267E-05 0.191E-05 0.156E-05 0.121E-05 0.987E-06 0.851E-06 0.698E-06 0.605E-06 0.501E-06 0.397E-06 0.332E-06 0.295E-06
143  41  36   0.635E-07 0.454E-07 0.372E-07 0.288E-07 0.235E-07 0.203E-07 0.166E-07 0.144E-07 0.120E-07 0.942E-08 0.792E-08 0.700E-08
144  41  37   0.545E-07 0.389E-07 0.318E-07 0.247E-07 0.201E-07 0.174E-07 0.142E-07 0.124E-07 0.102E-07 0.808E-08 0.678E-08 0.600E-08
145  42  32   0.544E-07 0.390E-07 0.319E-07 0.247E-07 0.202E-07 0.174E-07 0.142E-07 0.124E-07 0.102E-07 0.811E-08 0.677E-08 0.603E-08
146  42  33   0.476E-07 0.341E-07 0.279E-07 0.216E-07 0.176E-07 0.153E-07 0.125E-07 0.109E-07 0.896E-08 0.709E-08 0.593E-08 0.527E-08
147  42  36   0.265E-05 0.189E-05 0.155E-05 0.120E-05 0.975E-06 0.845E-06 0.689E-06 0.603E-06 0.496E-06 0.393E-06 0.329E-06 0.292E-06
148  42  37   0.227E-05 0.162E-05 0.132E-05 0.102E-05 0.835E-06 0.725E-06 0.591E-06 0.517E-06 0.426E-06 0.337E-06 0.282E-06 0.250E-06
149  43  32   0.544E-07 0.390E-07 0.319E-07 0.247E-07 0.202E-07 0.174E-07 0.142E-07 0.124E-07 0.102E-07 0.811E-08 0.677E-08 0.603E-08
150  43  33   0.476E-07 0.341E-07 0.279E-07 0.216E-07 0.176E-07 0.153E-07 0.125E-07 0.109E-07 0.896E-08 0.709E-08 0.593E-08 0.527E-08
151  43  36   0.265E-05 0.189E-05 0.155E-05 0.120E-05 0.975E-06 0.845E-06 0.689E-06 0.603E-06 0.496E-06 0.393E-06 0.329E-06 0.292E-06
152  43  37   0.227E-05 0.162E-05 0.132E-05 0.102E-05 0.835E-06 0.725E-06 0.591E-06 0.517E-06 0.426E-06 0.337E-06 0.282E-06 0.250E-06
153  44  38   0.269E-05 0.193E-05 0.158E-05 0.122E-05 0.990E-06 0.858E-06 0.699E-06 0.609E-06 0.500E-06 0.395E-06 0.331E-06 0.294E-06
154  44  39   0.240E-05 0.171E-05 0.140E-05 0.108E-05 0.880E-06 0.762E-06 0.621E-06 0.541E-06 0.445E-06 0.352E-06 0.295E-06 0.261E-06
155  45  38   0.269E-05 0.193E-05 0.158E-05 0.122E-05 0.990E-06 0.858E-06 0.699E-06 0.609E-06 0.500E-06 0.395E-06 0.331E-06 0.294E-06
156  45  39   0.240E-05 0.171E-05 0.140E-05 0.108E-05 0.880E-06 0.762E-06 0.621E-06 0.541E-06 0.445E-06 0.352E-06 0.295E-06 0.261E-06
157  46  38   0.187E-09 0.134E-09 0.110E-09 0.847E-10 0.688E-10 0.598E-10 0.485E-10 0.423E-10 0.347E-10 0.275E-10 0.230E-10 0.204E-10
158  46  39   0.166E-09 0.119E-09 0.974E-10 0.753E-10 0.612E-10 0.532E-10 0.432E-10 0.376E-10 0.309E-10 0.244E-10 0.205E-10 0.181E-10
159  46  40   0.231E-05 0.165E-05 0.135E-05 0.104E-05 0.849E-06 0.734E-06 0.600E-06 0.522E-06 0.428E-06 0.339E-06 0.284E-06 0.252E-06
160  46  41   0.269E-05 0.193E-05 0.158E-05 0.122E-05 0.991E-06 0.856E-06 0.700E-06 0.608E-06 0.500E-06 0.395E-06 0.331E-06 0.293E-06
161  46  42   0.481E-07 0.344E-07 0.282E-07 0.217E-07 0.177E-07 0.153E-07 0.125E-07 0.109E-07 0.891E-08 0.704E-08 0.592E-08 0.524E-08
162  46  43   0.420E-07 0.301E-07 0.246E-07 0.190E-07 0.154E-07 0.134E-07 0.109E-07 0.952E-08 0.779E-08 0.616E-08 0.518E-08 0.459E-08
163  47  38   0.187E-09 0.134E-09 0.110E-09 0.847E-10 0.688E-10 0.598E-10 0.485E-10 0.423E-10 0.347E-10 0.275E-10 0.230E-10 0.204E-10
164  47  39   0.166E-09 0.119E-09 0.974E-10 0.753E-10 0.612E-10 0.532E-10 0.432E-10 0.376E-10 0.309E-10 0.244E-10 0.205E-10 0.181E-10
165  47  40   0.231E-05 0.165E-05 0.135E-05 0.104E-05 0.849E-06 0.734E-06 0.600E-06 0.522E-06 0.428E-06 0.339E-06 0.284E-06 0.252E-06
166  47  41   0.269E-05 0.193E-05 0.158E-05 0.122E-05 0.991E-06 0.856E-06 0.700E-06 0.608E-06 0.500E-06 0.395E-06 0.331E-06 0.293E-06
167  47  42   0.481E-07 0.344E-07 0.282E-07 0.217E-07 0.177E-07 0.153E-07 0.125E-07 0.109E-07 0.891E-08 0.704E-08 0.592E-08 0.524E-08
168  47  43   0.420E-07 0.301E-07 0.246E-07 0.190E-07 0.154E-07 0.134E-07 0.109E-07 0.952E-08 0.779E-08 0.616E-08 0.518E-08 0.459E-08
169  48  38   0.421E-07 0.301E-07 0.247E-07 0.190E-07 0.155E-07 0.134E-07 0.109E-07 0.953E-08 0.784E-08 0.619E-08 0.518E-08 0.459E-08
170  48  39   0.374E-07 0.268E-07 0.219E-07 0.169E-07 0.137E-07 0.119E-07 0.969E-08 0.847E-08 0.696E-08 0.551E-08 0.460E-08 0.408E-08
171  48  42   0.267E-05 0.191E-05 0.156E-05 0.121E-05 0.981E-06 0.848E-06 0.693E-06 0.603E-06 0.496E-06 0.392E-06 0.329E-06 0.291E-06
172  48  43   0.234E-05 0.167E-05 0.137E-05 0.105E-05 0.859E-06 0.742E-06 0.607E-06 0.527E-06 0.434E-06 0.343E-06 0.287E-06 0.255E-06
173  49  38   0.421E-07 0.301E-07 0.247E-07 0.190E-07 0.155E-07 0.134E-07 0.109E-07 0.953E-08 0.784E-08 0.619E-08 0.518E-08 0.459E-08
174  49  39   0.374E-07 0.268E-07 0.219E-07 0.169E-07 0.137E-07 0.119E-07 0.969E-08 0.847E-08 0.696E-08 0.551E-08 0.460E-08 0.408E-08
175  49  42   0.267E-05 0.191E-05 0.156E-05 0.121E-05 0.981E-06 0.848E-06 0.693E-06 0.603E-06 0.496E-06 0.392E-06 0.329E-06 0.291E-06
176  49  43   0.234E-05 0.167E-05 0.137E-05 0.105E-05 0.859E-06 0.742E-06 0.607E-06 0.527E-06 0.434E-06 0.343E-06 0.287E-06 0.255E-06
