!MOLECULE
p-C3H2 energies from JPL, A re-scaled to mu=3.27 D                      
!MOLECULAR WEIGHT
  38.
! NUMBER OF ENERGY LEVELS
 48
!LEVEL + ENERGIES(cm^-1) + WEIGHT + J (or other quantum numbers)
    1     0.000000000   1.0   0  0  0
    2     1.729243249   3.0   1  1  1
    3     4.467600000   5.0   2  0  2
    4     6.027200000   5.0   2  1  1
    5     6.747278182   5.0   2  2  0
    6     8.388542446   7.0   3  1  3
    7    11.214700000   7.0   3  2  2
    8    13.201337569   7.0   3  3  1
    9    13.419300000   9.0   4  0  4
   10    17.339700000   9.0   4  1  3
   11    19.567900000  11.0   5  1  5
   12    20.032400000   9.0   4  2  2
   13    21.441100000   9.0   4  3  1
   14    22.620613642   9.0   4  4  0
   15    24.616830985  11.0   5  2  4
   16    26.833700000  13.0   6  0  6
   17    28.537900000  11.0   5  3  3
   18    31.454400000  11.0   5  4  2
   19    33.006240430  13.0   6  1  5
   20    33.901866917  11.0   5  5  1
   21    35.216600000  15.0   7  1  7
   22    38.041500000  13.0   6  2  4
   23    41.885200000  13.0   6  3  3
   24    42.512800000  15.0   7  2  6
   25    44.304100000  13.0   6  4  2
   26    44.716700000  17.0   8  0  8
   27    45.792626606  13.0   6  5  1
   28    47.814461701  13.0   6  6  0
   29    48.675209617  15.0   7  3  5
   30    53.136200000  17.0   8  1  7
   31    53.698200000  15.0   7  4  4
   32    55.333900000  19.0   9  1  9
   33    57.622500000  15.0   7  5  3
   34    60.422896663  17.0   8  2  6
   35    60.778500000  15.0   7  6  2
   36    63.886049794  15.0   7  7  1
   37    64.876500000  19.0   9  2  8
   38    66.569700000  17.0   8  3  5
   39    67.068000000  21.0  10  0 10
   40    71.544800000  17.0   8  4  4
   41    73.286872968  19.0   9  3  7
   42    75.154900000  17.0   8  5  3
   43    77.308900000  17.0   8  6  2
   44    77.733700000  21.0  10  1  9
   45    79.290004445  17.0   8  7  1
   46    79.919109577  23.0  11  1 11
   47    80.560495993  19.0   9  4  6
   48    82.397066950  17.0   8  8  0
! NUMBER OF RADIATIVE TRANSITIONS
 154
!TRANS + U + L + A(s^-1) + FREQ(GHz) + E_u/k(K)
    1     5     4  5.710E-07          21.58740080     9.71
    2    14    13  1.779E-06          35.36092940    32.55
    3    13    12  3.381E-06          42.23124910    30.85
    4    27    25  4.463E-06          44.62490500    65.88
    5    19    18  1.556E-09          46.52300570    47.49
    6     4     3  2.679E-06          46.75562100     8.67
    7     6     5  7.603E-09          49.20321070    12.07
    8     2     1  5.780E-06          51.84140840     2.49
    9    41    40  1.894E-09          52.22603370   105.44
   10    45    43  8.885E-06          59.39201710   114.08
   11     8     7  5.147E-06          59.55789600    18.99
   12    28    27  5.748E-06          60.61388890    68.79
   13    43    42  1.225E-05          64.57599570   111.23
   14    25    23  1.355E-05          72.51571620    63.74
   15    20    18  9.076E-06          73.37321230    48.78
   16    12    10  1.327E-05          80.72317330    28.82
   17     3     2  1.884E-05          82.09355900     6.43
   18    34    33  1.206E-08          83.95377990    86.93
   19     7     6  1.042E-05          84.72769600    16.14
   20    47    44  2.225E-09          84.74521190   115.91
   21    18    17  1.850E-05          87.43531460    45.26
   22    48    45  1.487E-05          93.14752380   118.55
   23    36    35  1.563E-05          93.16199910    91.92
   24    35    33  2.523E-05          94.61398190    87.45
   25    15    13  4.425E-08          95.20601980    35.42
   26    42    40  4.010E-05         108.22685720   108.13
   27    23    22  3.895E-05         115.23188290    60.26
   28    10     9  2.230E-05         117.53066580    24.95
   29     6     3  7.063E-05         117.54623700    12.07
   30    17    15  3.393E-05         117.55039200    41.06
   31    33    31  4.586E-05         117.64711720    82.91
   32    29    26  2.684E-09         118.67313280    70.03
   33    22    20  7.685E-08         124.10447860    54.73
   34    29    25  9.338E-08         131.04263860    70.03
   35    40    38  8.541E-05         149.15076180   102.94
   36     5     2  5.354E-05         150.43654480     9.71
   37    31    29  7.700E-05         150.58461640    77.26
   38     9     6  1.635E-04         150.82066500    19.31
   39    22    19  6.239E-05         150.95468520    54.73
   40    15    11  3.956E-05         151.36110050    35.42
   41    34    32  4.240E-09         152.56427810    86.93
   42     7     4  1.115E-04         155.51829510    16.14
   43    14    10  1.363E-06         158.31535190    32.55
   44    47    42  1.642E-07         162.05676540   115.91
   45    38    35  2.914E-07         173.61607930    95.78
   46    17    14  2.824E-06         177.39546800    41.06
   47    28    23  4.561E-06         177.75450800    68.79
   48    10     7  2.073E-04         183.62362200    24.95
   49    38    34  1.271E-04         184.27626800    95.78
   50    11     9  3.153E-04         184.32998500    28.15
   51    29    24  1.009E-04         184.74552700    70.03
   52    19    16  6.184E-05         185.04769800    47.49
   53    41    39  5.982E-09         186.43578630   105.44
   54     8     5  2.684E-04         193.48875800    18.99
   55    12     8  1.241E-04         204.78892600    28.82
   56    48    42  6.372E-06         217.11553660   118.55
   57    16    11  5.393E-04         217.82214800    38.61
   58    47    41  1.917E-04         218.05754500   115.91
   59    15    10  4.039E-04         218.16044230    35.42
   60    34    30  1.493E-04         218.44882090    86.93
   61    24    21  8.922E-05         218.73273200    61.17
   62    40    36  8.092E-07         229.60484200   102.94
   63    45    40  1.002E-05         232.19487000   114.08
   64    27    22  2.630E-06         232.37250410    65.88
   65    31    27  4.046E-06         237.00234990    77.26
   66    13     9  2.191E-07         240.48508830    30.85
   67    21    16  8.496E-04         251.31434330    50.67
   68    19    15  6.745E-04         251.50869120    47.49
   69    41    37  2.077E-04         252.13595860   105.44
   70    30    26  1.217E-04         252.40982540    76.45
   71    17    12  4.700E-04         254.98763980    41.06
   72     8     3  4.238E-05         261.83179730    18.99
   73    20    15  4.571E-07         278.35889770    48.78
   74    14     8  7.372E-04         282.38108560    32.55
   75    26    21  1.260E-03         284.80520530    64.34
   76    22    17  7.620E-04         284.91300550    54.73
   77    24    19  1.041E-03         284.99935180    61.17
   78    37    32  1.594E-04         286.08139620    93.34
   79    33    28  2.411E-05         294.03557820    82.91
   80    18    13  6.913E-04         300.19170520    45.26
   81    36    31  1.630E-06         305.42309810    91.92
   82    13     7  2.307E-04         306.57805220    30.85
   83    25    20  1.703E-04         311.85207770    63.74
   84    23    18  6.598E-04         312.70957380    60.26
   85    32    26  1.785E-03         318.29436820    79.61
   86    30    24  1.517E-03         318.48226360    76.45
   87    29    22  1.193E-03         318.79023770    70.03
   88    44    39  2.022E-04         319.74816330   111.84
   89    43    38  3.808E-06         321.95361480   111.23
   90    20    14  1.598E-03         338.20398810    48.78
   91    25    19  6.766E-07         338.70228430    63.74
   92    12     6  8.123E-05         349.07448680    28.82
   93    39    32  2.439E-03         351.78156860    96.50
   94    37    30  2.117E-03         351.96593900    93.34
   95    34    29  1.735E-03         352.18551350    86.93
   96    31    23  1.278E-03         354.14297120    77.26
   97    18    11  1.660E-07         356.34678590    45.26
   98    35    29  1.509E-06         362.84571540    87.45
   99    46    39  3.235E-03         385.26657280   114.99
  100    44    37  2.854E-03         385.44833560   111.84
  101    41    34  2.409E-03         385.65307680   105.44
  102    38    31  1.872E-03         385.87717830    95.78
  103    33    25  1.431E-03         399.27437210    82.91
  104    43    36  1.472E-04         402.40769490   111.23
  105    20    12  1.955E-04         415.79616660    48.78
  106    28    20  3.116E-03         417.09087160    68.79
  107    40    33  1.799E-03         417.38082290   102.94
  108    47    38  2.628E-03         419.43438450   115.91
  109    18    10  2.566E-04         423.14612770    45.26
  110    14     6  2.155E-06         426.66666530    32.55
  111    27    18  1.300E-03         429.85019510    65.88
  112    42    35  9.986E-04         430.99369830   108.13
  113    42    34  1.591E-06         441.65390020   108.13
  114    28    19  4.201E-08         443.94107820    68.79
  115    35    27  2.474E-03         449.26344900    87.45
  116    23    16  1.694E-07         451.23432660    60.26
  117    33    24  6.607E-07         452.97730460    82.91
  118    17     9  1.143E-04         453.24147890    41.06
  119    25    17  5.962E-04         472.66060460    63.74
  120    48    38  2.467E-07         474.49315560   118.55
  121    36    28  5.199E-03         481.81155920    91.92
  122    23    15  3.597E-04         517.69525920    60.26
  123    40    30  6.657E-07         551.87586390   102.94
  124    22    11  1.476E-04         553.82447690    54.73
  125    31    21  1.724E-07         554.06295450    77.26
  126    48    36  8.249E-03         554.94723580   118.55
  127    45    35  4.410E-03         554.96171110   114.08
  128    45    34  9.670E-08         565.62191300   114.08
  129    35    23  8.329E-04         566.40407020    87.45
  130    28    17  3.185E-05         577.89939850    68.79
  131    33    22  7.562E-04         587.02197120    82.91
  132    36    25  2.532E-04         587.05035310    91.92
  133    43    33  1.995E-03         590.18367590   111.23
  134    20     9  2.986E-07         614.05000580    48.78
  135    31    19  4.603E-04         620.32953930    77.26
  136    27    15  5.841E-06         634.83588050    65.88
  137    42    31  1.313E-03         643.25479730   108.13
  138    29    16  1.813E-04         654.79268140    70.03
  139    38    26  1.741E-07         655.13492750    95.78
  140    40    29  9.548E-04         685.61255650   102.94
  141    38    24  5.597E-04         721.20736570    95.78
  142    25    11  3.487E-07         741.57207600    63.74
  143    48    33  9.751E-05         742.72321670   118.55
  144    34    21  2.151E-04         755.66385160    86.93
  145    47    32  1.757E-07         756.27494380   115.91
  146    45    31  6.690E-05         767.22281010   114.08
  147    36    22  3.887E-06         774.79795220    91.92
  148    47    30  6.601E-04         822.15948660   115.91
  149    35    19  1.629E-06         832.59063830    87.45
  150    41    26  2.491E-04         856.51172310   105.44
  151    43    29  8.902E-06         858.41540940   111.23
  152    33    16  2.297E-07         923.02441500    82.91
  153    42    24  1.314E-06         978.58498470   108.13
  154    48    29  2.941E-07        1010.95495030   118.55
!NUMBER OF COLL PARTNERS
1
!COLLISIONS BETWEEN
1 pC3H2-H2 from Chandra & Kegel (2000)
!NUMBER OF COLL TRANS
1128
!NUMBER OF COLL TEMPS
4
!COLL TEMPS
   30.0   60.0   90.0  120.0
!TRANS + UP + LOW + COLLRATES(cm^3 s^-1)
    1     2     1 5.6e-12 5.7e-12 5.6e-12 5.5e-12
    2     3     1 7.0e-13 7.9e-13 8.6e-13 8.7e-13
    3     4     1 0.0e+00 0.0e+00 0.0e+00 0.0e+00
    4     5     1 7.1e-12 7.2e-12 7.7e-12 8.4e-12
    5     6     1 1.3e-11 1.1e-11 1.1e-11 1.1e-11
    6     7     1 0.0e+00 0.0e+00 0.0e+00 0.0e+00
    7     8     1 2.4e-12 2.3e-12 2.3e-12 2.3e-12
    8     9     1 1.2e-12 1.2e-12 1.2e-12 1.2e-12
    9    10     1 0.0e+00 0.0e+00 0.0e+00 0.0e+00
   10    11     1 1.1e-12 7.2e-13 6.3e-13 6.0e-13
   11    12     1 1.2e-12 8.3e-13 7.4e-13 7.0e-13
   12    13     1 0.0e+00 0.0e+00 0.0e+00 0.0e+00
   13    14     1 4.3e-12 3.1e-12 2.9e-12 2.8e-12
   14    15     1 0.0e+00 0.0e+00 0.0e+00 0.0e+00
   15    16     1 5.5e-12 3.8e-12 3.4e-12 3.3e-12
   16    17     1 7.6e-12 4.6e-12 3.9e-12 3.6e-12
   17    18     1 0.0e+00 0.0e+00 0.0e+00 0.0e+00
   18    19     1 0.0e+00 0.0e+00 0.0e+00 0.0e+00
   19    20     1 2.1e-12 1.1e-12 9.6e-13 9.4e-13
   20    21     1 1.2e-12 9.1e-13 8.7e-13 8.5e-13
   21    22     1 1.0e-12 7.8e-13 7.3e-13 7.0e-13
   22    23     1 0.0e+00 0.0e+00 0.0e+00 0.0e+00
   23    24     1 0.0e+00 0.0e+00 0.0e+00 0.0e+00
   24    25     1 9.1e-13 4.2e-13 3.6e-13 3.4e-13
   25    26     1 1.5e-12 6.8e-13 5.4e-13 4.9e-13
   26    27     1 0.0e+00 0.0e+00 0.0e+00 0.0e+00
   27    28     1 1.9e-12 1.1e-12 1.0e-12 9.6e-13
   28    29     1 2.2e-12 7.4e-13 5.1e-13 4.2e-13
   29    30     1 0.0e+00 0.0e+00 0.0e+00 0.0e+00
   30    31     1 0.0e+00 0.0e+00 0.0e+00 0.0e+00
   31    32     1 2.7e-12 1.3e-12 1.1e-12 1.1e-12
   32    33     1 1.1e-11 3.9e-12 2.9e-12 2.5e-12
   33    34     1 4.2e-12 1.5e-12 1.1e-12 9.9e-13
   34    35     1 0.0e+00 0.0e+00 0.0e+00 0.0e+00
   35    36     1 3.9e-12 9.5e-13 6.2e-13 5.2e-13
   36    37     1 0.0e+00 0.0e+00 0.0e+00 0.0e+00
   37    38     1 0.0e+00 0.0e+00 0.0e+00 0.0e+00
   38    39     1 2.0e-12 8.4e-13 7.2e-13 6.8e-13
   39    40     1 1.5e-12 4.5e-13 3.7e-13 3.4e-13
   40    41     1 1.2e-12 5.4e-13 4.5e-13 4.1e-13
   41    42     1 0.0e+00 0.0e+00 0.0e+00 0.0e+00
   42    43     1 2.7e-12 6.1e-13 4.2e-13 3.6e-13
   43    44     1 0.0e+00 0.0e+00 0.0e+00 0.0e+00
   44    45     1 0.0e+00 0.0e+00 0.0e+00 0.0e+00
   45    46     1 2.5e-12 6.3e-13 4.5e-13 3.9e-13
   46    47     1 0.0e+00 0.0e+00 0.0e+00 0.0e+00
   47    48     1 4.3e-12 9.7e-13 6.5e-13 5.5e-13
   48     3     2 1.9e-11 1.8e-11 1.8e-11 1.8e-11
   49     4     2 7.0e-12 7.6e-12 8.3e-12 9.0e-12
   50     5     2 4.5e-12 4.6e-12 4.7e-12 4.7e-12
   51     6     2 2.5e-12 2.7e-12 2.9e-12 2.9e-12
   52     7     2 7.9e-12 7.2e-12 7.0e-12 6.9e-12
   53     8     2 1.3e-11 1.1e-11 1.2e-11 1.2e-11
   54     9     2 1.9e-11 1.5e-11 1.4e-11 1.4e-11
   55    10     2 6.2e-13 5.1e-13 4.9e-13 4.8e-13
   56    11     2 6.9e-12 5.9e-12 5.7e-12 5.7e-12
   57    12     2 6.2e-12 4.6e-12 4.2e-12 4.0e-12
   58    13     2 2.7e-12 2.5e-12 2.4e-12 2.4e-12
   59    14     2 4.5e-12 3.3e-12 3.1e-12 3.1e-12
   60    15     2 2.5e-12 1.8e-12 1.6e-12 1.6e-12
   61    16     2 3.1e-12 2.2e-12 2.1e-12 2.0e-12
   62    17     2 2.6e-12 1.8e-12 1.7e-12 1.6e-12
   63    18     2 3.6e-12 2.7e-12 2.5e-12 2.5e-12
   64    19     2 2.6e-12 1.8e-12 1.6e-12 1.5e-12
   65    20     2 9.2e-12 5.4e-12 4.7e-12 4.5e-12
   66    21     2 1.1e-11 6.6e-12 5.7e-12 5.3e-12
   67    22     2 1.2e-11 6.1e-12 4.8e-12 4.3e-12
   68    23     2 9.5e-13 4.7e-13 4.0e-13 3.7e-13
   69    24     2 4.2e-13 2.1e-13 1.7e-13 1.6e-13
   70    25     2 7.8e-12 3.4e-12 2.7e-12 2.4e-12
   71    26     2 4.5e-12 2.8e-12 2.6e-12 2.6e-12
   72    27     2 2.0e-12 1.3e-12 1.2e-12 1.1e-12
   73    28     2 7.8e-12 2.9e-12 2.2e-12 2.0e-12
   74    29     2 3.7e-12 1.8e-12 1.5e-12 1.4e-12
   75    30     2 4.5e-13 2.8e-13 2.6e-13 2.6e-13
   76    31     2 2.6e-12 1.4e-12 1.2e-12 1.1e-12
   77    32     2 4.9e-12 2.1e-12 1.8e-12 1.7e-12
   78    33     2 2.1e-12 9.5e-13 8.2e-13 7.8e-13
   79    34     2 5.4e-12 1.8e-12 1.3e-12 1.1e-12
   80    35     2 4.7e-12 1.9e-12 1.5e-12 1.4e-12
   81    36     2 7.3e-12 2.8e-12 2.1e-12 1.9e-12
   82    37     2 1.3e-12 5.9e-13 4.9e-13 4.6e-13
   83    38     2 2.8e-12 1.2e-12 1.0e-12 9.4e-13
   84    39     2 7.7e-12 2.9e-12 2.4e-12 2.2e-12
   85    40     2 2.3e-11 5.6e-12 3.6e-12 2.9e-12
   86    41     2 1.2e-11 3.0e-12 2.0e-12 1.6e-12
   87    42     2 5.1e-12 9.3e-13 5.5e-13 4.3e-13
   88    43     2 1.2e-11 2.8e-12 1.9e-12 1.6e-12
   89    44     2 2.7e-13 5.9e-14 3.9e-14 3.3e-14
   90    45     2 1.3e-12 5.6e-13 5.1e-13 4.9e-13
   91    46     2 5.6e-12 1.9e-12 1.6e-12 1.5e-12
   92    47     2 3.6e-12 6.2e-13 3.5e-13 2.6e-13
   93    48     2 1.8e-11 3.3e-12 1.9e-12 1.5e-12
   94     4     3 1.8e-11 1.9e-11 1.9e-11 1.9e-11
   95     5     3 2.7e-12 3.0e-12 3.2e-12 3.4e-12
   96     6     3 8.9e-12 8.7e-12 8.5e-12 8.4e-12
   97     7     3 1.4e-11 1.5e-11 1.6e-11 1.7e-11
   98     8     3 8.9e-12 7.9e-12 7.7e-12 7.7e-12
   99     9     3 7.5e-12 7.8e-12 8.1e-12 8.3e-12
  100    10     3 2.3e-12 2.1e-12 2.1e-12 2.1e-12
  101    11     3 3.0e-11 2.3e-11 2.1e-11 2.0e-11
  102    12     3 1.0e-11 8.7e-12 8.6e-12 8.9e-12
  103    13     3 9.5e-12 8.2e-12 8.0e-12 7.9e-12
  104    14     3 5.9e-12 4.2e-12 3.9e-12 3.8e-12
  105    15     3 4.6e-12 3.4e-12 3.2e-12 3.1e-12
  106    16     3 4.7e-12 3.7e-12 3.5e-12 3.4e-12
  107    17     3 4.1e-12 2.9e-12 2.6e-12 2.5e-12
  108    18     3 8.4e-12 6.3e-12 5.9e-12 5.9e-12
  109    19     3 7.9e-12 4.9e-12 4.3e-12 4.1e-12
  110    20     3 1.3e-11 7.1e-12 5.8e-12 5.3e-12
  111    21     3 5.6e-12 3.6e-12 3.4e-12 3.3e-12
  112    22     3 5.4e-12 3.0e-12 2.6e-12 2.4e-12
  113    23     3 2.7e-12 1.2e-12 9.5e-13 8.6e-13
  114    24     3 1.5e-12 9.5e-13 8.5e-13 8.0e-13
  115    25     3 5.4e-12 3.0e-12 2.6e-12 2.4e-12
  116    26     3 2.1e-11 1.1e-11 9.3e-12 8.6e-12
  117    27     3 7.8e-12 4.7e-12 4.2e-12 4.1e-12
  118    28     3 5.3e-12 2.7e-12 2.2e-12 2.1e-12
  119    29     3 1.8e-11 7.7e-12 5.9e-12 5.3e-12
  120    30     3 3.1e-12 1.3e-12 9.8e-13 8.8e-13
  121    31     3 4.1e-12 1.9e-12 1.6e-12 1.5e-12
  122    32     3 6.9e-12 3.5e-12 3.0e-12 2.8e-12
  123    33     3 6.8e-12 2.3e-12 1.7e-12 1.4e-12
  124    34     3 5.1e-12 2.3e-12 1.9e-12 1.7e-12
  125    35     3 4.6e-12 2.7e-12 2.5e-12 2.4e-12
  126    36     3 2.4e-11 7.0e-12 4.7e-12 3.9e-12
  127    37     3 4.1e-12 1.5e-12 1.2e-12 1.1e-12
  128    38     3 1.6e-11 5.4e-12 4.0e-12 3.5e-12
  129    39     3 8.1e-12 2.6e-12 2.0e-12 1.8e-12
  130    40     3 9.1e-12 2.4e-12 1.6e-12 1.3e-12
  131    41     3 1.0e-11 2.5e-12 1.6e-12 1.3e-12
  132    42     3 7.2e-12 1.6e-12 1.0e-12 8.1e-13
  133    43     3 5.6e-12 1.4e-12 9.8e-13 8.5e-13
  134    44     3 1.5e-12 5.5e-13 4.4e-13 3.9e-13
  135    45     3 7.1e-12 2.6e-12 2.2e-12 2.1e-12
  136    46     3 1.7e-11 5.4e-12 4.2e-12 3.8e-12
  137    47     3 3.8e-12 8.9e-13 6.2e-13 5.3e-13
  138    48     3 1.5e-11 3.4e-12 2.2e-12 1.8e-12
  139     5     4 9.2e-12 9.9e-12 1.0e-11 1.0e-11
  140     6     4 1.7e-12 2.1e-12 2.3e-12 2.4e-12
  141     7     4 1.8e-11 1.7e-11 1.7e-11 1.7e-11
  142     8     4 1.1e-11 1.2e-11 1.2e-11 1.3e-11
  143     9     4 1.6e-11 1.4e-11 1.4e-11 1.4e-11
  144    10     4 3.9e-12 3.7e-12 3.7e-12 3.7e-12
  145    11     4 7.7e-12 7.5e-12 7.5e-12 7.5e-12
  146    12     4 5.4e-12 4.1e-12 3.8e-12 3.7e-12
  147    13     4 1.3e-11 1.1e-11 1.1e-11 1.1e-11
  148    14     4 5.1e-12 4.4e-12 4.4e-12 4.5e-12
  149    15     4 2.1e-11 1.5e-11 1.3e-11 1.2e-11
  150    16     4 2.8e-12 2.2e-12 2.1e-12 2.1e-12
  151    17     4 6.0e-13 4.6e-13 4.4e-13 4.4e-13
  152    18     4 1.5e-11 9.7e-12 8.7e-12 8.2e-12
  153    19     4 5.3e-12 3.8e-12 3.6e-12 3.5e-12
  154    20     4 1.1e-11 7.3e-12 6.5e-12 6.3e-12
  155    21     4 1.1e-11 7.3e-12 6.5e-12 6.2e-12
  156    22     4 1.7e-12 1.2e-12 1.1e-12 1.1e-12
  157    23     4 4.5e-12 2.4e-12 2.1e-12 2.0e-12
  158    24     4 4.7e-12 2.5e-12 2.2e-12 2.0e-12
  159    25     4 7.1e-12 3.4e-12 2.7e-12 2.4e-12
  160    26     4 5.4e-12 3.8e-12 3.7e-12 3.6e-12
  161    27     4 8.3e-12 4.4e-12 3.8e-12 3.5e-12
  162    28     4 9.5e-12 3.8e-12 3.0e-12 2.7e-12
  163    29     4 3.1e-12 1.8e-12 1.5e-12 1.5e-12
  164    30     4 1.3e-11 5.4e-12 4.2e-12 3.7e-12
  165    31     4 3.2e-11 1.2e-11 9.0e-12 7.7e-12
  166    32     4 4.8e-12 2.3e-12 2.0e-12 1.9e-12
  167    33     4 1.8e-12 9.3e-13 8.0e-13 7.4e-13
  168    34     4 1.7e-12 5.6e-13 3.9e-13 3.4e-13
  169    35     4 1.2e-11 4.8e-12 3.9e-12 3.6e-12
  170    36     4 8.3e-12 3.5e-12 2.8e-12 2.6e-12
  171    37     4 3.2e-12 1.5e-12 1.3e-12 1.2e-12
  172    38     4 9.8e-12 3.6e-12 2.7e-12 2.4e-12
  173    39     4 8.2e-12 3.5e-12 3.0e-12 2.8e-12
  174    40     4 2.7e-12 9.4e-13 7.6e-13 7.1e-13
  175    41     4 2.1e-12 8.2e-13 6.7e-13 6.3e-13
  176    42     4 5.6e-12 1.4e-12 9.8e-13 8.5e-13
  177    43     4 1.4e-11 3.6e-12 2.4e-12 2.0e-12
  178    44     4 8.4e-12 2.4e-12 1.8e-12 1.6e-12
  179    45     4 8.0e-12 2.5e-12 1.9e-12 1.7e-12
  180    46     4 7.0e-12 2.7e-12 2.3e-12 2.2e-12
  181    47     4 1.6e-11 3.7e-12 2.4e-12 2.0e-12
  182    48     4 2.6e-11 5.0e-12 3.0e-12 2.3e-12
  183     6     5 2.0e-11 2.1e-11 2.1e-11 2.1e-11
  184     7     5 2.8e-12 2.9e-12 3.1e-12 3.1e-12
  185     8     5 8.9e-12 8.5e-12 8.4e-12 8.4e-12
  186     9     5 2.4e-12 2.8e-12 2.9e-12 3.0e-12
  187    10     5 3.1e-11 2.6e-11 2.5e-11 2.5e-11
  188    11     5 2.8e-12 2.1e-12 2.0e-12 1.9e-12
  189    12     5 1.0e-12 9.7e-13 1.0e-12 9.9e-13
  190    13     5 1.2e-12 1.1e-12 1.1e-12 1.1e-12
  191    14     5 2.0e-11 1.7e-11 1.7e-11 1.8e-11
  192    15     5 3.3e-12 3.2e-12 3.3e-12 3.3e-12
  193    16     5 1.2e-11 1.0e-11 9.6e-12 9.4e-12
  194    17     5 1.3e-11 9.0e-12 8.0e-12 7.6e-12
  195    18     5 2.5e-12 1.5e-12 1.3e-12 1.3e-12
  196    19     5 3.7e-12 2.1e-12 1.8e-12 1.6e-12
  197    20     5 8.5e-12 5.7e-12 5.3e-12 5.1e-12
  198    21     5 3.2e-12 2.7e-12 2.7e-12 2.7e-12
  199    22     5 1.1e-12 7.6e-13 7.1e-13 7.0e-13
  200    23     5 1.8e-11 9.5e-12 7.9e-12 7.2e-12
  201    24     5 1.4e-11 8.3e-12 7.1e-12 6.6e-12
  202    25     5 4.0e-12 2.0e-12 1.7e-12 1.6e-12
  203    26     5 4.2e-12 2.2e-12 1.9e-12 1.7e-12
  204    27     5 2.5e-12 1.0e-12 7.8e-13 6.8e-13
  205    28     5 2.0e-11 9.6e-12 7.9e-12 7.3e-12
  206    29     5 2.8e-12 1.2e-12 8.7e-13 7.5e-13
  207    30     5 3.3e-12 2.1e-12 1.9e-12 1.9e-12
  208    31     5 2.7e-12 1.8e-12 1.6e-12 1.6e-12
  209    32     5 6.9e-12 4.0e-12 3.7e-12 3.6e-12
  210    33     5 2.4e-11 9.4e-12 7.2e-12 6.4e-12
  211    34     5 5.5e-12 2.1e-12 1.6e-12 1.4e-12
  212    35     5 1.9e-12 7.0e-13 5.4e-13 4.8e-13
  213    36     5 1.5e-11 4.6e-12 3.3e-12 3.0e-12
  214    37     5 5.1e-12 1.7e-12 1.2e-12 1.0e-12
  215    38     5 1.1e-11 3.1e-12 2.0e-12 1.6e-12
  216    39     5 5.7e-12 2.8e-12 2.5e-12 2.4e-12
  217    40     5 4.8e-12 1.6e-12 1.2e-12 1.0e-12
  218    41     5 1.7e-12 7.0e-13 5.8e-13 5.4e-13
  219    42     5 1.6e-11 4.6e-12 3.2e-12 2.8e-12
  220    43     5 7.7e-12 2.1e-12 1.5e-12 1.3e-12
  221    44     5 7.7e-12 2.7e-12 2.1e-12 1.9e-12
  222    45     5 7.0e-12 1.6e-12 1.0e-12 8.1e-13
  223    46     5 7.2e-12 2.1e-12 1.6e-12 1.4e-12
  224    47     5 1.8e-11 4.8e-12 3.3e-12 2.9e-12
  225    48     5 1.7e-11 5.0e-12 3.6e-12 3.1e-12
  226     7     6 4.8e-12 5.2e-12 5.3e-12 5.4e-12
  227     8     6 3.7e-12 3.9e-12 4.1e-12 4.2e-12
  228     9     6 9.9e-12 1.0e-11 1.0e-11 1.0e-11
  229    10     6 1.9e-11 1.9e-11 2.0e-11 2.1e-11
  230    11     6 3.5e-12 3.3e-12 3.4e-12 3.4e-12
  231    12     6 5.5e-12 5.2e-12 5.3e-12 5.3e-12
  232    13     6 2.3e-12 2.1e-12 2.1e-12 2.2e-12
  233    14     6 1.7e-11 1.3e-11 1.2e-11 1.2e-11
  234    15     6 3.8e-12 3.5e-12 3.5e-12 3.6e-12
  235    16     6 4.2e-11 3.0e-11 2.7e-11 2.6e-11
  236    17     6 1.6e-11 1.3e-11 1.3e-11 1.3e-11
  237    18     6 3.4e-12 2.6e-12 2.5e-12 2.4e-12
  238    19     6 3.3e-12 2.0e-12 1.8e-12 1.7e-12
  239    20     6 4.5e-12 3.2e-12 3.0e-12 2.9e-12
  240    21     6 6.1e-12 4.8e-12 4.7e-12 4.6e-12
  241    22     6 4.0e-12 2.8e-12 2.6e-12 2.6e-12
  242    23     6 1.0e-11 6.0e-12 5.2e-12 4.9e-12
  243    24     6 1.5e-11 7.9e-12 6.6e-12 6.1e-12
  244    25     6 4.7e-12 3.1e-12 3.0e-12 3.0e-12
  245    26     6 7.0e-12 3.4e-12 2.8e-12 2.6e-12
  246    27     6 3.6e-12 1.9e-12 1.7e-12 1.6e-12
  247    28     6 2.6e-11 1.2e-11 9.4e-12 8.4e-12
  248    29     6 5.6e-12 2.5e-12 2.0e-12 1.8e-12
  249    30     6 2.5e-12 1.7e-12 1.6e-12 1.5e-12
  250    31     6 3.4e-12 1.5e-12 1.3e-12 1.2e-12
  251    32     6 3.6e-11 1.5e-11 1.2e-11 1.1e-11
  252    33     6 1.3e-11 6.9e-12 6.0e-12 5.7e-12
  253    34     6 3.0e-11 1.1e-11 8.1e-12 7.1e-12
  254    35     6 5.0e-12 1.8e-12 1.4e-12 1.3e-12
  255    36     6 7.0e-12 2.7e-12 2.2e-12 2.0e-12
  256    37     6 5.4e-12 1.7e-12 1.1e-12 9.6e-13
  257    38     6 4.5e-12 1.4e-12 1.0e-12 8.9e-13
  258    39     6 1.1e-11 5.1e-12 4.3e-12 4.0e-12
  259    40     6 5.1e-12 1.7e-12 1.3e-12 1.2e-12
  260    41     6 5.9e-12 2.6e-12 2.1e-12 2.0e-12
  261    42     6 6.1e-12 2.1e-12 1.6e-12 1.4e-12
  262    43     6 1.1e-11 3.6e-12 2.8e-12 2.6e-12
  263    44     6 8.0e-12 2.4e-12 1.7e-12 1.5e-12
  264    45     6 7.8e-12 2.0e-12 1.4e-12 1.2e-12
  265    46     6 1.6e-11 4.0e-12 2.7e-12 2.3e-12
  266    47     6 3.0e-11 7.4e-12 4.9e-12 4.1e-12
  267    48     6 4.5e-11 1.0e-11 6.8e-12 5.5e-12
  268     8     7 1.6e-11 1.7e-11 1.7e-11 1.7e-11
  269     9     7 4.9e-12 5.8e-12 6.3e-12 6.6e-12
  270    10     7 8.9e-12 8.3e-12 8.1e-12 8.0e-12
  271    11     7 1.7e-11 1.6e-11 1.5e-11 1.5e-11
  272    12     7 1.1e-11 1.1e-11 1.2e-11 1.2e-11
  273    13     7 1.4e-11 1.2e-11 1.2e-11 1.2e-11
  274    14     7 3.7e-12 3.4e-12 3.5e-12 3.6e-12
  275    15     7 7.0e-12 6.6e-12 6.7e-12 6.7e-12
  276    16     7 3.1e-12 2.9e-12 2.9e-12 2.8e-12
  277    17     7 1.5e-12 1.3e-12 1.3e-12 1.3e-12
  278    18     7 1.5e-11 1.2e-11 1.2e-11 1.2e-11
  279    19     7 3.0e-11 2.0e-11 1.7e-11 1.6e-11
  280    20     7 1.2e-11 8.2e-12 7.4e-12 7.0e-12
  281    21     7 4.2e-12 3.1e-12 3.0e-12 3.1e-12
  282    22     7 4.3e-12 2.9e-12 2.6e-12 2.5e-12
  283    23     7 6.4e-12 3.7e-12 3.2e-12 2.9e-12
  284    24     7 4.9e-12 3.5e-12 3.2e-12 3.1e-12
  285    25     7 6.4e-12 4.2e-12 3.7e-12 3.6e-12
  286    26     7 1.5e-11 9.2e-12 8.2e-12 7.8e-12
  287    27     7 1.3e-11 7.5e-12 6.7e-12 6.4e-12
  288    28     7 1.2e-11 5.7e-12 4.7e-12 4.3e-12
  289    29     7 5.2e-12 3.4e-12 3.1e-12 3.0e-12
  290    30     7 6.9e-12 3.4e-12 2.9e-12 2.7e-12
  291    31     7 1.1e-11 4.7e-12 3.8e-12 3.5e-12
  292    32     7 5.1e-12 3.0e-12 2.7e-12 2.6e-12
  293    33     7 3.1e-12 1.4e-12 1.1e-12 1.0e-12
  294    34     7 1.2e-12 4.9e-13 3.9e-13 3.4e-13
  295    35     7 1.6e-11 7.0e-12 5.6e-12 5.1e-12
  296    36     7 2.5e-11 8.3e-12 6.0e-12 5.2e-12
  297    37     7 2.1e-11 8.2e-12 6.3e-12 5.5e-12
  298    38     7 3.4e-11 1.1e-11 8.1e-12 6.9e-12
  299    39     7 6.6e-12 2.5e-12 2.0e-12 1.8e-12
  300    40     7 4.8e-12 1.8e-12 1.4e-12 1.3e-12
  301    41     7 6.3e-12 1.8e-12 1.2e-12 1.0e-12
  302    42     7 9.0e-12 2.4e-12 1.6e-12 1.3e-12
  303    43     7 6.3e-12 2.1e-12 1.5e-12 1.3e-12
  304    44     7 7.6e-12 2.9e-12 2.3e-12 2.1e-12
  305    45     7 2.2e-11 6.6e-12 4.8e-12 4.2e-12
  306    46     7 1.3e-11 4.9e-12 4.0e-12 3.8e-12
  307    47     7 1.3e-11 3.9e-12 2.8e-12 2.4e-12
  308    48     7 1.4e-11 3.9e-12 2.8e-12 2.4e-12
  309     9     8 9.8e-12 1.1e-11 1.1e-11 1.1e-11
  310    10     8 2.1e-12 2.7e-12 3.0e-12 3.2e-12
  311    11     8 3.5e-12 3.9e-12 4.1e-12 4.3e-12
  312    12     8 2.0e-11 2.0e-11 2.0e-11 2.0e-11
  313    13     8 3.9e-12 4.3e-12 4.7e-12 5.0e-12
  314    14     8 8.6e-12 7.3e-12 6.9e-12 6.6e-12
  315    15     8 1.9e-11 1.6e-11 1.5e-11 1.5e-11
  316    16     8 2.9e-12 2.6e-12 2.7e-12 2.7e-12
  317    17     8 2.0e-12 1.9e-12 2.0e-12 2.1e-12
  318    18     8 1.0e-11 7.1e-12 6.4e-12 6.1e-12
  319    19     8 9.7e-12 8.3e-12 8.0e-12 7.8e-12
  320    20     8 2.4e-11 1.7e-11 1.7e-11 1.7e-11
  321    21     8 8.4e-12 6.4e-12 5.9e-12 5.8e-12
  322    22     8 1.6e-11 1.0e-11 9.1e-12 8.7e-12
  323    23     8 1.9e-12 1.3e-12 1.1e-12 1.1e-12
  324    24     8 3.8e-12 2.6e-12 2.5e-12 2.4e-12
  325    25     8 7.7e-12 5.1e-12 4.7e-12 4.6e-12
  326    26     8 3.1e-12 2.5e-12 2.6e-12 2.6e-12
  327    27     8 3.6e-12 2.5e-12 2.3e-12 2.3e-12
  328    28     8 1.3e-11 7.6e-12 6.6e-12 6.1e-12
  329    29     8 8.7e-12 5.3e-12 4.7e-12 4.4e-12
  330    30     8 1.3e-11 7.0e-12 5.8e-12 5.4e-12
  331    31     8 6.4e-12 3.1e-12 2.5e-12 2.3e-12
  332    32     8 5.1e-12 2.9e-12 2.6e-12 2.6e-12
  333    33     8 6.9e-12 2.9e-12 2.3e-12 2.1e-12
  334    34     8 4.1e-12 1.8e-12 1.4e-12 1.3e-12
  335    35     8 1.7e-11 6.8e-12 5.2e-12 4.6e-12
  336    36     8 3.8e-11 1.4e-11 1.0e-11 9.0e-12
  337    37     8 8.0e-12 4.3e-12 3.8e-12 3.7e-12
  338    38     8 5.3e-12 2.0e-12 1.5e-12 1.3e-12
  339    39     8 6.9e-12 3.3e-12 2.9e-12 2.7e-12
  340    40     8 2.6e-11 8.7e-12 6.4e-12 5.6e-12
  341    41     8 9.1e-12 3.0e-12 2.2e-12 1.9e-12
  342    42     8 4.3e-12 1.4e-12 1.0e-12 9.0e-13
  343    43     8 1.8e-11 4.7e-12 3.2e-12 2.7e-12
  344    44     8 5.4e-12 1.9e-12 1.4e-12 1.3e-12
  345    45     8 5.1e-12 1.9e-12 1.6e-12 1.4e-12
  346    46     8 4.6e-12 2.0e-12 1.8e-12 1.8e-12
  347    47     8 7.2e-12 2.1e-12 1.5e-12 1.3e-12
  348    48     8 3.4e-11 7.7e-12 5.2e-12 4.4e-12
  349    10     9 5.3e-12 6.0e-12 6.4e-12 6.6e-12
  350    11     9 1.2e-11 1.2e-11 1.2e-11 1.2e-11
  351    12     9 4.8e-12 5.2e-12 5.5e-12 5.7e-12
  352    13     9 7.9e-12 7.5e-12 7.4e-12 7.5e-12
  353    14     9 2.0e-12 2.4e-12 2.7e-12 2.8e-12
  354    15     9 1.9e-11 1.8e-11 1.9e-11 2.0e-11
  355    16     9 4.0e-12 3.9e-12 4.2e-12 4.4e-12
  356    17     9 4.3e-12 4.2e-12 4.5e-12 4.6e-12
  357    18     9 5.0e-12 3.9e-12 3.8e-12 3.8e-12
  358    19     9 5.0e-12 4.4e-12 4.5e-12 4.6e-12
  359    20     9 1.6e-11 1.1e-11 9.8e-12 9.2e-12
  360    21     9 5.5e-11 3.5e-11 3.1e-11 2.9e-11
  361    22     9 1.5e-11 1.1e-11 1.0e-11 1.0e-11
  362    23     9 3.5e-12 2.7e-12 2.6e-12 2.6e-12
  363    24     9 4.6e-12 2.7e-12 2.4e-12 2.4e-12
  364    25     9 6.2e-12 4.2e-12 3.8e-12 3.8e-12
  365    26     9 7.7e-12 5.2e-12 4.8e-12 4.7e-12
  366    27     9 8.0e-12 4.6e-12 4.1e-12 3.8e-12
  367    28     9 3.4e-12 2.3e-12 2.1e-12 2.1e-12
  368    29     9 5.3e-12 3.1e-12 2.9e-12 2.8e-12
  369    30     9 2.3e-11 1.1e-11 8.4e-12 7.6e-12
  370    31     9 1.3e-11 7.3e-12 6.3e-12 6.0e-12
  371    32     9 1.0e-11 4.4e-12 3.6e-12 3.4e-12
  372    33     9 4.2e-12 2.6e-12 2.6e-12 2.7e-12
  373    34     9 6.1e-12 2.5e-12 2.0e-12 1.9e-12
  374    35     9 5.0e-12 2.2e-12 1.8e-12 1.7e-12
  375    36     9 3.2e-11 1.2e-11 8.8e-12 7.6e-12
  376    37     9 3.5e-12 2.1e-12 1.8e-12 1.7e-12
  377    38     9 6.0e-12 2.3e-12 1.9e-12 1.8e-12
  378    39     9 5.7e-11 2.1e-11 1.5e-11 1.3e-11
  379    40     9 1.1e-11 4.6e-12 3.6e-12 3.3e-12
  380    41     9 4.4e-11 1.3e-11 9.2e-12 7.8e-12
  381    42     9 4.2e-12 1.5e-12 1.3e-12 1.3e-12
  382    43     9 1.1e-11 3.8e-12 3.0e-12 2.7e-12
  383    44     9 1.0e-11 2.7e-12 1.8e-12 1.5e-12
  384    45     9 1.3e-11 3.6e-12 2.6e-12 2.2e-12
  385    46     9 1.7e-11 6.0e-12 4.6e-12 4.0e-12
  386    47     9 7.0e-12 2.0e-12 1.5e-12 1.3e-12
  387    48     9 1.5e-11 3.6e-12 2.4e-12 2.1e-12
  388    11    10 2.1e-12 2.3e-12 2.5e-12 2.6e-12
  389    12    10 6.2e-12 6.4e-12 6.5e-12 6.6e-12
  390    13    10 2.1e-12 2.5e-12 2.7e-12 2.9e-12
  391    14    10 1.8e-11 1.8e-11 1.8e-11 1.8e-11
  392    15    10 8.5e-12 8.3e-12 8.5e-12 8.6e-12
  393    16    10 1.8e-11 1.6e-11 1.6e-11 1.6e-11
  394    17    10 1.7e-11 1.5e-11 1.5e-11 1.6e-11
  395    18    10 5.4e-12 4.5e-12 4.4e-12 4.3e-12
  396    19    10 4.1e-12 3.4e-12 3.4e-12 3.3e-12
  397    20    10 4.0e-12 3.3e-12 3.3e-12 3.3e-12
  398    21    10 3.2e-12 3.2e-12 3.4e-12 3.6e-12
  399    22    10 2.8e-12 2.2e-12 2.2e-12 2.1e-12
  400    23    10 2.0e-11 1.5e-11 1.4e-11 1.5e-11
  401    24    10 4.2e-11 2.6e-11 2.3e-11 2.1e-11
  402    25    10 9.1e-12 6.2e-12 5.6e-12 5.4e-12
  403    26    10 4.2e-12 2.5e-12 2.2e-12 2.1e-12
  404    27    10 5.4e-12 3.4e-12 3.0e-12 2.9e-12
  405    28    10 2.0e-11 1.1e-11 9.4e-12 8.8e-12
  406    29    10 1.8e-12 9.8e-13 8.4e-13 8.0e-13
  407    30    10 6.2e-12 4.2e-12 4.0e-12 4.0e-12
  408    31    10 6.6e-12 3.9e-12 3.5e-12 3.4e-12
  409    32    10 1.8e-11 9.9e-12 8.4e-12 7.8e-12
  410    33    10 1.7e-11 8.6e-12 7.2e-12 6.7e-12
  411    34    10 1.0e-11 4.6e-12 3.6e-12 3.2e-12
  412    35    10 8.5e-12 3.8e-12 3.0e-12 2.8e-12
  413    36    10 8.8e-12 3.8e-12 3.0e-12 2.7e-12
  414    37    10 1.0e-11 3.9e-12 2.9e-12 2.5e-12
  415    38    10 1.1e-11 4.0e-12 3.0e-12 2.6e-12
  416    39    10 6.7e-12 3.7e-12 3.4e-12 3.3e-12
  417    40    10 4.7e-12 1.6e-12 1.3e-12 1.2e-12
  418    41    10 1.4e-12 7.3e-13 6.7e-13 6.5e-13
  419    42    10 1.9e-11 6.7e-12 5.1e-12 4.5e-12
  420    43    10 8.4e-12 3.7e-12 3.1e-12 2.9e-12
  421    44    10 3.8e-11 1.2e-11 8.6e-12 7.4e-12
  422    45    10 9.1e-12 2.9e-12 2.2e-12 2.0e-12
  423    46    10 9.8e-12 3.0e-12 2.2e-12 1.9e-12
  424    47    10 5.1e-11 1.5e-11 1.0e-11 8.7e-12
  425    48    10 5.1e-11 1.3e-11 8.7e-12 7.1e-12
  426    12    11 8.8e-12 9.8e-12 1.0e-11 1.1e-11
  427    13    11 4.2e-12 5.8e-12 6.6e-12 7.1e-12
  428    14    11 3.6e-12 3.6e-12 3.6e-12 3.6e-12
  429    15    11 5.4e-12 6.2e-12 6.8e-12 7.2e-12
  430    16    11 1.2e-11 1.2e-11 1.1e-11 1.1e-11
  431    17    11 2.9e-12 2.7e-12 2.7e-12 2.8e-12
  432    18    11 9.7e-12 8.9e-12 9.0e-12 9.1e-12
  433    19    11 2.1e-11 1.9e-11 2.0e-11 2.1e-11
  434    20    11 2.7e-12 2.5e-12 2.6e-12 2.7e-12
  435    21    11 4.5e-12 3.8e-12 3.9e-12 4.0e-12
  436    22    11 4.6e-12 4.2e-12 4.3e-12 4.4e-12
  437    23    11 3.2e-12 2.2e-12 2.1e-12 2.1e-12
  438    24    11 5.6e-12 4.3e-12 4.2e-12 4.1e-12
  439    25    11 6.7e-12 4.5e-12 4.1e-12 3.9e-12
  440    26    11 7.1e-11 4.2e-11 3.6e-11 3.3e-11
  441    27    11 4.3e-12 3.9e-12 4.0e-12 4.0e-12
  442    28    11 1.1e-11 6.6e-12 5.5e-12 5.1e-12
  443    29    11 1.7e-11 1.2e-11 1.1e-11 1.1e-11
  444    30    11 5.8e-12 2.9e-12 2.5e-12 2.3e-12
  445    31    11 4.8e-12 3.3e-12 3.2e-12 3.3e-12
  446    32    11 1.1e-11 6.4e-12 5.6e-12 5.2e-12
  447    33    11 5.3e-12 2.6e-12 2.2e-12 2.1e-12
  448    34    11 6.5e-12 3.2e-12 2.7e-12 2.6e-12
  449    35    11 1.4e-11 7.3e-12 6.3e-12 5.9e-12
  450    36    11 6.9e-12 2.9e-12 2.3e-12 2.1e-12
  451    37    11 3.4e-11 1.4e-11 1.1e-11 9.5e-12
  452    38    11 1.4e-11 7.2e-12 6.2e-12 5.8e-12
  453    39    11 1.4e-11 4.9e-12 3.5e-12 3.0e-12
  454    40    11 5.1e-12 2.2e-12 2.0e-12 1.9e-12
  455    41    11 8.0e-12 2.6e-12 1.9e-12 1.7e-12
  456    42    11 6.4e-12 2.4e-12 1.9e-12 1.8e-12
  457    43    11 7.7e-12 2.6e-12 1.9e-12 1.7e-12
  458    44    11 5.6e-12 2.7e-12 2.3e-12 2.1e-12
  459    45    11 4.3e-12 2.4e-12 2.2e-12 2.2e-12
  460    46    11 8.8e-11 2.8e-11 1.9e-11 1.6e-11
  461    47    11 8.0e-12 2.3e-12 1.7e-12 1.5e-12
  462    48    11 3.0e-11 9.0e-12 6.2e-12 5.2e-12
  463    13    12 1.5e-11 1.6e-11 1.6e-11 1.6e-11
  464    14    12 3.0e-12 3.6e-12 4.0e-12 4.3e-12
  465    15    12 4.5e-12 5.1e-12 5.6e-12 5.8e-12
  466    16    12 2.1e-12 2.6e-12 2.9e-12 3.1e-12
  467    17    12 1.1e-11 9.4e-12 9.0e-12 8.8e-12
  468    18    12 1.4e-11 1.3e-11 1.3e-11 1.4e-11
  469    19    12 2.1e-11 1.8e-11 1.7e-11 1.7e-11
  470    20    12 9.0e-12 7.3e-12 7.1e-12 7.2e-12
  471    21    12 2.4e-12 2.3e-12 2.4e-12 2.6e-12
  472    22    12 7.3e-12 6.2e-12 6.1e-12 6.0e-12
  473    23    12 4.5e-12 2.9e-12 2.5e-12 2.4e-12
  474    24    12 4.8e-12 3.8e-12 3.5e-12 3.4e-12
  475    25    12 1.8e-11 1.2e-11 1.2e-11 1.2e-11
  476    26    12 6.9e-12 5.3e-12 5.0e-12 5.0e-12
  477    27    12 1.9e-11 1.3e-11 1.1e-11 1.1e-11
  478    28    12 7.7e-12 4.7e-12 4.2e-12 4.1e-12
  479    29    12 3.1e-11 1.8e-11 1.5e-11 1.4e-11
  480    30    12 6.7e-12 3.8e-12 3.3e-12 3.2e-12
  481    31    12 4.1e-12 2.4e-12 2.0e-12 1.9e-12
  482    32    12 3.3e-12 2.5e-12 2.6e-12 2.6e-12
  483    33    12 1.1e-11 5.7e-12 4.6e-12 4.2e-12
  484    34    12 5.7e-12 3.0e-12 2.6e-12 2.5e-12
  485    35    12 1.6e-11 8.4e-12 7.1e-12 6.7e-12
  486    36    12 2.1e-11 8.1e-12 6.0e-12 5.3e-12
  487    37    12 2.3e-11 1.1e-11 9.1e-12 8.4e-12
  488    38    12 3.5e-12 1.7e-12 1.5e-12 1.4e-12
  489    39    12 3.7e-12 1.8e-12 1.6e-12 1.5e-12
  490    40    12 1.4e-11 5.2e-12 4.0e-12 3.5e-12
  491    41    12 8.0e-12 3.3e-12 2.6e-12 2.3e-12
  492    42    12 1.6e-11 5.1e-12 3.4e-12 2.8e-12
  493    43    12 1.7e-11 5.9e-12 4.3e-12 3.7e-12
  494    44    12 7.6e-12 3.2e-12 2.6e-12 2.4e-12
  495    45    12 2.2e-11 7.8e-12 6.0e-12 5.4e-12
  496    46    12 6.8e-12 3.2e-12 2.9e-12 2.8e-12
  497    47    12 3.3e-12 1.3e-12 9.6e-13 8.5e-13
  498    48    12 1.5e-11 4.6e-12 3.3e-12 2.9e-12
  499    14    13 9.2e-12 1.0e-11 1.1e-11 1.1e-11
  500    15    13 1.3e-11 1.3e-11 1.3e-11 1.3e-11
  501    16    13 1.2e-12 1.3e-12 1.4e-12 1.5e-12
  502    17    13 4.2e-12 4.4e-12 4.6e-12 4.7e-12
  503    18    13 1.9e-11 1.6e-11 1.5e-11 1.5e-11
  504    19    13 5.4e-12 5.7e-12 5.9e-12 6.1e-12
  505    20    13 7.5e-12 7.1e-12 7.5e-12 7.9e-12
  506    21    13 3.6e-12 3.5e-12 3.6e-12 3.8e-12
  507    22    13 3.0e-11 2.2e-11 2.0e-11 1.9e-11
  508    23    13 3.0e-12 2.5e-12 2.4e-12 2.4e-12
  509    24    13 4.3e-12 3.3e-12 3.1e-12 3.1e-12
  510    25    13 7.6e-12 5.1e-12 4.5e-12 4.2e-12
  511    26    13 2.7e-12 2.8e-12 3.0e-12 3.2e-12
  512    27    13 2.8e-11 1.8e-11 1.7e-11 1.7e-11
  513    28    13 6.4e-12 4.5e-12 4.3e-12 4.2e-12
  514    29    13 7.6e-12 5.3e-12 4.9e-12 4.8e-12
  515    30    13 1.5e-11 9.0e-12 7.8e-12 7.3e-12
  516    31    13 1.8e-11 9.6e-12 7.9e-12 7.2e-12
  517    32    13 2.0e-12 1.3e-12 1.3e-12 1.3e-12
  518    33    13 2.3e-12 1.2e-12 1.1e-12 9.9e-13
  519    34    13 7.4e-12 3.9e-12 3.4e-12 3.2e-12
  520    35    13 3.1e-11 1.5e-11 1.2e-11 1.1e-11
  521    36    13 1.6e-11 7.3e-12 6.0e-12 5.5e-12
  522    37    13 5.1e-12 3.4e-12 3.3e-12 3.3e-12
  523    38    13 7.4e-12 3.3e-12 2.6e-12 2.3e-12
  524    39    13 3.3e-12 2.2e-12 2.1e-12 2.2e-12
  525    40    13 2.5e-11 9.2e-12 6.6e-12 5.7e-12
  526    41    13 2.3e-11 8.6e-12 6.4e-12 5.5e-12
  527    42    13 9.4e-12 3.7e-12 2.9e-12 2.6e-12
  528    43    13 6.6e-12 2.5e-12 1.8e-12 1.6e-12
  529    44    13 1.0e-11 4.1e-12 3.4e-12 3.2e-12
  530    45    13 3.0e-11 1.0e-11 7.4e-12 6.4e-12
  531    46    13 4.3e-12 2.3e-12 2.2e-12 2.2e-12
  532    47    13 2.9e-12 1.0e-12 7.9e-13 7.1e-13
  533    48    13 2.3e-11 6.0e-12 4.1e-12 3.5e-12
  534    15    14 1.9e-12 2.5e-12 2.8e-12 3.0e-12
  535    16    14 3.8e-12 4.6e-12 5.0e-12 5.2e-12
  536    17    14 2.6e-11 2.5e-11 2.5e-11 2.5e-11
  537    18    14 2.3e-12 2.3e-12 2.4e-12 2.4e-12
  538    19    14 3.6e-12 3.2e-12 3.1e-12 3.1e-12
  539    20    14 1.3e-11 1.1e-11 1.0e-11 9.7e-12
  540    21    14 1.4e-12 1.7e-12 2.0e-12 2.1e-12
  541    22    14 4.2e-12 4.4e-12 4.5e-12 4.6e-12
  542    23    14 3.1e-11 2.2e-11 2.0e-11 2.0e-11
  543    24    14 1.2e-11 9.7e-12 9.3e-12 9.2e-12
  544    25    14 1.9e-12 1.5e-12 1.5e-12 1.5e-12
  545    26    14 2.8e-12 2.2e-12 2.0e-12 2.0e-12
  546    27    14 4.0e-12 2.5e-12 2.3e-12 2.2e-12
  547    28    14 3.2e-11 2.2e-11 2.0e-11 2.0e-11
  548    29    14 5.0e-12 3.1e-12 2.7e-12 2.6e-12
  549    30    14 3.7e-12 3.1e-12 3.2e-12 3.2e-12
  550    31    14 4.5e-12 3.0e-12 2.7e-12 2.6e-12
  551    32    14 2.8e-12 2.3e-12 2.4e-12 2.5e-12
  552    33    14 1.6e-11 7.5e-12 6.0e-12 5.4e-12
  553    34    14 2.1e-11 1.2e-11 9.8e-12 9.1e-12
  554    35    14 6.6e-12 3.0e-12 2.4e-12 2.2e-12
  555    36    14 1.8e-11 9.3e-12 7.8e-12 7.2e-12
  556    37    14 5.5e-12 2.7e-12 2.2e-12 2.0e-12
  557    38    14 3.5e-12 1.5e-12 1.3e-12 1.2e-12
  558    39    14 3.2e-12 2.2e-12 2.2e-12 2.2e-12
  559    40    14 2.9e-12 1.4e-12 1.2e-12 1.1e-12
  560    41    14 5.2e-12 3.1e-12 2.8e-12 2.7e-12
  561    42    14 3.5e-11 1.3e-11 1.0e-11 9.0e-12
  562    43    14 7.1e-12 2.5e-12 1.9e-12 1.6e-12
  563    44    14 9.3e-12 4.6e-12 4.1e-12 3.9e-12
  564    45    14 1.9e-11 5.7e-12 3.8e-12 3.2e-12
  565    46    14 4.5e-12 1.9e-12 1.6e-12 1.5e-12
  566    47    14 1.7e-11 5.6e-12 3.9e-12 3.3e-12
  567    48    14 6.2e-11 1.8e-11 1.3e-11 1.1e-11
  568    16    15 2.1e-12 2.5e-12 2.8e-12 3.1e-12
  569    17    15 4.9e-12 5.2e-12 5.3e-12 5.4e-12
  570    18    15 4.7e-12 5.3e-12 5.7e-12 5.9e-12
  571    19    15 9.4e-12 8.7e-12 8.7e-12 8.7e-12
  572    20    15 1.1e-11 9.6e-12 9.5e-12 9.5e-12
  573    21    15 1.9e-11 1.6e-11 1.6e-11 1.5e-11
  574    22    15 1.8e-11 1.6e-11 1.7e-11 1.8e-11
  575    23    15 6.0e-12 5.4e-12 5.4e-12 5.5e-12
  576    24    15 3.4e-12 3.1e-12 3.3e-12 3.5e-12
  577    25    15 4.8e-12 3.8e-12 3.7e-12 3.7e-12
  578    26    15 3.2e-12 3.1e-12 3.1e-12 3.2e-12
  579    27    15 1.1e-11 7.3e-12 6.6e-12 6.4e-12
  580    28    15 3.2e-12 2.6e-12 2.5e-12 2.5e-12
  581    29    15 4.6e-12 3.7e-12 3.7e-12 3.7e-12
  582    30    15 5.4e-11 3.0e-11 2.5e-11 2.3e-11
  583    31    15 2.0e-11 1.3e-11 1.2e-11 1.1e-11
  584    32    15 5.1e-12 2.9e-12 2.5e-12 2.5e-12
  585    33    15 5.3e-12 3.4e-12 3.2e-12 3.1e-12
  586    34    15 4.0e-12 2.1e-12 1.8e-12 1.7e-12
  587    35    15 1.0e-11 5.3e-12 4.5e-12 4.2e-12
  588    36    15 2.1e-11 9.9e-12 7.9e-12 7.1e-12
  589    37    15 7.4e-12 4.2e-12 3.7e-12 3.5e-12
  590    38    15 7.6e-12 3.8e-12 3.2e-12 2.9e-12
  591    39    15 2.3e-11 1.1e-11 9.2e-12 8.4e-12
  592    40    15 1.9e-11 8.3e-12 6.6e-12 6.0e-12
  593    41    15 1.6e-11 6.7e-12 5.3e-12 4.8e-12
  594    42    15 6.9e-12 3.5e-12 3.1e-12 3.0e-12
  595    43    15 9.5e-12 3.9e-12 3.1e-12 2.8e-12
  596    44    15 1.5e-11 5.0e-12 3.7e-12 3.3e-12
  597    45    15 1.7e-11 5.9e-12 4.3e-12 3.7e-12
  598    46    15 8.0e-12 3.8e-12 3.2e-12 2.9e-12
  599    47    15 1.1e-11 3.6e-12 2.7e-12 2.4e-12
  600    48    15 9.2e-12 3.2e-12 2.5e-12 2.2e-12
  601    17    16 9.3e-12 1.1e-11 1.1e-11 1.2e-11
  602    18    16 1.4e-12 1.8e-12 2.1e-12 2.2e-12
  603    19    16 5.1e-12 5.5e-12 5.9e-12 6.1e-12
  604    20    16 2.9e-12 3.1e-12 3.2e-12 3.3e-12
  605    21    16 1.3e-11 1.3e-11 1.2e-11 1.2e-11
  606    22    16 2.6e-12 2.4e-12 2.6e-12 2.7e-12
  607    23    16 9.0e-12 7.6e-12 7.3e-12 7.3e-12
  608    24    16 2.3e-11 2.0e-11 2.0e-11 2.1e-11
  609    25    16 2.4e-12 2.7e-12 3.1e-12 3.3e-12
  610    26    16 5.5e-12 4.3e-12 4.3e-12 4.2e-12
  611    27    16 3.0e-12 2.3e-12 2.2e-12 2.2e-12
  612    28    16 4.4e-12 3.5e-12 3.3e-12 3.3e-12
  613    29    16 4.7e-12 3.8e-12 3.8e-12 3.9e-12
  614    30    16 6.7e-12 4.8e-12 4.6e-12 4.6e-12
  615    31    16 3.5e-12 2.3e-12 2.2e-12 2.2e-12
  616    32    16 8.9e-11 4.9e-11 4.0e-11 3.7e-11
  617    33    16 1.1e-11 7.4e-12 6.9e-12 6.7e-12
  618    34    16 1.9e-11 1.2e-11 1.1e-11 1.0e-11
  619    35    16 1.9e-12 1.4e-12 1.4e-12 1.4e-12
  620    36    16 8.6e-12 4.7e-12 3.9e-12 3.6e-12
  621    37    16 7.7e-12 3.4e-12 2.7e-12 2.5e-12
  622    38    16 5.0e-12 2.8e-12 2.6e-12 2.5e-12
  623    39    16 1.4e-11 7.8e-12 6.6e-12 6.2e-12
  624    40    16 4.7e-12 2.2e-12 1.9e-12 1.8e-12
  625    41    16 7.9e-12 3.4e-12 2.9e-12 2.8e-12
  626    42    16 1.1e-11 4.5e-12 3.5e-12 3.2e-12
  627    43    16 4.1e-12 2.6e-12 2.6e-12 2.6e-12
  628    44    16 4.8e-11 1.7e-11 1.3e-11 1.1e-11
  629    45    16 1.1e-11 4.1e-12 3.1e-12 2.8e-12
  630    46    16 2.1e-11 6.3e-12 4.3e-12 3.6e-12
  631    47    16 1.7e-11 7.4e-12 6.0e-12 5.6e-12
  632    48    16 1.4e-11 4.4e-12 3.1e-12 2.6e-12
  633    18    17 6.6e-12 6.5e-12 6.5e-12 6.5e-12
  634    19    17 1.5e-12 1.7e-12 1.9e-12 2.0e-12
  635    20    17 2.5e-12 2.8e-12 3.1e-12 3.3e-12
  636    21    17 1.4e-12 2.0e-12 2.5e-12 2.7e-12
  637    22    17 9.0e-12 8.4e-12 8.4e-12 8.4e-12
  638    23    17 1.8e-11 1.7e-11 1.7e-11 1.8e-11
  639    24    17 2.3e-11 1.8e-11 1.7e-11 1.6e-11
  640    25    17 9.4e-12 7.5e-12 7.0e-12 6.9e-12
  641    26    17 2.3e-12 1.8e-12 1.7e-12 1.7e-12
  642    27    17 3.2e-12 2.8e-12 2.8e-12 2.9e-12
  643    28    17 1.6e-11 1.2e-11 1.1e-11 1.1e-11
  644    29    17 5.6e-12 4.2e-12 3.9e-12 3.8e-12
  645    30    17 3.8e-12 3.2e-12 3.2e-12 3.3e-12
  646    31    17 2.3e-12 1.9e-12 1.9e-12 2.0e-12
  647    32    17 7.5e-12 5.4e-12 5.1e-12 5.0e-12
  648    33    17 2.4e-11 1.4e-11 1.3e-11 1.2e-11
  649    34    17 4.4e-11 2.4e-11 2.0e-11 1.9e-11
  650    35    17 9.8e-12 5.7e-12 4.9e-12 4.5e-12
  651    36    17 7.8e-12 4.1e-12 3.6e-12 3.4e-12
  652    37    17 6.8e-12 3.4e-12 2.8e-12 2.5e-12
  653    38    17 1.7e-12 8.8e-13 7.4e-13 7.0e-13
  654    39    17 3.2e-12 2.4e-12 2.4e-12 2.5e-12
  655    40    17 8.2e-12 3.9e-12 3.2e-12 2.9e-12
  656    41    17 7.6e-12 4.2e-12 3.8e-12 3.7e-12
  657    42    17 2.1e-11 1.0e-11 8.2e-12 7.6e-12
  658    43    17 1.5e-11 6.6e-12 5.2e-12 4.7e-12
  659    44    17 2.9e-11 1.2e-11 9.3e-12 8.2e-12
  660    45    17 1.7e-11 6.0e-12 4.5e-12 4.0e-12
  661    46    17 5.2e-12 2.0e-12 1.6e-12 1.5e-12
  662    47    17 7.3e-12 2.9e-12 2.3e-12 2.1e-12
  663    48    17 3.8e-11 1.2e-11 8.7e-12 7.4e-12
  664    19    18 9.4e-12 1.0e-11 1.1e-11 1.1e-11
  665    20    18 1.8e-11 1.9e-11 1.9e-11 1.9e-11
  666    21    18 1.6e-12 1.7e-12 1.9e-12 2.0e-12
  667    22    18 5.0e-12 5.5e-12 5.9e-12 6.1e-12
  668    23    18 8.9e-12 7.9e-12 7.7e-12 7.5e-12
  669    24    18 2.1e-12 2.3e-12 2.5e-12 2.7e-12
  670    25    18 7.6e-12 7.4e-12 7.8e-12 8.2e-12
  671    26    18 3.2e-12 3.3e-12 3.6e-12 3.9e-12
  672    27    18 1.5e-11 1.2e-11 1.1e-11 1.1e-11
  673    28    18 5.5e-12 4.6e-12 4.7e-12 4.8e-12
  674    29    18 2.6e-11 1.9e-11 1.7e-11 1.7e-11
  675    30    18 3.6e-12 3.1e-12 3.2e-12 3.2e-12
  676    31    18 7.2e-12 5.3e-12 5.0e-12 4.8e-12
  677    32    18 1.5e-12 1.4e-12 1.5e-12 1.6e-12
  678    33    18 2.2e-12 1.4e-12 1.2e-12 1.2e-12
  679    34    18 5.8e-12 4.0e-12 3.6e-12 3.4e-12
  680    35    18 3.1e-11 1.9e-11 1.7e-11 1.7e-11
  681    36    18 1.6e-11 9.1e-12 8.0e-12 7.6e-12
  682    37    18 1.3e-11 8.1e-12 7.1e-12 6.8e-12
  683    38    18 3.0e-11 1.6e-11 1.3e-11 1.2e-11
  684    39    18 2.5e-12 1.4e-12 1.3e-12 1.2e-12
  685    40    18 8.6e-12 4.4e-12 3.7e-12 3.4e-12
  686    41    18 7.4e-12 3.5e-12 2.9e-12 2.8e-12
  687    42    18 9.2e-12 4.3e-12 3.5e-12 3.2e-12
  688    43    18 6.3e-12 3.5e-12 3.0e-12 2.8e-12
  689    44    18 5.4e-12 3.3e-12 3.1e-12 3.1e-12
  690    45    18 3.3e-11 1.3e-11 1.0e-11 8.9e-12
  691    46    18 3.4e-12 2.1e-12 2.1e-12 2.2e-12
  692    47    18 5.9e-12 2.5e-12 1.9e-12 1.7e-12
  693    48    18 2.5e-11 8.6e-12 6.4e-12 5.7e-12
  694    20    19 2.9e-12 3.7e-12 4.2e-12 4.5e-12
  695    21    19 2.0e-12 2.2e-12 2.5e-12 2.7e-12
  696    22    19 5.4e-12 5.8e-12 6.3e-12 6.6e-12
  697    23    19 2.9e-12 2.9e-12 3.0e-12 3.0e-12
  698    24    19 1.0e-11 8.7e-12 8.4e-12 8.3e-12
  699    25    19 7.7e-12 6.9e-12 6.8e-12 6.9e-12
  700    26    19 2.0e-11 1.7e-11 1.6e-11 1.6e-11
  701    27    19 4.6e-12 4.8e-12 5.1e-12 5.3e-12
  702    28    19 4.8e-12 3.9e-12 3.8e-12 3.8e-12
  703    29    19 2.1e-11 1.8e-11 1.8e-11 1.9e-11
  704    30    19 3.4e-12 2.7e-12 2.7e-12 2.8e-12
  705    31    19 5.7e-12 4.6e-12 4.5e-12 4.4e-12
  706    32    19 3.6e-12 3.2e-12 3.2e-12 3.3e-12
  707    33    19 3.6e-12 2.2e-12 2.0e-12 1.9e-12
  708    34    19 5.2e-12 3.5e-12 3.2e-12 3.1e-12
  709    35    19 1.3e-11 7.9e-12 7.0e-12 6.7e-12
  710    36    19 4.6e-12 2.9e-12 2.6e-12 2.5e-12
  711    37    19 7.0e-11 3.6e-11 2.9e-11 2.7e-11
  712    38    19 2.4e-11 1.4e-11 1.2e-11 1.2e-11
  713    39    19 6.1e-12 2.9e-12 2.3e-12 2.1e-12
  714    40    19 7.7e-12 4.5e-12 4.1e-12 4.0e-12
  715    41    19 5.4e-12 2.4e-12 2.0e-12 1.9e-12
  716    42    19 7.0e-12 3.4e-12 2.8e-12 2.6e-12
  717    43    19 9.4e-12 3.9e-12 3.1e-12 2.7e-12
  718    44    19 1.0e-11 5.2e-12 4.3e-12 4.0e-12
  719    45    19 9.9e-12 4.9e-12 4.0e-12 3.7e-12
  720    46    19 2.9e-11 1.3e-11 1.0e-11 9.1e-12
  721    47    19 9.7e-12 4.2e-12 3.4e-12 3.1e-12
  722    48    19 1.9e-11 7.3e-12 5.4e-12 4.7e-12
  723    21    20 2.1e-12 2.6e-12 2.9e-12 3.1e-12
  724    22    20 1.0e-11 1.0e-11 1.0e-11 1.1e-11
  725    23    20 2.4e-12 2.9e-12 3.2e-12 3.5e-12
  726    24    20 2.1e-12 2.3e-12 2.5e-12 2.6e-12
  727    25    20 1.7e-11 1.5e-11 1.5e-11 1.5e-11
  728    26    20 7.2e-13 9.7e-13 1.2e-12 1.3e-12
  729    27    20 2.3e-12 2.4e-12 2.6e-12 2.7e-12
  730    28    20 1.6e-11 1.3e-11 1.2e-11 1.1e-11
  731    29    20 7.8e-12 7.4e-12 7.4e-12 7.4e-12
  732    30    20 6.1e-12 5.0e-12 4.9e-12 4.8e-12
  733    31    20 1.9e-11 1.4e-11 1.2e-11 1.2e-11
  734    32    20 2.1e-12 1.9e-12 2.0e-12 2.1e-12
  735    33    20 2.9e-12 2.2e-12 2.1e-12 2.0e-12
  736    34    20 3.1e-12 2.5e-12 2.5e-12 2.6e-12
  737    35    20 1.7e-11 9.3e-12 7.8e-12 7.2e-12
  738    36    20 4.2e-11 2.5e-11 2.2e-11 2.2e-11
  739    37    20 3.4e-12 2.8e-12 2.9e-12 3.0e-12
  740    38    20 1.4e-11 9.2e-12 8.3e-12 7.9e-12
  741    39    20 2.1e-12 1.6e-12 1.6e-12 1.7e-12
  742    40    20 1.3e-11 6.4e-12 5.2e-12 4.8e-12
  743    41    20 1.4e-11 7.5e-12 6.3e-12 5.8e-12
  744    42    20 3.2e-12 1.5e-12 1.3e-12 1.2e-12
  745    43    20 1.2e-11 5.5e-12 4.5e-12 4.2e-12
  746    44    20 4.1e-12 2.3e-12 2.1e-12 2.1e-12
  747    45    20 7.4e-12 3.3e-12 2.6e-12 2.4e-12
  748    46    20 1.4e-12 9.6e-13 1.0e-12 1.1e-12
  749    47    20 4.6e-12 2.1e-12 1.8e-12 1.7e-12
  750    48    20 3.2e-11 1.3e-11 1.0e-11 9.3e-12
  751    22    21 8.7e-12 9.5e-12 9.9e-12 1.0e-11
  752    23    21 1.2e-12 1.8e-12 2.2e-12 2.5e-12
  753    24    21 5.1e-12 5.5e-12 5.9e-12 6.2e-12
  754    25    21 1.8e-12 2.0e-12 2.3e-12 2.5e-12
  755    26    21 1.5e-11 1.3e-11 1.3e-11 1.2e-11
  756    27    21 1.5e-12 1.7e-12 1.9e-12 2.1e-12
  757    28    21 1.5e-12 1.8e-12 2.0e-12 2.1e-12
  758    29    21 2.7e-12 2.2e-12 2.2e-12 2.3e-12
  759    30    21 2.5e-11 2.1e-11 2.0e-11 2.1e-11
  760    31    21 9.8e-12 7.8e-12 7.5e-12 7.4e-12
  761    32    21 6.7e-12 5.0e-12 4.8e-12 4.8e-12
  762    33    21 1.5e-12 1.8e-12 2.1e-12 2.4e-12
  763    34    21 4.9e-12 3.7e-12 3.7e-12 3.8e-12
  764    35    21 4.5e-12 2.8e-12 2.4e-12 2.2e-12
  765    36    21 5.3e-12 3.4e-12 3.0e-12 2.8e-12
  766    37    21 7.7e-12 5.0e-12 4.6e-12 4.4e-12
  767    38    21 3.8e-12 2.1e-12 1.9e-12 1.9e-12
  768    39    21 1.1e-10 5.6e-11 4.5e-11 4.1e-11
  769    40    21 1.2e-11 6.6e-12 5.6e-12 5.3e-12
  770    41    21 2.2e-11 1.2e-11 1.1e-11 1.0e-11
  771    42    21 1.9e-12 1.6e-12 1.7e-12 1.7e-12
  772    43    21 5.1e-12 2.9e-12 2.6e-12 2.6e-12
  773    44    21 9.9e-12 4.0e-12 3.1e-12 2.9e-12
  774    45    21 2.4e-12 1.3e-12 1.2e-12 1.1e-12
  775    46    21 1.8e-11 8.9e-12 7.1e-12 6.3e-12
  776    47    21 5.7e-12 2.9e-12 2.6e-12 2.6e-12
  777    48    21 5.2e-12 2.7e-12 2.3e-12 2.2e-12
  778    23    22 5.4e-12 5.8e-12 6.1e-12 6.3e-12
  779    24    22 1.7e-12 2.1e-12 2.4e-12 2.6e-12
  780    25    22 3.5e-12 3.8e-12 4.1e-12 4.3e-12
  781    26    22 1.2e-12 1.7e-12 2.0e-12 2.2e-12
  782    27    22 1.2e-11 1.1e-11 1.0e-11 1.0e-11
  783    28    22 2.7e-12 2.7e-12 2.9e-12 3.0e-12
  784    29    22 9.2e-12 8.1e-12 7.9e-12 7.8e-12
  785    30    22 2.3e-11 1.8e-11 1.7e-11 1.7e-11
  786    31    22 1.8e-11 1.5e-11 1.5e-11 1.6e-11
  787    32    22 2.5e-12 1.9e-12 1.9e-12 1.9e-12
  788    33    22 6.1e-12 4.7e-12 4.4e-12 4.3e-12
  789    34    22 4.5e-12 3.5e-12 3.6e-12 3.7e-12
  790    35    22 7.7e-12 5.7e-12 5.4e-12 5.3e-12
  791    36    22 1.3e-11 8.1e-12 7.1e-12 6.8e-12
  792    37    22 4.1e-12 3.1e-12 3.0e-12 3.0e-12
  793    38    22 4.2e-12 2.9e-12 2.8e-12 2.8e-12
  794    39    22 7.8e-12 5.3e-12 4.8e-12 4.7e-12
  795    40    22 2.8e-11 1.6e-11 1.4e-11 1.4e-11
  796    41    22 5.9e-11 2.8e-11 2.2e-11 2.0e-11
  797    42    22 1.1e-11 6.1e-12 5.4e-12 5.1e-12
  798    43    22 8.8e-12 4.4e-12 3.6e-12 3.3e-12
  799    44    22 7.8e-12 3.7e-12 3.0e-12 2.9e-12
  800    45    22 1.9e-11 8.3e-12 6.4e-12 5.7e-12
  801    46    22 3.3e-12 2.2e-12 2.1e-12 2.1e-12
  802    47    22 2.2e-12 1.1e-12 9.2e-13 8.8e-13
  803    48    22 6.2e-12 3.0e-12 2.6e-12 2.4e-12
  804    24    23 7.8e-12 9.1e-12 1.0e-11 1.1e-11
  805    25    23 1.1e-11 1.1e-11 1.1e-11 1.1e-11
  806    26    23 1.2e-12 1.3e-12 1.4e-12 1.5e-12
  807    27    23 3.7e-12 4.1e-12 4.4e-12 4.5e-12
  808    28    23 1.4e-11 1.4e-11 1.4e-11 1.4e-11
  809    29    23 2.2e-12 2.3e-12 2.4e-12 2.5e-12
  810    30    23 2.1e-12 2.5e-12 2.9e-12 3.2e-12
  811    31    23 9.4e-12 8.0e-12 7.6e-12 7.5e-12
  812    32    23 2.4e-12 2.4e-12 2.6e-12 2.7e-12
  813    33    23 1.9e-11 1.6e-11 1.6e-11 1.7e-11
  814    34    23 2.8e-11 2.0e-11 1.8e-11 1.7e-11
  815    35    23 6.6e-12 4.8e-12 4.4e-12 4.3e-12
  816    36    23 4.1e-12 2.9e-12 2.8e-12 2.8e-12
  817    37    23 3.2e-12 2.3e-12 2.1e-12 2.0e-12
  818    38    23 5.1e-12 3.5e-12 3.2e-12 3.1e-12
  819    39    23 1.4e-12 1.5e-12 1.7e-12 1.8e-12
  820    40    23 4.5e-12 2.8e-12 2.5e-12 2.4e-12
  821    41    23 5.2e-12 3.6e-12 3.4e-12 3.3e-12
  822    42    23 3.3e-11 1.9e-11 1.7e-11 1.6e-11
  823    43    23 2.4e-11 1.3e-11 1.0e-11 9.3e-12
  824    44    23 1.4e-11 7.8e-12 6.8e-12 6.4e-12
  825    45    23 1.0e-11 5.3e-12 4.6e-12 4.3e-12
  826    46    23 2.3e-12 1.2e-12 1.1e-12 1.0e-12
  827    47    23 4.9e-11 2.2e-11 1.7e-11 1.5e-11
  828    48    23 2.5e-11 1.1e-11 8.3e-12 7.4e-12
  829    25    24 2.0e-12 2.6e-12 3.0e-12 3.2e-12
  830    26    24 2.1e-12 2.3e-12 2.5e-12 2.6e-12
  831    27    24 1.6e-12 1.9e-12 2.1e-12 2.3e-12
  832    28    24 3.6e-12 4.2e-12 4.5e-12 4.7e-12
  833    29    24 5.1e-12 5.1e-12 5.3e-12 5.3e-12
  834    30    24 1.1e-11 9.3e-12 9.0e-12 8.9e-12
  835    31    24 2.4e-12 2.3e-12 2.5e-12 2.7e-12
  836    32    24 2.0e-11 1.7e-11 1.6e-11 1.6e-11
  837    33    24 9.7e-12 7.6e-12 7.1e-12 6.9e-12
  838    34    24 2.3e-11 1.9e-11 1.9e-11 1.9e-11
  839    35    24 2.6e-12 2.4e-12 2.4e-12 2.5e-12
  840    36    24 3.4e-12 2.6e-12 2.6e-12 2.6e-12
  841    37    24 4.0e-12 3.0e-12 2.9e-12 2.9e-12
  842    38    24 6.2e-12 4.7e-12 4.5e-12 4.5e-12
  843    39    24 4.0e-12 3.5e-12 3.5e-12 3.6e-12
  844    40    24 4.1e-12 2.4e-12 2.1e-12 2.1e-12
  845    41    24 6.5e-12 4.2e-12 3.9e-12 3.8e-12
  846    42    24 1.1e-11 6.5e-12 5.8e-12 5.6e-12
  847    43    24 4.1e-12 2.9e-12 2.7e-12 2.6e-12
  848    44    24 8.7e-11 4.1e-11 3.2e-11 2.9e-11
  849    45    24 6.8e-12 3.6e-12 3.0e-12 2.8e-12
  850    46    24 7.8e-12 3.5e-12 2.7e-12 2.4e-12
  851    47    24 2.8e-11 1.5e-11 1.2e-11 1.2e-11
  852    48    24 7.3e-12 3.6e-12 3.0e-12 2.8e-12
  853    26    25 7.3e-13 1.0e-12 1.3e-12 1.4e-12
  854    27    25 1.3e-11 1.3e-11 1.3e-11 1.3e-11
  855    28    25 2.2e-12 2.7e-12 3.2e-12 3.4e-12
  856    29    25 1.1e-11 1.1e-11 1.1e-11 1.2e-11
  857    30    25 1.7e-12 1.7e-12 1.8e-12 1.9e-12
  858    31    25 5.5e-12 5.6e-12 5.9e-12 6.1e-12
  859    32    25 7.9e-13 1.2e-12 1.5e-12 1.8e-12
  860    33    25 1.8e-11 1.4e-11 1.3e-11 1.2e-11
  861    34    25 4.5e-12 4.0e-12 3.9e-12 3.9e-12
  862    35    25 1.2e-11 1.0e-11 1.0e-11 1.0e-11
  863    36    25 9.1e-12 6.3e-12 5.8e-12 5.7e-12
  864    37    25 5.0e-12 4.3e-12 4.3e-12 4.4e-12
  865    38    25 3.4e-11 2.2e-11 1.9e-11 1.8e-11
  866    39    25 8.4e-13 7.5e-13 8.1e-13 8.9e-13
  867    40    25 6.8e-12 4.5e-12 4.1e-12 3.8e-12
  868    41    25 5.1e-12 3.4e-12 3.1e-12 3.1e-12
  869    42    25 1.1e-11 5.7e-12 4.6e-12 4.2e-12
  870    43    25 3.8e-11 2.1e-11 1.8e-11 1.7e-11
  871    44    25 2.7e-12 2.1e-12 2.0e-12 2.0e-12
  872    45    25 2.3e-11 1.2e-11 1.0e-11 9.3e-12
  873    46    25 8.9e-13 8.0e-13 9.1e-13 1.0e-12
  874    47    25 9.7e-12 5.3e-12 4.5e-12 4.2e-12
  875    48    25 8.0e-12 3.9e-12 3.3e-12 3.1e-12
  876    27    26 9.6e-13 1.6e-12 2.1e-12 2.5e-12
  877    28    26 1.6e-12 1.9e-12 2.1e-12 2.3e-12
  878    29    26 8.5e-12 9.2e-12 9.6e-12 1.0e-11
  879    30    26 5.1e-12 5.2e-12 5.5e-12 5.7e-12
  880    31    26 1.1e-12 1.6e-12 1.9e-12 2.2e-12
  881    32    26 1.6e-11 1.4e-11 1.3e-11 1.3e-11
  882    33    26 2.3e-12 2.0e-12 1.9e-12 1.9e-12
  883    34    26 2.9e-12 2.2e-12 2.2e-12 2.2e-12
  884    35    26 1.8e-12 1.9e-12 2.1e-12 2.4e-12
  885    36    26 8.8e-13 9.7e-13 1.1e-12 1.2e-12
  886    37    26 2.7e-11 2.1e-11 2.1e-11 2.1e-11
  887    38    26 1.0e-11 7.7e-12 7.2e-12 7.2e-12
  888    39    26 7.9e-12 5.4e-12 4.9e-12 4.7e-12
  889    40    26 1.4e-12 1.5e-12 1.7e-12 1.8e-12
  890    41    26 5.2e-12 3.6e-12 3.4e-12 3.4e-12
  891    42    26 3.5e-12 2.2e-12 2.0e-12 2.0e-12
  892    43    26 1.0e-12 7.1e-13 7.1e-13 7.5e-13
  893    44    26 9.2e-12 5.5e-12 4.9e-12 4.7e-12
  894    45    26 2.9e-12 2.0e-12 1.9e-12 1.9e-12
  895    46    26 1.4e-10 6.4e-11 5.0e-11 4.5e-11
  896    47    26 4.4e-12 2.2e-12 1.9e-12 1.8e-12
  897    48    26 5.5e-12 2.9e-12 2.5e-12 2.3e-12
  898    28    27 1.1e-11 1.2e-11 1.2e-11 1.3e-11
  899    29    27 3.2e-12 4.0e-12 4.4e-12 4.6e-12
  900    30    27 2.7e-12 3.0e-12 3.3e-12 3.4e-12
  901    31    27 2.1e-11 1.9e-11 1.8e-11 1.8e-11
  902    32    27 5.6e-13 6.1e-13 6.8e-13 7.4e-13
  903    33    27 4.7e-12 4.5e-12 4.7e-12 4.7e-12
  904    34    27 3.3e-12 2.9e-12 2.9e-12 2.9e-12
  905    35    27 1.8e-11 1.3e-11 1.2e-11 1.2e-11
  906    36    27 6.4e-12 5.5e-12 5.6e-12 5.8e-12
  907    37    27 1.8e-12 2.1e-12 2.4e-12 2.6e-12
  908    38    27 6.2e-12 5.0e-12 4.8e-12 4.8e-12
  909    39    27 5.1e-13 6.2e-13 7.7e-13 8.9e-13
  910    40    27 4.0e-11 2.4e-11 2.1e-11 1.9e-11
  911    41    27 1.2e-11 8.3e-12 7.5e-12 7.1e-12
  912    42    27 4.3e-12 3.1e-12 2.9e-12 2.8e-12
  913    43    27 8.4e-12 4.7e-12 4.0e-12 3.7e-12
  914    44    27 2.8e-12 1.9e-12 1.8e-12 1.8e-12
  915    45    27 4.6e-11 2.5e-11 2.1e-11 2.1e-11
  916    46    27 1.3e-12 1.2e-12 1.3e-12 1.5e-12
  917    47    27 8.2e-12 4.8e-12 4.2e-12 4.0e-12
  918    48    27 1.1e-11 5.8e-12 5.1e-12 4.9e-12
  919    29    28 2.2e-12 2.6e-12 2.8e-12 3.0e-12
  920    30    28 9.5e-13 1.3e-12 1.6e-12 1.8e-12
  921    31    28 3.1e-12 3.8e-12 4.2e-12 4.4e-12
  922    32    28 4.8e-13 6.8e-13 8.6e-13 1.0e-12
  923    33    28 2.6e-11 2.3e-11 2.2e-11 2.2e-11
  924    34    28 6.8e-12 6.6e-12 6.7e-12 6.8e-12
  925    35    28 2.3e-12 2.2e-12 2.2e-12 2.2e-12
  926    36    28 2.2e-11 1.6e-11 1.5e-11 1.4e-11
  927    37    28 2.3e-12 2.0e-12 2.0e-12 2.1e-12
  928    38    28 4.5e-12 3.4e-12 3.2e-12 3.2e-12
  929    39    28 8.7e-13 1.0e-12 1.2e-12 1.4e-12
  930    40    28 6.3e-12 5.4e-12 5.3e-12 5.3e-12
  931    41    28 2.8e-12 2.6e-12 2.8e-12 2.9e-12
  932    42    28 2.6e-11 1.5e-11 1.3e-11 1.2e-11
  933    43    28 2.2e-12 1.4e-12 1.3e-12 1.3e-12
  934    44    28 2.3e-12 2.0e-12 2.1e-12 2.2e-12
  935    45    28 1.3e-11 6.5e-12 5.3e-12 4.9e-12
  936    46    28 1.4e-12 1.0e-12 1.1e-12 1.1e-12
  937    47    28 1.8e-11 1.1e-11 1.0e-11 9.5e-12
  938    48    28 5.5e-11 2.9e-11 2.5e-11 2.4e-11
  939    30    29 1.6e-12 1.8e-12 2.0e-12 2.2e-12
  940    31    29 5.3e-12 5.5e-12 5.8e-12 5.9e-12
  941    32    29 1.1e-12 1.6e-12 1.9e-12 2.1e-12
  942    33    29 2.1e-12 2.1e-12 2.3e-12 2.4e-12
  943    34    29 1.0e-11 8.3e-12 7.9e-12 7.7e-12
  944    35    29 1.1e-11 9.1e-12 8.8e-12 8.7e-12
  945    36    29 3.4e-12 3.2e-12 3.3e-12 3.4e-12
  946    37    29 2.4e-11 1.8e-11 1.7e-11 1.7e-11
  947    38    29 2.1e-11 1.7e-11 1.7e-11 1.8e-11
  948    39    29 2.7e-12 1.9e-12 1.7e-12 1.6e-12
  949    40    29 7.3e-12 5.7e-12 5.5e-12 5.5e-12
  950    41    29 4.1e-12 2.8e-12 2.7e-12 2.6e-12
  951    42    29 5.0e-12 3.2e-12 2.9e-12 2.7e-12
  952    43    29 1.0e-11 6.2e-12 5.3e-12 5.0e-12
  953    44    29 4.6e-12 3.3e-12 3.0e-12 3.0e-12
  954    45    29 8.0e-12 5.3e-12 4.8e-12 4.7e-12
  955    46    29 8.1e-12 5.3e-12 4.8e-12 4.7e-12
  956    47    29 4.7e-12 2.8e-12 2.5e-12 2.4e-12
  957    48    29 9.1e-12 4.8e-12 4.0e-12 3.7e-12
  958    31    30 8.1e-12 9.0e-12 9.5e-12 9.8e-12
  959    32    30 2.1e-12 2.3e-12 2.5e-12 2.7e-12
  960    33    30 1.2e-12 1.6e-12 1.8e-12 1.9e-12
  961    34    30 5.2e-12 5.3e-12 5.5e-12 5.7e-12
  962    35    30 1.7e-12 2.0e-12 2.3e-12 2.5e-12
  963    36    30 3.0e-12 3.0e-12 3.1e-12 3.2e-12
  964    37    30 1.2e-11 9.6e-12 9.0e-12 8.6e-12
  965    38    30 2.5e-12 2.1e-12 2.1e-12 2.2e-12
  966    39    30 2.1e-11 1.7e-11 1.6e-11 1.6e-11
  967    40    30 9.9e-12 7.5e-12 7.1e-12 7.0e-12
  968    41    30 2.6e-11 2.0e-11 2.0e-11 2.0e-11
  969    42    30 2.3e-12 2.2e-12 2.4e-12 2.5e-12
  970    43    30 2.6e-12 1.9e-12 1.8e-12 1.7e-12
  971    44    30 4.6e-12 3.3e-12 3.2e-12 3.2e-12
  972    45    30 2.9e-12 2.2e-12 2.1e-12 2.2e-12
  973    46    30 4.3e-12 3.5e-12 3.4e-12 3.4e-12
  974    47    30 6.6e-12 4.6e-12 4.4e-12 4.3e-12
  975    48    30 2.3e-12 1.7e-12 1.7e-12 1.7e-12
  976    32    31 1.1e-12 1.3e-12 1.4e-12 1.5e-12
  977    33    31 6.0e-12 6.2e-12 6.4e-12 6.6e-12
  978    34    31 1.5e-12 1.8e-12 2.1e-12 2.3e-12
  979    35    31 4.2e-12 4.5e-12 4.8e-12 5.0e-12
  980    36    31 8.5e-12 7.6e-12 7.5e-12 7.6e-12
  981    37    31 1.6e-12 1.8e-12 1.9e-12 2.1e-12
  982    38    31 9.9e-12 8.4e-12 8.2e-12 8.1e-12
  983    39    31 2.2e-12 2.2e-12 2.4e-12 2.5e-12
  984    40    31 2.0e-11 1.6e-11 1.6e-11 1.6e-11
  985    41    31 3.0e-11 2.0e-11 1.8e-11 1.7e-11
  986    42    31 8.7e-12 6.5e-12 6.1e-12 5.9e-12
  987    43    31 5.1e-12 3.7e-12 3.4e-12 3.4e-12
  988    44    31 2.9e-12 2.1e-12 2.0e-12 2.0e-12
  989    45    31 1.6e-11 9.7e-12 8.4e-12 7.9e-12
  990    46    31 1.2e-12 1.2e-12 1.4e-12 1.5e-12
  991    47    31 5.7e-12 3.9e-12 3.8e-12 3.7e-12
  992    48    31 4.0e-12 2.7e-12 2.6e-12 2.6e-12
  993    33    32 1.1e-12 1.6e-12 1.9e-12 2.2e-12
  994    34    32 8.3e-12 8.7e-12 9.1e-12 9.4e-12
  995    35    32 5.6e-13 8.3e-13 1.0e-12 1.2e-12
  996    36    32 1.2e-12 1.5e-12 1.7e-12 1.9e-12
  997    37    32 5.2e-12 5.2e-12 5.5e-12 5.7e-12
  998    38    32 1.0e-12 1.4e-12 1.7e-12 1.9e-12
  999    39    32 1.7e-11 1.5e-11 1.4e-11 1.4e-11
 1000    40    32 2.3e-12 1.9e-12 1.9e-12 1.9e-12
 1001    41    32 3.0e-12 2.3e-12 2.2e-12 2.3e-12
 1002    42    32 1.2e-12 1.1e-12 1.1e-12 1.2e-12
 1003    43    32 1.1e-12 1.2e-12 1.5e-12 1.7e-12
 1004    44    32 2.9e-11 2.2e-11 2.1e-11 2.1e-11
 1005    45    32 1.3e-12 9.2e-13 8.9e-13 9.0e-13
 1006    46    32 9.4e-12 6.0e-12 5.4e-12 5.2e-12
 1007    47    32 1.1e-11 7.5e-12 6.9e-12 6.8e-12
 1008    48    32 9.2e-13 7.7e-13 8.3e-13 8.9e-13
 1009    34    33 9.7e-12 1.0e-11 1.1e-11 1.1e-11
 1010    35    33 7.6e-12 7.7e-12 7.7e-12 7.6e-12
 1011    36    33 2.4e-12 3.0e-12 3.3e-12 3.6e-12
 1012    37    33 1.2e-12 1.1e-12 1.2e-12 1.2e-12
 1013    38    33 3.5e-12 3.5e-12 3.6e-12 3.6e-12
 1014    39    33 5.1e-13 8.1e-13 1.1e-12 1.3e-12
 1015    40    33 9.3e-12 8.0e-12 7.9e-12 7.8e-12
 1016    41    33 2.6e-12 2.6e-12 2.9e-12 3.1e-12
 1017    42    33 1.3e-11 1.1e-11 1.0e-11 1.1e-11
 1018    43    33 1.6e-11 1.1e-11 9.8e-12 9.4e-12
 1019    44    33 4.8e-12 3.9e-12 3.8e-12 3.8e-12
 1020    45    33 6.6e-12 4.9e-12 4.7e-12 4.7e-12
 1021    46    33 1.0e-12 7.9e-13 7.7e-13 7.7e-13
 1022    47    33 3.5e-11 2.2e-11 2.0e-11 1.9e-11
 1023    48    33 1.6e-11 1.0e-11 9.3e-12 9.0e-12
 1024    35    34 1.3e-12 1.8e-12 2.1e-12 2.3e-12
 1025    36    34 1.6e-12 1.9e-12 2.1e-12 2.3e-12
 1026    37    34 1.7e-12 1.8e-12 2.0e-12 2.1e-12
 1027    38    34 5.1e-12 4.9e-12 5.0e-12 5.0e-12
 1028    39    34 1.0e-12 1.5e-12 1.9e-12 2.1e-12
 1029    40    34 2.3e-12 2.3e-12 2.5e-12 2.7e-12
 1030    41    34 1.1e-11 8.7e-12 8.2e-12 8.0e-12
 1031    42    34 9.5e-12 8.0e-12 7.9e-12 8.0e-12
 1032    43    34 3.6e-12 3.3e-12 3.3e-12 3.3e-12
 1033    44    34 2.5e-11 1.8e-11 1.7e-11 1.6e-11
 1034    45    34 3.6e-12 2.9e-12 2.8e-12 2.8e-12
 1035    46    34 3.0e-12 2.1e-12 1.9e-12 1.8e-12
 1036    47    34 2.4e-11 1.8e-11 1.8e-11 1.9e-11
 1037    48    34 4.5e-12 3.5e-12 3.4e-12 3.4e-12
 1038    36    35 1.9e-11 2.0e-11 2.0e-11 2.0e-11
 1039    37    35 1.9e-12 2.3e-12 2.6e-12 2.9e-12
 1040    38    35 1.2e-11 1.2e-11 1.2e-11 1.2e-11
 1041    39    35 5.8e-13 6.3e-13 6.7e-13 7.1e-13
 1042    40    35 4.8e-12 4.6e-12 4.6e-12 4.7e-12
 1043    41    35 2.0e-12 2.1e-12 2.3e-12 2.4e-12
 1044    42    35 1.0e-11 8.4e-12 8.0e-12 7.8e-12
 1045    43    35 6.0e-12 5.8e-12 6.1e-12 6.3e-12
 1046    44    35 1.0e-12 1.3e-12 1.5e-12 1.7e-12
 1047    45    35 1.6e-11 1.1e-11 9.9e-12 9.4e-12
 1048    46    35 3.9e-13 5.0e-13 6.5e-13 7.7e-13
 1049    47    35 3.8e-12 3.2e-12 3.1e-12 3.0e-12
 1050    48    35 7.2e-12 5.6e-12 5.5e-12 5.6e-12
 1051    37    36 4.4e-13 7.2e-13 9.4e-13 1.1e-12
 1052    38    36 3.4e-12 4.2e-12 4.6e-12 4.9e-12
 1053    39    36 3.5e-13 5.2e-13 6.6e-13 7.7e-13
 1054    40    36 9.3e-12 8.6e-12 8.5e-12 8.5e-12
 1055    41    36 3.0e-12 3.2e-12 3.3e-12 3.5e-12
 1056    42    36 2.5e-12 2.9e-12 3.2e-12 3.4e-12
 1057    43    36 1.6e-11 1.3e-11 1.3e-11 1.3e-11
 1058    44    36 1.2e-12 1.3e-12 1.5e-12 1.6e-12
 1059    45    36 2.3e-12 2.1e-12 2.1e-12 2.1e-12
 1060    46    36 2.6e-13 3.5e-13 4.6e-13 5.6e-13
 1061    47    36 2.2e-12 2.1e-12 2.3e-12 2.5e-12
 1062    48    36 2.9e-11 2.0e-11 1.7e-11 1.6e-11
 1063    38    37 7.9e-12 8.6e-12 9.1e-12 9.6e-12
 1064    39    37 2.1e-12 2.2e-12 2.4e-12 2.5e-12
 1065    40    37 1.3e-12 1.7e-12 2.0e-12 2.2e-12
 1066    41    37 5.3e-12 5.2e-12 5.2e-12 5.3e-12
 1067    42    37 1.3e-12 1.4e-12 1.5e-12 1.6e-12
 1068    43    37 1.2e-12 1.2e-12 1.3e-12 1.4e-12
 1069    44    37 1.3e-11 1.0e-11 9.6e-12 9.2e-12
 1070    45    37 1.4e-12 1.7e-12 2.0e-12 2.2e-12
 1071    46    37 2.2e-11 1.8e-11 1.7e-11 1.6e-11
 1072    47    37 2.8e-12 2.2e-12 2.2e-12 2.2e-12
 1073    48    37 2.3e-12 2.0e-12 2.1e-12 2.1e-12
 1074    39    38 1.1e-12 1.2e-12 1.3e-12 1.3e-12
 1075    40    38 5.3e-12 5.3e-12 5.4e-12 5.5e-12
 1076    41    38 1.4e-12 1.6e-12 1.8e-12 1.9e-12
 1077    42    38 2.2e-12 2.3e-12 2.4e-12 2.4e-12
 1078    43    38 9.6e-12 8.5e-12 8.4e-12 8.5e-12
 1079    44    38 1.6e-12 1.8e-12 2.0e-12 2.1e-12
 1080    45    38 4.1e-12 4.0e-12 4.1e-12 4.1e-12
 1081    46    38 2.0e-12 2.0e-12 2.2e-12 2.3e-12
 1082    47    38 1.0e-11 8.3e-12 7.7e-12 7.5e-12
 1083    48    38 4.2e-12 3.4e-12 3.3e-12 3.3e-12
 1084    40    39 1.0e-12 1.3e-12 1.6e-12 1.7e-12
 1085    41    39 8.2e-12 8.5e-12 8.9e-12 9.2e-12
 1086    42    39 4.7e-13 7.9e-13 1.1e-12 1.3e-12
 1087    43    39 4.3e-13 5.2e-13 6.3e-13 7.4e-13
 1088    44    39 5.4e-12 5.3e-12 5.5e-12 5.7e-12
 1089    45    39 1.9e-13 2.8e-13 3.8e-13 4.7e-13
 1090    46    39 1.9e-11 1.6e-11 1.5e-11 1.4e-11
 1091    47    39 1.0e-12 1.4e-12 1.7e-12 1.9e-12
 1092    48    39 7.6e-13 9.0e-13 1.1e-12 1.2e-12
 1093    41    40 8.4e-12 9.1e-12 9.5e-12 9.9e-12
 1094    42    40 7.6e-12 7.7e-12 7.8e-12 7.8e-12
 1095    43    40 3.9e-12 4.4e-12 4.7e-12 5.0e-12
 1096    44    40 9.8e-13 1.0e-12 1.1e-12 1.2e-12
 1097    45    40 1.4e-11 1.2e-11 1.2e-11 1.2e-11
 1098    46    40 4.0e-13 6.5e-13 8.6e-13 1.0e-12
 1099    47    40 2.0e-12 2.3e-12 2.6e-12 2.8e-12
 1100    48    40 3.1e-12 3.1e-12 3.2e-12 3.3e-12
 1101    42    41 1.4e-12 2.0e-12 2.3e-12 2.6e-12
 1102    43    41 1.4e-12 1.6e-12 1.8e-12 1.9e-12
 1103    44    41 1.8e-12 1.9e-12 2.1e-12 2.3e-12
 1104    45    41 2.3e-12 2.6e-12 2.9e-12 3.1e-12
 1105    46    41 9.7e-13 1.4e-12 1.7e-12 1.9e-12
 1106    47    41 5.2e-12 5.1e-12 5.2e-12 5.3e-12
 1107    48    41 1.1e-12 1.3e-12 1.5e-12 1.7e-12
 1108    43    42 1.6e-11 1.7e-11 1.7e-11 1.7e-11
 1109    44    42 1.1e-12 1.4e-12 1.7e-12 1.9e-12
 1110    45    42 3.9e-12 4.2e-12 4.5e-12 4.7e-12
 1111    46    42 3.2e-13 3.8e-13 4.4e-13 4.9e-13
 1112    47    42 1.1e-11 1.1e-11 1.1e-11 1.1e-11
 1113    48    42 1.0e-11 9.1e-12 8.9e-12 9.0e-12
 1114    44    43 4.2e-13 7.3e-13 9.7e-13 1.1e-12
 1115    45    43 7.9e-12 8.2e-12 8.4e-12 8.5e-12
 1116    46    43 4.8e-14 1.0e-13 1.6e-13 2.2e-13
 1117    47    43 2.7e-12 3.3e-12 3.6e-12 3.8e-12
 1118    48    43 1.7e-12 2.2e-12 2.5e-12 2.8e-12
 1119    45    44 6.6e-13 8.6e-13 1.0e-12 1.1e-12
 1120    46    44 2.1e-12 2.3e-12 2.4e-12 2.6e-12
 1121    47    44 7.8e-12 8.2e-12 8.5e-12 8.8e-12
 1122    48    44 4.9e-13 7.1e-13 8.9e-13 1.0e-12
 1123    46    45 2.6e-13 4.4e-13 6.0e-13 7.4e-13
 1124    47    45 2.0e-12 2.3e-12 2.4e-12 2.5e-12
 1125    48    45 1.5e-11 1.6e-11 1.6e-11 1.7e-11
 1126    47    46 1.3e-12 1.5e-12 1.6e-12 1.6e-12
 1127    48    46 3.8e-13 5.6e-13 7.4e-13 8.8e-13
 1128    48    47 3.0e-12 3.8e-12 4.2e-12 4.5e-12
! Notes
! E-levels from JPL and A-coeff have been re-scaled to mu=3.27 D
! Freq's are of spectroscopic accuracy
! COMMENTS:
! c038002.cat                                                             
! Q(300)=  13229.4775
! NOTE: new number of lines =  154
! Degrees of freedom in partition fn.=  3
! MOLTAG =   38007
! Quantum number code: 1404
! NOTE: A-values from database have been scaled by 9.089E-01 to
! account for revised dipole moment-squared
