! MOLECULE
p-NH3 rotation-inversion spectrum up to 300 cm-1 above ground                   
! MASS
17.
! NUMBER OF ENERGY LEVELS
24
! LEVEL + ENERGY(CM-1) + WEIGHT + QUANTUM NOS. N,K,inv-sym
    1    15.379600000    6.0  01_01_00
    2    16.169963295    6.0  01_01_01
    3    44.002600000   10.0  02_02_00
    4    44.793901871   10.0  02_02_01
    5    55.145300000   10.0  02_01_00
    6    55.915793666   10.0  02_01_01
    7   103.628700000   14.0  03_02_00
    8   104.390366429   14.0  03_02_01
    9   114.743200000   14.0  03_01_00
   10   115.484863281   14.0  03_01_01
   11   138.564800000   18.0  04_04_00
   12   139.370004256   18.0  04_04_01
   13   183.035700000   18.0  04_02_00
   14   183.759646104   18.0  04_02_01
   15   194.112900000   18.0  04_01_00
   16   194.817864733   18.0  04_01_01
   17   204.475900000   22.0  05_05_00
   18   205.294232418   22.0  05_05_01
   19   237.859300000   22.0  05_04_00
   20   238.614923479   22.0  05_04_01
   21   282.143800000   22.0  05_02_00
   22   282.823318429   22.0  05_02_01
   23   293.174900000   22.0  05_01_00
   24   293.836635993   22.0  05_01_01
! NUMBER OF RADIATIVE TRANSITIONS
28
! TRANS + UP + LOW + EINSTEINA(s^-1) + FREQ(GHz)+ E_up(K)
     1    24    23  6.699E-09          19.83834600   400.64
     2    22    21  2.901E-08          20.37145000   384.79
     3    16    15  1.215E-08          21.13431100   258.17
     4    14    13  5.263E-08          21.70335820   242.26
     5    10     9  2.358E-08          22.23450580   144.03
     6    20    19  1.595E-07          22.65302200   321.19
     7     8     7  1.022E-07          22.83418510   128.07
     8     6     5  5.287E-08          23.09881900    58.32
     9     2     1  1.712E-07          23.69449550     1.14
    10     4     3  2.291E-07          23.72263330    42.32
    11    12    11  2.897E-07          24.13941630   178.39
    12    18    17  3.167E-07          24.53298870   273.24
    13     5     2  1.232E-02        1168.45168770    57.21
    14     6     1  1.386E-02        1215.24518330    58.32
    15     9     6  5.378E-02        1763.60186380   142.96
    16     7     4  3.363E-02        1763.82137190   126.97
    17    10     5  5.804E-02        1808.93555000   144.03
    18     8     3  3.636E-02        1810.37779150   128.07
    19    15    10  1.405E-01        2357.21035720   257.16
    20    13     8  1.124E-01        2357.72674970   241.22
    21    16     9  1.484E-01        2400.57839420   258.17
    22    14     7  1.189E-01        2402.26487660   242.26
    23    23    16  2.879E-01        2948.66939870   399.68
    24    21    14  2.522E-01        2949.48042720   383.81
    25    19    12  1.084E-01        2952.63982000   320.10
    26    24    15  3.001E-01        2989.64251360   400.64
    27    22    13  2.631E-01        2991.55527940   384.79
    28    20    11  1.136E-01        2999.43025760   321.19
! NUMBER OF COLLISION PARTNERS
1
! COLLISION PARTNER
2 p-NH3 on p-H2: Danby et al 1988, MNRAS 235, 229                                 
! NUMBER OF COLLISIONAL TRANSITIONS
276
! NUMBER OF COLLISION TEMPERATURES
8
! COLLISION TEMPERATURES
 15.0    25.0    50.0    75.0   100.0   150.0   200.0   300.0
! TRANS + UP + LOW + RATE COEFFS(cm^3 s^-1)
    1    2    1  8.6E-11  8.3E-11  7.9E-11  7.9E-11  8.0E-11  8.3E-11  8.7E-11  9.5E-11
    2    3    1  3.0E-11  2.8E-11  2.7E-11  2.7E-11  2.8E-11  2.9E-11  3.1E-11  3.3E-11
    3    3    2  3.3E-12  2.5E-12  1.7E-12  1.3E-12  1.0E-12  6.8E-13  5.0E-13  3.3E-13
    4    4    1  3.3E-12  2.5E-12  1.7E-12  1.3E-12  1.0E-12  6.8E-13  5.0E-13  3.3E-13
    5    4    2  3.0E-11  2.8E-11  2.7E-11  2.7E-11  2.8E-11  2.9E-11  3.1E-11  3.3E-11
    6    4    3  1.1E-10  1.1E-10  1.0E-10  1.0E-10  1.1E-10  1.1E-10  1.2E-10  1.3E-10
    7    5    1  1.8E-11  1.9E-11  1.8E-11  1.7E-11  1.6E-11  1.4E-11  1.4E-11  1.3E-11
    8    5    2  3.8E-11  3.9E-11  4.0E-11  4.2E-11  4.3E-11  4.7E-11  5.1E-11  5.7E-11
    9    5    3  1.7E-11  1.8E-11  2.0E-11  2.1E-11  2.1E-11  2.3E-11  2.5E-11  2.7E-11
   10    5    4  3.0E-12  3.9E-12  4.6E-12  4.9E-12  5.3E-12  6.5E-12  7.9E-12  1.1E-11
   11    6    1  3.8E-11  3.9E-11  4.0E-11  4.2E-11  4.3E-11  4.7E-11  5.1E-11  5.7E-11
   12    6    2  1.8E-11  1.9E-11  1.8E-11  1.7E-11  1.6E-11  1.4E-11  1.4E-11  1.3E-11
   13    6    3  3.0E-12  3.9E-12  4.6E-12  4.9E-12  5.3E-12  6.5E-12  7.9E-12  1.1E-11
   14    6    4  1.7E-11  1.8E-11  2.0E-11  2.1E-11  2.1E-11  2.3E-11  2.5E-11  2.7E-11
   15    6    5  3.1E-11  3.1E-11  3.1E-11  3.1E-11  3.2E-11  3.4E-11  3.6E-11  3.9E-11
   16    7    1  7.9E-12  7.5E-12  7.1E-12  7.1E-12  7.2E-12  7.4E-12  7.7E-12  8.2E-12
   17    7    2  4.3E-12  4.0E-12  4.1E-12  4.5E-12  5.1E-12  6.5E-12  8.0E-12  1.1E-11
   18    7    3  1.8E-11  1.7E-11  1.6E-11  1.5E-11  1.5E-11  1.4E-11  1.4E-11  1.4E-11
   19    7    4  3.8E-11  3.7E-11  3.6E-11  3.7E-11  3.8E-11  4.2E-11  4.5E-11  5.2E-11
   20    7    5  2.0E-11  1.9E-11  1.8E-11  1.9E-11  1.9E-11  2.1E-11  2.2E-11  2.4E-11
   21    7    6  3.6E-12  2.4E-12  1.6E-12  1.3E-12  1.2E-12  1.1E-12  1.2E-12  1.5E-12
   22    8    1  4.3E-12  4.0E-12  4.1E-12  4.5E-12  5.1E-12  6.5E-12  8.0E-12  1.1E-11
   23    8    2  7.9E-12  7.5E-12  7.1E-12  7.1E-12  7.2E-12  7.4E-12  7.7E-12  8.2E-12
   24    8    3  3.8E-11  3.7E-11  3.6E-11  3.7E-11  3.8E-11  4.2E-11  4.5E-11  5.2E-11
   25    8    4  1.8E-11  1.7E-11  1.6E-11  1.5E-11  1.5E-11  1.4E-11  1.4E-11  1.4E-11
   26    8    5  3.6E-12  2.4E-12  1.6E-12  1.3E-12  1.2E-12  1.1E-12  1.2E-12  1.5E-12
   27    8    6  2.0E-11  1.9E-11  1.8E-11  1.9E-11  1.9E-11  2.1E-11  2.2E-11  2.4E-11
   28    8    7  6.3E-11  6.1E-11  5.9E-11  5.9E-11  5.9E-11  6.1E-11  6.3E-11  6.8E-11
   29    9    1  7.2E-12  6.3E-12  5.3E-12  5.0E-12  4.9E-12  4.8E-12  4.9E-12  5.3E-12
   30    9    2  7.9E-12  7.3E-12  6.6E-12  6.3E-12  6.2E-12  6.2E-12  6.2E-12  6.4E-12
   31    9    3  7.4E-12  7.5E-12  7.7E-12  7.9E-12  8.1E-12  8.6E-12  9.0E-12  9.8E-12
   32    9    4  3.2E-12  3.5E-12  4.1E-12  4.7E-12  5.3E-12  6.8E-12  8.4E-12  1.2E-11
   33    9    5  8.7E-12  8.0E-12  7.1E-12  6.6E-12  6.3E-12  6.0E-12  6.0E-12  6.4E-12
   34    9    6  4.5E-11  4.5E-11  4.6E-11  4.7E-11  5.0E-11  5.4E-11  5.9E-11  6.8E-11
   35    9    7  1.2E-11  1.3E-11  1.5E-11  1.6E-11  1.8E-11  2.0E-11  2.2E-11  2.5E-11
   36    9    8  1.0E-12  1.6E-12  2.4E-12  2.5E-12  2.5E-12  2.6E-12  2.8E-12  3.6E-12
   37   10    1  7.9E-12  7.3E-12  6.6E-12  6.3E-12  6.2E-12  6.2E-12  6.2E-12  6.4E-12
   38   10    2  7.2E-12  6.3E-12  5.3E-12  5.0E-12  4.9E-12  4.8E-12  4.9E-12  5.3E-12
   39   10    3  3.2E-12  3.5E-12  4.1E-12  4.7E-12  5.3E-12  6.8E-12  8.4E-12  1.2E-11
   40   10    4  7.4E-12  7.5E-12  7.7E-12  7.9E-12  8.1E-12  8.6E-12  9.0E-12  9.8E-12
   41   10    5  4.5E-11  4.5E-11  4.6E-11  4.7E-11  5.0E-11  5.4E-11  5.9E-11  6.8E-11
   42   10    6  8.7E-12  8.0E-12  7.1E-12  6.6E-12  6.3E-12  6.0E-12  6.0E-12  6.4E-12
   43   10    7  1.0E-12  1.6E-12  2.4E-12  2.5E-12  2.5E-12  2.6E-12  2.8E-12  3.6E-12
   44   10    8  1.2E-11  1.3E-11  1.5E-11  1.6E-11  1.8E-11  2.0E-11  2.2E-11  2.5E-11
   45   10    9  1.7E-11  1.7E-11  1.7E-11  1.7E-11  1.7E-11  1.8E-11  1.8E-11  2.0E-11
   46   11    1  1.9E-11  1.9E-11  1.9E-11  2.0E-11  2.0E-11  2.1E-11  2.2E-11  2.4E-11
   47   11    2  1.6E-12  1.5E-12  1.4E-12  1.5E-12  1.6E-12  1.9E-12  2.3E-12  3.1E-12
   48   11    3  1.6E-12  1.6E-12  1.7E-12  1.9E-12  2.1E-12  2.6E-12  3.1E-12  4.1E-12
   49   11    4  6.5E-14  6.2E-14  5.1E-14  4.1E-14  3.4E-14  2.8E-14  2.5E-14  2.7E-14
   50   11    5  1.9E-11  1.9E-11  1.9E-11  2.0E-11  2.0E-11  2.2E-11  2.3E-11  2.5E-11
   51   11    6  4.0E-12  3.8E-12  3.8E-12  4.1E-12  4.6E-12  5.7E-12  7.0E-12  9.8E-12
   52   11    7  8.6E-13  9.1E-13  1.0E-12  1.2E-12  1.3E-12  1.7E-12  2.2E-12  3.0E-12
   53   11    8  2.3E-13  2.7E-13  3.0E-13  3.2E-13  3.7E-13  5.4E-13  7.8E-13  1.4E-12
   54   11    9  8.7E-12  8.8E-12  9.4E-12  1.0E-11  1.1E-11  1.2E-11  1.4E-11  1.6E-11
   55   11   10  3.1E-12  3.1E-12  3.5E-12  4.0E-12  4.7E-12  6.4E-12  8.4E-12  1.3E-11
   56   12    1  1.6E-12  1.5E-12  1.4E-12  1.5E-12  1.6E-12  1.9E-12  2.3E-12  3.1E-12
   57   12    2  1.9E-11  1.9E-11  1.9E-11  2.0E-11  2.0E-11  2.1E-11  2.2E-11  2.4E-11
   58   12    3  6.5E-14  6.2E-14  5.1E-14  4.1E-14  3.4E-14  2.8E-14  2.5E-14  2.7E-14
   59   12    4  1.6E-12  1.6E-12  1.7E-12  1.9E-12  2.1E-12  2.6E-12  3.1E-12  4.1E-12
   60   12    5  4.0E-12  3.8E-12  3.8E-12  4.1E-12  4.6E-12  5.7E-12  7.0E-12  9.8E-12
   61   12    6  1.9E-11  1.9E-11  1.9E-11  2.0E-11  2.0E-11  2.2E-11  2.3E-11  2.5E-11
   62   12    7  2.3E-13  2.7E-13  3.0E-13  3.2E-13  3.7E-13  5.4E-13  7.8E-13  1.4E-12
   63   12    8  8.6E-13  9.1E-13  1.0E-12  1.2E-12  1.3E-12  1.7E-12  2.2E-12  3.0E-12
   64   12    9  3.1E-12  3.1E-12  3.5E-12  4.0E-12  4.7E-12  6.4E-12  8.4E-12  1.3E-11
   65   12   10  8.7E-12  8.8E-12  9.4E-12  1.0E-11  1.1E-11  1.2E-11  1.4E-11  1.6E-11
   66   12   11  1.3E-10  1.3E-10  1.3E-10  1.3E-10  1.3E-10  1.4E-10  1.6E-10  1.8E-10
   67   13    1  9.9E-13  9.5E-13  9.5E-13  9.8E-13  1.0E-12  1.2E-12  1.3E-12  1.6E-12
   68   13    2  2.1E-12  2.1E-12  2.2E-12  2.4E-12  2.7E-12  3.4E-12  4.1E-12  5.6E-12
   69   13    3  2.7E-12  2.4E-12  2.1E-12  2.0E-12  2.1E-12  2.4E-12  2.8E-12  3.5E-12
   70   13    4  7.2E-12  6.9E-12  6.5E-12  6.5E-12  6.6E-12  6.9E-12  7.1E-12  7.7E-12
   71   13    5  6.7E-12  6.4E-12  6.3E-12  6.4E-12  6.6E-12  7.0E-12  7.4E-12  8.0E-12
   72   13    6  3.1E-12  3.0E-12  3.2E-12  3.6E-12  4.1E-12  5.3E-12  6.6E-12  9.3E-12
   73   13    7  8.5E-12  7.7E-12  6.9E-12  6.6E-12  6.4E-12  6.2E-12  6.2E-12  6.4E-12
   74   13    8  3.7E-11  3.6E-11  3.7E-11  3.9E-11  4.2E-11  4.7E-11  5.2E-11  6.2E-11
   75   13    9  1.7E-11  1.6E-11  1.6E-11  1.6E-11  1.7E-11  1.9E-11  2.0E-11  2.3E-11
   76   13   10  6.5E-12  3.5E-12  1.7E-12  1.4E-12  1.2E-12  1.3E-12  1.5E-12  2.1E-12
   77   13   11  1.2E-12  8.6E-13  7.0E-13  7.4E-13  8.3E-13  1.1E-12  1.4E-12  2.0E-12
   78   13   12  4.1E-13  3.2E-13  3.2E-13  4.0E-13  5.0E-13  7.9E-13  1.2E-12  2.3E-12
   79   14    1  2.1E-12  2.1E-12  2.2E-12  2.4E-12  2.7E-12  3.4E-12  4.1E-12  5.6E-12
   80   14    2  9.9E-13  9.5E-13  9.5E-13  9.8E-13  1.0E-12  1.2E-12  1.3E-12  1.6E-12
   81   14    3  7.2E-12  6.9E-12  6.5E-12  6.5E-12  6.6E-12  6.9E-12  7.1E-12  7.7E-12
   82   14    4  2.7E-12  2.4E-12  2.1E-12  2.0E-12  2.1E-12  2.4E-12  2.8E-12  3.5E-12
   83   14    5  3.1E-12  3.0E-12  3.2E-12  3.6E-12  4.1E-12  5.3E-12  6.6E-12  9.3E-12
   84   14    6  6.7E-12  6.4E-12  6.3E-12  6.4E-12  6.6E-12  7.0E-12  7.4E-12  8.0E-12
   85   14    7  3.7E-11  3.6E-11  3.7E-11  3.9E-11  4.2E-11  4.7E-11  5.2E-11  6.2E-11
   86   14    8  8.5E-12  7.7E-12  6.9E-12  6.6E-12  6.4E-12  6.2E-12  6.2E-12  6.4E-12
   87   14    9  6.5E-12  3.5E-12  1.7E-12  1.4E-12  1.2E-12  1.3E-12  1.5E-12  2.1E-12
   88   14   10  1.7E-11  1.6E-11  1.6E-11  1.6E-11  1.7E-11  1.9E-11  2.0E-11  2.3E-11
   89   14   11  4.1E-13  3.2E-13  3.2E-13  4.0E-13  5.0E-13  7.9E-13  1.2E-12  2.3E-12
   90   14   12  1.2E-12  8.6E-13  7.0E-13  7.4E-13  8.3E-13  1.1E-12  1.4E-12  2.0E-12
   91   14   13  3.9E-11  3.8E-11  3.7E-11  3.7E-11  3.7E-11  4.0E-11  4.2E-11  4.7E-11
   92   15    1  2.5E-13  2.6E-13  2.8E-13  3.1E-13  3.5E-13  4.5E-13  5.7E-13  8.3E-13
   93   15    2  2.3E-12  2.3E-12  2.4E-12  2.5E-12  2.6E-12  2.8E-12  2.9E-12  3.2E-12
   94   15    3  1.6E-12  1.6E-12  1.7E-12  1.7E-12  1.8E-12  2.0E-12  2.2E-12  2.6E-12
   95   15    4  2.0E-12  2.1E-12  2.3E-12  2.5E-12  2.9E-12  3.7E-12  4.6E-12  6.4E-12
   96   15    5  2.2E-12  2.3E-12  2.6E-12  2.8E-12  3.0E-12  3.4E-12  3.9E-12  4.8E-12
   97   15    6  3.1E-12  3.2E-12  3.2E-12  3.3E-12  3.3E-12  3.5E-12  3.7E-12  4.2E-12
   98   15    7  8.5E-12  8.6E-12  8.8E-12  9.1E-12  9.4E-12  1.0E-11  1.1E-11  1.2E-11
   99   15    8  2.4E-12  2.5E-12  2.9E-12  3.4E-12  4.0E-12  5.3E-12  6.7E-12  9.8E-12
  100   15    9  2.5E-12  2.5E-12  2.5E-12  2.4E-12  2.4E-12  2.4E-12  2.5E-12  2.9E-12
  101   15   10  4.2E-11  4.4E-11  4.6E-11  4.9E-11  5.2E-11  5.8E-11  6.4E-11  7.6E-11
  102   15   11  5.0E-12  5.0E-12  5.0E-12  5.2E-12  5.4E-12  6.0E-12  6.5E-12  7.7E-12
  103   15   12  2.8E-12  3.0E-12  3.3E-12  3.7E-12  4.2E-12  5.6E-12  7.2E-12  1.1E-11
  104   15   13  1.0E-11  1.1E-11  1.3E-11  1.4E-11  1.6E-11  1.8E-11  2.1E-11  2.5E-11
  105   15   14  3.8E-13  4.3E-13  7.7E-13  9.8E-13  1.1E-12  1.3E-12  1.5E-12  2.0E-12
  106   16    1  2.3E-12  2.3E-12  2.4E-12  2.5E-12  2.6E-12  2.8E-12  2.9E-12  3.2E-12
  107   16    2  2.5E-13  2.6E-13  2.8E-13  3.1E-13  3.5E-13  4.5E-13  5.7E-13  8.3E-13
  108   16    3  2.0E-12  2.1E-12  2.3E-12  2.5E-12  2.9E-12  3.7E-12  4.6E-12  6.4E-12
  109   16    4  1.6E-12  1.6E-12  1.7E-12  1.7E-12  1.8E-12  2.0E-12  2.2E-12  2.6E-12
  110   16    5  3.1E-12  3.2E-12  3.2E-12  3.3E-12  3.3E-12  3.5E-12  3.7E-12  4.2E-12
  111   16    6  2.2E-12  2.3E-12  2.6E-12  2.8E-12  3.0E-12  3.4E-12  3.9E-12  4.8E-12
  112   16    7  2.4E-12  2.5E-12  2.9E-12  3.4E-12  4.0E-12  5.3E-12  6.7E-12  9.8E-12
  113   16    8  8.5E-12  8.6E-12  8.8E-12  9.1E-12  9.4E-12  1.0E-11  1.1E-11  1.2E-11
  114   16    9  4.2E-11  4.4E-11  4.6E-11  4.9E-11  5.2E-11  5.8E-11  6.4E-11  7.6E-11
  115   16   10  2.5E-12  2.5E-12  2.5E-12  2.4E-12  2.4E-12  2.4E-12  2.5E-12  2.9E-12
  116   16   11  2.8E-12  3.0E-12  3.3E-12  3.7E-12  4.2E-12  5.6E-12  7.2E-12  1.1E-11
  117   16   12  5.0E-12  5.0E-12  5.0E-12  5.2E-12  5.4E-12  6.0E-12  6.5E-12  7.7E-12
  118   16   13  3.8E-13  4.3E-13  7.7E-13  9.8E-13  1.1E-12  1.3E-12  1.5E-12  2.0E-12
  119   16   14  1.0E-11  1.1E-11  1.3E-11  1.4E-11  1.6E-11  1.8E-11  2.1E-11  2.5E-11
  120   16   15  1.1E-11  1.1E-11  1.1E-11  1.1E-11  1.1E-11  1.1E-11  1.2E-11  1.3E-11
  121   17    1  1.1E-12  1.1E-12  1.1E-12  1.2E-12  1.4E-12  1.7E-12  2.1E-12  3.0E-12
  122   17    2  4.4E-14  3.6E-14  2.9E-14  2.7E-14  2.8E-14  3.2E-14  3.9E-14  5.9E-14
  123   17    3  2.2E-11  2.2E-11  2.2E-11  2.3E-11  2.4E-11  2.7E-11  2.9E-11  3.4E-11
  124   17    4  2.9E-12  2.9E-12  2.9E-12  3.2E-12  3.5E-12  4.4E-12  5.3E-12  7.4E-12
  125   17    5  1.1E-12  1.1E-12  1.2E-12  1.3E-12  1.5E-12  1.9E-12  2.3E-12  3.2E-12
  126   17    6  2.1E-13  2.0E-13  2.2E-13  2.5E-13  2.9E-13  4.2E-13  5.8E-13  9.9E-13
  127   17    7  1.7E-11  1.7E-11  1.6E-11  1.7E-11  1.8E-11  1.9E-11  2.1E-11  2.4E-11
  128   17    8  6.2E-12  6.1E-12  6.2E-12  6.8E-12  7.5E-12  9.4E-12  1.1E-11  1.6E-11
  129   17    9  7.0E-13  7.1E-13  7.7E-13  8.8E-13  1.0E-12  1.3E-12  1.7E-12  2.4E-12
  130   17   10  2.8E-13  2.8E-13  3.2E-13  3.8E-13  4.7E-13  7.0E-13  1.0E-12  1.8E-12
  131   17   11  6.5E-14  6.8E-14  8.3E-14  1.1E-13  1.4E-13  2.2E-13  3.3E-13  6.3E-13
  132   17   12  4.1E-15  3.6E-15  3.5E-15  3.6E-15  3.8E-15  4.9E-15  7.0E-15  1.5E-14
  133   17   13  5.0E-12  5.1E-12  5.5E-12  6.0E-12  6.5E-12  7.6E-12  8.6E-12  1.0E-11
  134   17   14  2.7E-12  2.7E-12  3.1E-12  3.6E-12  4.2E-12  5.6E-12  7.3E-12  1.1E-11
  135   17   15  2.3E-13  2.4E-13  3.0E-13  3.6E-13  4.4E-13  6.2E-13  8.3E-13  1.3E-12
  136   17   16  1.4E-13  1.6E-13  2.2E-13  2.9E-13  3.7E-13  6.0E-13  9.2E-13  1.8E-12
  137   18    1  4.4E-14  3.6E-14  2.9E-14  2.7E-14  2.8E-14  3.2E-14  3.9E-14  5.9E-14
  138   18    2  1.1E-12  1.1E-12  1.1E-12  1.2E-12  1.4E-12  1.7E-12  2.1E-12  3.0E-12
  139   18    3  2.9E-12  2.9E-12  2.9E-12  3.2E-12  3.5E-12  4.4E-12  5.3E-12  7.4E-12
  140   18    4  2.2E-11  2.2E-11  2.2E-11  2.3E-11  2.4E-11  2.7E-11  2.9E-11  3.4E-11
  141   18    5  2.1E-13  2.0E-13  2.2E-13  2.5E-13  2.9E-13  4.2E-13  5.8E-13  9.9E-13
  142   18    6  1.1E-12  1.1E-12  1.2E-12  1.3E-12  1.5E-12  1.9E-12  2.3E-12  3.2E-12
  143   18    7  6.2E-12  6.1E-12  6.2E-12  6.8E-12  7.5E-12  9.4E-12  1.1E-11  1.6E-11
  144   18    8  1.7E-11  1.7E-11  1.6E-11  1.7E-11  1.8E-11  1.9E-11  2.1E-11  2.4E-11
  145   18    9  2.8E-13  2.8E-13  3.2E-13  3.8E-13  4.7E-13  7.0E-13  1.0E-12  1.8E-12
  146   18   10  7.0E-13  7.1E-13  7.7E-13  8.8E-13  1.0E-12  1.3E-12  1.7E-12  2.4E-12
  147   18   11  4.1E-15  3.6E-15  3.5E-15  3.6E-15  3.8E-15  4.9E-15  7.0E-15  1.5E-14
  148   18   12  6.5E-14  6.8E-14  8.3E-14  1.1E-13  1.4E-13  2.2E-13  3.3E-13  6.3E-13
  149   18   13  2.7E-12  2.7E-12  3.1E-12  3.6E-12  4.2E-12  5.6E-12  7.3E-12  1.1E-11
  150   18   14  5.0E-12  5.1E-12  5.5E-12  6.0E-12  6.5E-12  7.6E-12  8.6E-12  1.0E-11
  151   18   15  1.4E-13  1.6E-13  2.2E-13  2.9E-13  3.7E-13  6.0E-13  9.2E-13  1.8E-12
  152   18   16  2.3E-13  2.4E-13  3.0E-13  3.6E-13  4.4E-13  6.2E-13  8.3E-13  1.3E-12
  153   18   17  1.4E-10  1.4E-10  1.4E-10  1.4E-10  1.5E-10  1.6E-10  1.7E-10  1.9E-10
  154   19    1  1.5E-13  1.4E-13  1.2E-13  1.3E-13  1.4E-13  1.8E-13  2.3E-13  3.7E-13
  155   19    2  4.2E-12  4.2E-12  4.4E-12  4.8E-12  5.4E-12  6.8E-12  8.3E-12  1.1E-11
  156   19    3  4.7E-13  4.8E-13  5.2E-13  5.8E-13  6.6E-13  8.4E-13  1.1E-12  1.5E-12
  157   19    4  3.4E-13  3.5E-13  4.0E-13  4.8E-13  5.8E-13  8.7E-13  1.3E-12  2.2E-12
  158   19    5  8.1E-12  8.3E-12  8.5E-12  9.0E-12  9.6E-12  1.1E-11  1.2E-11  1.5E-11
  159   19    6  1.2E-12  1.2E-12  1.2E-12  1.3E-12  1.5E-12  1.9E-12  2.4E-12  3.5E-12
  160   19    7  8.4E-13  8.8E-13  9.7E-13  1.1E-12  1.3E-12  1.7E-12  2.2E-12  3.4E-12
  161   19    8  8.7E-14  1.1E-13  1.3E-13  1.3E-13  1.4E-13  1.7E-13  2.2E-13  3.8E-13
  162   19    9  1.7E-11  1.7E-11  1.7E-11  1.8E-11  1.9E-11  2.1E-11  2.3E-11  2.7E-11
  163   19   10  1.9E-12  1.8E-12  1.7E-12  1.7E-12  1.7E-12  1.9E-12  2.1E-12  2.7E-12
  164   19   11  6.3E-12  6.3E-12  6.0E-12  5.9E-12  6.0E-12  6.4E-12  6.9E-12  8.3E-12
  165   19   12  3.0E-11  3.0E-11  3.0E-11  3.1E-11  3.2E-11  3.6E-11  3.9E-11  4.6E-11
  166   19   13  6.8E-13  8.5E-13  1.0E-12  1.1E-12  1.3E-12  1.6E-12  2.1E-12  3.3E-12
  167   19   14  1.5E-13  2.4E-13  2.8E-13  2.6E-13  2.4E-13  2.4E-13  2.7E-13  4.3E-13
  168   19   15  1.3E-11  1.3E-11  1.3E-11  1.3E-11  1.4E-11  1.6E-11  1.8E-11  2.1E-11
  169   19   16  3.7E-12  4.2E-12  4.5E-12  4.7E-12  4.9E-12  5.6E-12  6.6E-12  8.9E-12
  170   19   17  2.8E-14  3.4E-14  4.2E-14  5.4E-14  7.0E-14  1.2E-13  1.9E-13  4.1E-13
  171   19   18  9.7E-15  1.4E-14  1.7E-14  2.1E-14  2.8E-14  5.4E-14  1.0E-13  2.8E-13
  172   20    1  4.2E-12  4.2E-12  4.4E-12  4.8E-12  5.4E-12  6.8E-12  8.3E-12  1.1E-11
  173   20    2  1.5E-13  1.4E-13  1.2E-13  1.3E-13  1.4E-13  1.8E-13  2.3E-13  3.7E-13
  174   20    3  3.4E-13  3.5E-13  4.0E-13  4.8E-13  5.8E-13  8.7E-13  1.3E-12  2.2E-12
  175   20    4  4.7E-13  4.8E-13  5.2E-13  5.8E-13  6.6E-13  8.4E-13  1.1E-12  1.5E-12
  176   20    5  1.2E-12  1.2E-12  1.2E-12  1.3E-12  1.5E-12  1.9E-12  2.4E-12  3.5E-12
  177   20    6  8.1E-12  8.3E-12  8.5E-12  9.0E-12  9.6E-12  1.1E-11  1.2E-11  1.5E-11
  178   20    7  8.7E-14  1.1E-13  1.3E-13  1.3E-13  1.4E-13  1.7E-13  2.2E-13  3.8E-13
  179   20    8  8.4E-13  8.8E-13  9.7E-13  1.1E-12  1.3E-12  1.7E-12  2.2E-12  3.4E-12
  180   20    9  1.9E-12  1.8E-12  1.7E-12  1.7E-12  1.7E-12  1.9E-12  2.1E-12  2.7E-12
  181   20   10  1.7E-11  1.7E-11  1.7E-11  1.8E-11  1.9E-11  2.1E-11  2.3E-11  2.7E-11
  182   20   11  3.0E-11  3.0E-11  3.0E-11  3.1E-11  3.2E-11  3.6E-11  3.9E-11  4.6E-11
  183   20   12  6.3E-12  6.3E-12  6.0E-12  5.9E-12  6.0E-12  6.4E-12  6.9E-12  8.3E-12
  184   20   13  1.5E-13  2.4E-13  2.8E-13  2.6E-13  2.4E-13  2.4E-13  2.7E-13  4.3E-13
  185   20   14  6.8E-13  8.5E-13  1.0E-12  1.1E-12  1.3E-12  1.6E-12  2.1E-12  3.3E-12
  186   20   15  3.7E-12  4.2E-12  4.5E-12  4.7E-12  4.9E-12  5.6E-12  6.6E-12  8.9E-12
  187   20   16  1.3E-11  1.3E-11  1.3E-11  1.3E-11  1.4E-11  1.6E-11  1.8E-11  2.1E-11
  188   20   17  9.7E-15  1.4E-14  1.7E-14  2.1E-14  2.8E-14  5.4E-14  1.0E-13  2.8E-13
  189   20   18  2.8E-14  3.4E-14  4.2E-14  5.4E-14  7.0E-14  1.2E-13  1.9E-13  4.1E-13
  190   20   19  1.0E-10  9.8E-11  9.4E-11  9.3E-11  9.5E-11  1.0E-10  1.1E-10  1.2E-10
  191   21    1  1.1E-13  1.1E-13  1.2E-13  1.4E-13  1.6E-13  2.2E-13  2.9E-13  4.7E-13
  192   21    2  3.3E-13  3.4E-13  3.7E-13  4.3E-13  4.9E-13  6.4E-13  8.1E-13  1.2E-12
  193   21    3  4.2E-13  4.2E-13  4.6E-13  5.1E-13  5.8E-13  7.3E-13  9.0E-13  1.3E-12
  194   21    4  1.0E-12  1.0E-12  1.1E-12  1.3E-12  1.4E-12  1.7E-12  2.1E-12  2.8E-12
  195   21    5  6.5E-13  6.6E-13  7.0E-13  7.7E-13  8.6E-13  1.1E-12  1.3E-12  1.7E-12
  196   21    6  1.9E-12  1.9E-12  2.1E-12  2.4E-12  2.8E-12  3.6E-12  4.6E-12  6.6E-12
  197   21    7  4.8E-13  4.6E-13  4.9E-13  5.6E-13  6.5E-13  8.6E-13  1.1E-12  1.6E-12
  198   21    8  4.8E-12  4.8E-12  5.0E-12  5.2E-12  5.6E-12  6.2E-12  6.8E-12  7.9E-12
  199   21    9  4.9E-12  4.9E-12  5.2E-12  5.6E-12  6.0E-12  7.0E-12  8.0E-12  9.7E-12
  200   21   10  2.8E-12  2.8E-12  3.1E-12  3.5E-12  4.0E-12  5.3E-12  6.7E-12  9.7E-12
  201   21   11  2.9E-13  2.8E-13  2.9E-13  3.3E-13  3.9E-13  5.4E-13  7.3E-13  1.2E-12
  202   21   12  2.9E-13  2.8E-13  3.0E-13  3.5E-13  4.4E-13  6.8E-13  1.0E-12  2.0E-12
  203   21   13  2.5E-12  2.4E-12  2.3E-12  2.3E-12  2.3E-12  2.5E-12  2.7E-12  3.2E-12
  204   21   14  3.6E-11  3.6E-11  3.8E-11  4.0E-11  4.4E-11  5.0E-11  5.6E-11  6.8E-11
  205   21   15  1.5E-11  1.5E-11  1.5E-11  1.6E-11  1.7E-11  1.9E-11  2.2E-11  2.7E-11
  206   21   16  4.4E-12  3.7E-12  2.5E-12  2.1E-12  2.0E-12  2.2E-12  2.6E-12  3.7E-12
  207   21   17  2.5E-12  2.4E-12  2.5E-12  2.7E-12  3.0E-12  3.5E-12  4.0E-12  5.1E-12
  208   21   18  1.9E-12  1.9E-12  2.1E-12  2.4E-12  2.7E-12  3.6E-12  4.6E-12  6.8E-12
  209   21   19  1.4E-12  1.2E-12  9.4E-13  9.0E-13  9.6E-13  1.2E-12  1.7E-12  2.7E-12
  210   21   20  3.5E-13  3.1E-13  2.5E-13  2.5E-13  2.8E-13  4.2E-13  6.3E-13  1.3E-12
  211   22    1  3.3E-13  3.4E-13  3.7E-13  4.3E-13  4.9E-13  6.4E-13  8.1E-13  1.2E-12
  212   22    2  1.1E-13  1.1E-13  1.2E-13  1.4E-13  1.6E-13  2.2E-13  2.9E-13  4.7E-13
  213   22    3  1.0E-12  1.0E-12  1.1E-12  1.3E-12  1.4E-12  1.7E-12  2.1E-12  2.8E-12
  214   22    4  4.2E-13  4.2E-13  4.6E-13  5.1E-13  5.8E-13  7.3E-13  9.0E-13  1.3E-12
  215   22    5  1.9E-12  1.9E-12  2.1E-12  2.4E-12  2.8E-12  3.6E-12  4.6E-12  6.6E-12
  216   22    6  6.5E-13  6.6E-13  7.0E-13  7.7E-13  8.6E-13  1.1E-12  1.3E-12  1.7E-12
  217   22    7  4.8E-12  4.8E-12  5.0E-12  5.2E-12  5.6E-12  6.2E-12  6.8E-12  7.9E-12
  218   22    8  4.8E-13  4.6E-13  4.9E-13  5.6E-13  6.5E-13  8.6E-13  1.1E-12  1.6E-12
  219   22    9  2.8E-12  2.8E-12  3.1E-12  3.5E-12  4.0E-12  5.3E-12  6.7E-12  9.7E-12
  220   22   10  4.9E-12  4.9E-12  5.2E-12  5.6E-12  6.0E-12  7.0E-12  8.0E-12  9.7E-12
  221   22   11  2.9E-13  2.8E-13  3.0E-13  3.5E-13  4.4E-13  6.8E-13  1.0E-12  2.0E-12
  222   22   12  2.9E-13  2.8E-13  2.9E-13  3.3E-13  3.9E-13  5.4E-13  7.3E-13  1.2E-12
  223   22   13  3.6E-11  3.6E-11  3.8E-11  4.0E-11  4.4E-11  5.0E-11  5.6E-11  6.8E-11
  224   22   14  2.5E-12  2.4E-12  2.3E-12  2.3E-12  2.3E-12  2.5E-12  2.7E-12  3.2E-12
  225   22   15  4.4E-12  3.7E-12  2.5E-12  2.1E-12  2.0E-12  2.2E-12  2.6E-12  3.7E-12
  226   22   16  1.5E-11  1.5E-11  1.5E-11  1.6E-11  1.7E-11  1.9E-11  2.2E-11  2.7E-11
  227   22   17  1.9E-12  1.9E-12  2.1E-12  2.4E-12  2.7E-12  3.6E-12  4.6E-12  6.8E-12
  228   22   18  2.5E-12  2.4E-12  2.5E-12  2.7E-12  3.0E-12  3.5E-12  4.0E-12  5.1E-12
  229   22   19  3.5E-13  3.1E-13  2.5E-13  2.5E-13  2.8E-13  4.2E-13  6.3E-13  1.3E-12
  230   22   20  1.4E-12  1.2E-12  9.4E-13  9.0E-13  9.6E-13  1.2E-12  1.7E-12  2.7E-12
  231   22   21  2.9E-11  2.9E-11  2.9E-11  3.0E-11  3.1E-11  3.4E-11  3.7E-11  4.4E-11
  232   23    1  1.4E-13  1.4E-13  1.5E-13  1.8E-13  2.1E-13  2.7E-13  3.4E-13  4.9E-13
  233   23    2  7.0E-14  7.0E-14  7.5E-14  9.0E-14  1.1E-13  1.8E-13  2.7E-13  5.3E-13
  234   23    3  2.4E-13  2.4E-13  2.5E-13  2.8E-13  3.2E-13  4.1E-13  5.2E-13  8.0E-13
  235   23    4  5.8E-13  5.8E-13  6.2E-13  7.1E-13  8.3E-13  1.1E-12  1.4E-12  2.1E-12
  236   23    5  2.6E-13  2.5E-13  2.6E-13  2.8E-13  3.2E-13  4.0E-13  4.9E-13  6.8E-13
  237   23    6  2.2E-12  2.2E-12  2.3E-12  2.5E-12  2.7E-12  3.2E-12  3.7E-12  4.6E-12
  238   23    7  1.9E-12  1.9E-12  1.9E-12  2.0E-12  2.2E-12  2.6E-12  3.0E-12  3.9E-12
  239   23    8  2.6E-12  2.6E-12  2.7E-12  3.1E-12  3.5E-12  4.5E-12  5.7E-12  8.3E-12
  240   23    9  3.4E-13  3.6E-13  3.9E-13  4.6E-13  5.4E-13  7.4E-13  9.7E-13  1.5E-12
  241   23   10  1.9E-12  1.9E-12  1.9E-12  1.9E-12  2.0E-12  2.2E-12  2.4E-12  2.9E-12
  242   23   11  1.3E-12  1.3E-12  1.3E-12  1.4E-12  1.5E-12  1.8E-12  2.1E-12  2.8E-12
  243   23   12  1.7E-12  1.6E-12  1.7E-12  1.9E-12  2.1E-12  2.7E-12  3.4E-12  4.9E-12
  244   23   13  1.1E-11  1.0E-11  1.0E-11  1.1E-11  1.1E-11  1.3E-11  1.4E-11  1.8E-11
  245   23   14  2.7E-12  2.6E-12  2.8E-12  3.1E-12  3.6E-12  4.9E-12  6.3E-12  9.5E-12
  246   23   15  1.1E-12  9.8E-13  8.7E-13  8.6E-13  8.9E-13  1.0E-12  1.2E-12  1.6E-12
  247   23   16  5.1E-11  5.0E-11  4.9E-11  5.1E-11  5.4E-11  6.1E-11  6.8E-11  8.1E-11
  248   23   17  1.9E-13  1.9E-13  2.1E-13  2.5E-13  3.1E-13  4.6E-13  6.4E-13  1.1E-12
  249   23   18  1.8E-13  1.9E-13  2.1E-13  2.7E-13  3.5E-13  5.6E-13  8.5E-13  1.7E-12
  250   23   19  7.7E-12  7.4E-12  7.3E-12  7.7E-12  8.3E-12  9.6E-12  1.1E-11  1.4E-11
  251   23   20  3.0E-12  3.0E-12  3.1E-12  3.5E-12  4.1E-12  5.4E-12  7.0E-12  1.1E-11
  252   23   21  1.1E-11  1.1E-11  1.2E-11  1.4E-11  1.6E-11  2.0E-11  2.4E-11  3.2E-11
  253   23   22  3.2E-13  2.8E-13  2.8E-13  3.2E-13  3.9E-13  5.6E-13  7.8E-13  1.3E-12
  254   24    1  7.0E-14  7.0E-14  7.5E-14  9.0E-14  1.1E-13  1.8E-13  2.7E-13  5.3E-13
  255   24    2  1.4E-13  1.4E-13  1.5E-13  1.8E-13  2.1E-13  2.7E-13  3.4E-13  4.9E-13
  256   24    3  5.8E-13  5.8E-13  6.2E-13  7.1E-13  8.3E-13  1.1E-12  1.4E-12  2.1E-12
  257   24    4  2.4E-13  2.4E-13  2.5E-13  2.8E-13  3.2E-13  4.1E-13  5.2E-13  8.0E-13
  258   24    5  2.2E-12  2.2E-12  2.3E-12  2.5E-12  2.7E-12  3.2E-12  3.7E-12  4.6E-12
  259   24    6  2.6E-13  2.5E-13  2.6E-13  2.8E-13  3.2E-13  4.0E-13  4.9E-13  6.8E-13
  260   24    7  2.6E-12  2.6E-12  2.7E-12  3.1E-12  3.5E-12  4.5E-12  5.7E-12  8.3E-12
  261   24    8  1.9E-12  1.9E-12  1.9E-12  2.0E-12  2.2E-12  2.6E-12  3.0E-12  3.9E-12
  262   24    9  1.9E-12  1.9E-12  1.9E-12  1.9E-12  2.0E-12  2.2E-12  2.4E-12  2.9E-12
  263   24   10  3.4E-13  3.6E-13  3.9E-13  4.6E-13  5.4E-13  7.4E-13  9.7E-13  1.5E-12
  264   24   11  1.7E-12  1.6E-12  1.7E-12  1.9E-12  2.1E-12  2.7E-12  3.4E-12  4.9E-12
  265   24   12  1.3E-12  1.3E-12  1.3E-12  1.4E-12  1.5E-12  1.8E-12  2.1E-12  2.8E-12
  266   24   13  2.7E-12  2.6E-12  2.8E-12  3.1E-12  3.6E-12  4.9E-12  6.3E-12  9.5E-12
  267   24   14  1.1E-11  1.0E-11  1.0E-11  1.1E-11  1.1E-11  1.3E-11  1.4E-11  1.8E-11
  268   24   15  5.1E-11  5.0E-11  4.9E-11  5.1E-11  5.4E-11  6.1E-11  6.8E-11  8.1E-11
  269   24   16  1.1E-12  9.8E-13  8.7E-13  8.6E-13  8.9E-13  1.0E-12  1.2E-12  1.6E-12
  270   24   17  1.8E-13  1.9E-13  2.1E-13  2.7E-13  3.5E-13  5.6E-13  8.5E-13  1.7E-12
  271   24   18  1.9E-13  1.9E-13  2.1E-13  2.5E-13  3.1E-13  4.6E-13  6.4E-13  1.1E-12
  272   24   19  3.0E-12  3.0E-12  3.1E-12  3.5E-12  4.1E-12  5.4E-12  7.0E-12  1.1E-11
  273   24   20  7.7E-12  7.4E-12  7.3E-12  7.7E-12  8.3E-12  9.6E-12  1.1E-11  1.4E-11
  274   24   21  3.2E-13  2.8E-13  2.8E-13  3.2E-13  3.9E-13  5.6E-13  7.8E-13  1.3E-12
  275   24   22  1.1E-11  1.1E-11  1.2E-11  1.4E-11  1.6E-11  2.0E-11  2.4E-11  3.2E-11
  276   24   23  8.4E-12  8.4E-12  8.2E-12  8.4E-12  8.7E-12  9.7E-12  1.1E-11  1.3E-11
! Revised and corrected, 2007-08-09 by JHB. Errors in the assignment
! of collision rates have been fixed, with rates adapted from the 
! BASECOL database, which in turn derives from Danby et al. (1988, 
! MNRAS, 235, 229). Transition frequencies are now taken directly
! from the JPL database.  Note that the zero of energy for para-NH3
! refers to E=0.0 for the ground state in ortho-NH3.

